$SPEC_ID:
Run 608, Background
$SPEC_REM:
DET# 1
DETDESC# Electrostatic MCA
AP# Maestro Version 6.08
$DATE_MEA:
09/24/2020 16:21:39
$MEAS_TIM:
353763 511238
$DATA:
0 2047
       0
       0
       0
       0
       0
       0
       0
       0
       0
       0
       0
       0
       0
       0
       0
       0
       0
       0
       0
       0
       0
       0
       0
       0
       0
       0
       0
       0
       0
       0
       0
       0
       0
       0
       0
       0
       0
       0
       0
       0
       0
       0
       0
       0
       0
       0
       0
       0
       0
       0
       0
       0
       0
       0
       0
       0
       0
       0
       0
       0
       0
       0
       0
       0
       0
       0
       0
       0
       1
  444383
230414619
299895781
292536460
285194421
277846209
270517595
263204544
255894809
248571019
241374190
234186522
227071603
220038263
213076235
206201917
199410877
192716892
186117077
179660023
173282070
167045106
160929040
154942675
149080244
143384082
137734744
132303751
127002254
121810746
116784206
111861525
107135337
102501051
98050618
93689520
89514342
85446207
81514788
77759093
74081304
70578519
67181255
63917514
60774168
57752283
54853599
52071655
49406412
46848819
44403853
42069502
39829383
37686483
35643338
33686921
31824210
30060509
28372058
26773867
25241206
23790712
22419712
21097924
19856883
18689889
17575887
16507662
15514827
14565479
13668790
12823884
12036750
11271555
10566345
 9895884
 9266468
 8668048
 8113873
 7587552
 7096763
 6629185
 6194950
 5782586
 5397941
 5037685
 4699487
 4380976
 4085488
 3806236
 3544146
 3300378
 3069663
 2858580
 2661043
 2475988
 2302370
 2136132
 1988606
 1844856
 1715120
 1592172
 1477023
 1371152
 1273641
 1181467
 1093531
 1015329
  941167
  873143
  807780
  749467
  693792
  642255
  594979
  551161
  510940
  472527
  437144
  405808
  373710
  346753
  320827
  295849
  274824
  254136
  235635
  218415
  201922
  186584
  172817
  160486
  149315
  137026
  127659
  118754
  109034
  101938
   94744
   88152
   81973
   75824
   70479
   65937
   60806
   57555
   53105
   49859
   46806
   43484
   40677
   38177
   35601
   33584
   31263
   29638
   27833
   25911
   24698
   23452
   22013
   20712
   19553
   18402
   17784
   16672
   15727
   14969
   14203
   13413
   12945
   12346
   11578
   11096
   10490
   10348
    9741
    9190
    8891
    8548
    7943
    7619
    7353
    7059
    6718
    6365
    6242
    5924
    5649
    5403
    5123
    4942
    4668
    4505
    4324
    4149
    3947
    3819
    3689
    3479
    3402
    3036
    2943
    2912
    2795
    2615
    2660
    2484
    2252
    2180
    2099
    2047
    1905
    1792
    1737
    1662
    1635
    1492
    1415
    1369
    1349
    1281
    1111
    1097
    1044
     992
     950
     893
     868
     840
     790
     714
     658
     673
     627
     579
     503
     516
     504
     487
     401
     416
     393
     345
     350
     326
     341
     278
     282
     263
     256
     251
     217
     198
     194
     147
     187
     133
     142
     162
     148
     122
     111
     102
     106
      83
      89
      79
      81
      69
      80
      62
      64
      55
      41
      60
      38
      38
      43
      40
      42
      36
      36
      38
      37
      28
      19
      14
      24
      21
      15
      14
      18
      16
      21
      20
       9
      10
       8
      10
       9
      10
      10
       9
       9
      10
       7
       7
       7
       4
       5
       5
       5
      12
       0
       3
       3
       6
       6
       3
       2
       2
       5
       3
       6
       5
       2
       3
       1
       1
       1
       1
       0
       1
       0
       5
       4
       3
       2
       2
       1
       0
       3
       2
       4
       0
       4
       1
       1
       2
       2
       1
       1
       3
       0
       4
       0
       0
       0
       1
       3
       1
       0
       2
       0
       2
       4
       0
       0
       1
       0
       1
       1
       2
       2
       0
       3
       1
       0
       2
       0
       0
       0
       1
       0
       0
       0
       1
       1
       0
       1
       0
       1
       3
       0
       1
       2
       0
       1
       0
       1
       0
       0
       1
       0
       0
       2
       0
       1
       0
       0
       1
       0
       0
       0
       0
       0
       1
       0
       0
       0
       0
       0
       2
       1
       0
       1
       0
       2
       0
       1
       0
       0
       0
       1
       0
       1
       0
       1
       0
       0
       1
       0
       0
       1
       0
       0
       1
       0
       0
       0
       1
       0
       0
       0
       0
       1
       0
       0
       1
       1
       0
       0
       0
       1
       0
       0
       0
       2
       0
       0
       0
       0
       2
       0
       0
       0
       1
       0
       1
       0
       0
       0
       0
       0
       0
       1
       0
       0
       0
       0
       0
       0
       1
       0
       0
       1
       0
       1
       0
       0
       0
       0
       0
       0
       0
       0
       0
       0
       0
       1
       0
       0
       0
       2
       0
       0
       0
       0
       0
       0
       0
       0
       0
       0
       1
       0
       1
       0
       1
       0
       1
       0
       0
       0
       0
       0
       0
       0
       0
       0
       0
       0
       0
       0
       0
       1
       0
       0
       0
       1
       0
       0
       0
       0
       1
       0
       0
       1
       0
       2
       0
       0
       0
       0
       0
       0
       1
       0
       0
       1
       0
       0
       0
       0
       1
       0
       2
       0
       1
       0
       0
       0
       0
       0
       0
       0
       0
       0
       0
       0
       0
       0
       0
       0
       0
       0
       0
       0
       0
       0
       0
       0
       0
       0
       0
       0
       1
       0
       0
       1
       0
       0
       0
       0
       0
       0
       1
       0
       0
       0
       0
       1
       0
       1
       0
       0
       0
       0
       0
       0
       0
       0
       0
       0
       0
       0
       1
       0
       2
       0
       1
       1
       0
       0
       0
       1
       1
       0
       0
       0
       2
       0
       0
       0
       0
       0
       0
       0
       0
       0
       0
       0
       0
       0
       0
       0
       0
       0
       0
       0
       0
       0
       1
       0
       0
       0
       0
       1
       0
       1
       0
       1
       1
       0
       0
       0
       0
       0
       0
       0
       0
       0
       1
       1
       0
       0
       0
       0
       0
       1
       0
       0
       0
       1
       1
       0
       0
       0
       0
       0
       0
       0
       0
       1
       0
       0
       0
       0
       1
       0
       0
       0
       0
       0
       0
       0
       0
       0
       0
       0
       2
       1
       0
       1
       1
       0
       1
       1
       0
       1
       0
       0
       0
       0
       1
       1
       0
       0
       0
       1
       0
       0
       0
       0
       0
       0
       0
       0
       1
       1
       0
       0
       1
       0
       0
       1
       0
       0
       2
       0
       0
       1
       0
       0
       0
       0
       1
       0
       1
       0
       0
       1
       1
       0
       0
       1
       0
       1
       1
       0
       0
       0
       0
       1
       2
       0
       0
       0
       2
       1
       0
       1
       1
       2
       1
       0
       0
       1
       0
       1
       1
       0
       3
       2
       0
       3
       1
       0
       0
       1
       3
       0
       2
       1
       3
       3
       4
       1
       2
       1
       0
       1
       4
       3
       1
       3
       1
       0
       3
       2
       2
       2
       0
       5
       2
       2
       3
       3
       2
       2
       3
       1
       5
       3
       2
       4
       5
       1
       1
       5
       2
       8
       1
       2
       2
       5
       3
       5
       3
       4
       3
       2
       5
       5
       4
       4
       3
       1
       6
       4
       0
       6
       5
       7
       5
       2
       5
       4
       8
       1
       4
       7
       5
       2
       4
       4
       8
       4
       6
       0
       3
       7
       2
       3
       3
       5
       5
       4
       3
       4
       4
       4
       5
       2
       3
       3
       1
       4
       3
       4
       2
       7
       4
       0
       7
       3
       1
       6
       4
       1
       2
       0
       5
       3
       2
       3
       5
       4
       4
       5
       4
       3
       2
       4
       2
       1
       2
       4
       0
       2
       1
       3
       3
       0
       3
       1
       2
       0
       1
       2
       2
       0
       2
       3
       1
       1
       2
       1
       0
       3
       1
       2
       1
       1
       0
       1
       0
       1
       0
       1
       2
       1
       0
       1
       0
       0
       2
       2
       0
       1
       1
       0
       0
       1
       0
       1
       0
       1
       0
       0
       0
       1
       0
       0
       1
       0
       1
       0
       0
       0
       0
       0
       0
       1
       0
       0
       0
       1
       0
       0
       0
       0
       0
       0
       1
       0
       0
       1
       0
       0
       0
       0
       0
       0
       0
       0
       0
       1
       0
       0
       0
       0
       0
       0
       0
       0
       0
       0
       0
       1
       0
       0
       0
       0
       0
       0
       0
       0
       0
       0
       0
       0
       0
       0
       0
       0
       0
       0
       1
       0
       0
       0
       0
       1
       0
       0
       0
       0
       0
       0
       0
       0
       0
       0
       0
       0
       0
       0
       0
       0
       0
       0
       0
       0
       0
       0
       0
       1
       0
       0
       0
       0
       0
       0
       0
       0
       0
       0
       0
       0
       0
       0
       0
       0
       0
       0
       0
       0
       0
       0
       0
       0
       0
       0
       1
       0
       0
       0
       0
       0
       0
       0
       0
       0
       0
       0
       0
       0
       0
       0
       0
       0
       0
       0
       0
       0
       0
       0
       0
       0
       0
       0
       0
       0
       0
       0
       0
       0
       0
       0
       0
       0
       0
       0
       0
       0
       0
       0
       0
       0
       0
       0
       0
       0
       0
       0
       0
       0
       0
       0
       0
       0
       0
       0
       0
       0
       0
       0
       0
       0
       0
       0
       0
       0
       0
       0
       0
       0
       0
       0
       0
       1
       0
       0
       0
       0
       0
       1
       0
       0
       0
       1
       0
       0
       0
       0
       0
       0
       0
       0
       0
       1
       0
       0
       0
       0
       0
       0
       0
       0
       0
       0
       0
       0
       0
       0
       0
       0
       0
       0
       0
       0
       0
       0
       0
       0
       0
       0
       0
       0
       1
       0
       0
       0
       0
       0
       0
       0
       0
       0
       0
       0
       0
       0
       0
       0
       0
       0
       0
       0
       0
       0
       0
       0
       0
       0
       0
       0
       1
       0
       0
       0
       0
       0
       0
       0
       1
       0
       0
       0
       0
       0
       0
       0
       0
       0
       0
       0
       0
       0
       0
       0
       1
       0
       0
       1
       1
       0
       0
       0
       0
       0
       1
       0
       0
       0
       0
       0
       0
       0
       0
       0
       0
       0
       0
       0
       0
       0
       0
       1
       0
       0
       0
       0
       0
       0
       0
       0
       0
       0
       0
       0
       0
       0
       1
       0
       0
       0
       0
       0
       0
       0
       0
       0
       0
       0
       0
       0
       0
       0
       0
       0
       1
       0
       0
       0
       0
       1
       0
       0
       0
       0
       1
       0
       0
       0
       0
       0
       0
       1
       0
       0
       0
       0
       0
       0
       1
       0
       0
       0
       0
       0
       0
       0
       0
       0
       0
       0
       0
       0
       0
       0
       0
       0
       0
       0
       0
       0
       0
       0
       0
       0
       0
       0
       0
       0
       0
       0
       0
       0
       0
       0
       0
       0
       0
       0
       0
       0
       0
       0
       0
       0
       0
       0
       0
       0
       0
       0
       0
       0
       0
       0
       0
       0
       0
       0
       0
       0
       0
       0
       0
       0
       0
       0
       0
       0
       0
       0
       0
       0
       0
       0
       0
       0
       0
       0
       0
       0
       0
       0
       1
       0
       0
       0
       0
       0
       0
       0
       0
       0
       0
       0
       0
       0
       0
       0
       0
       0
       0
       0
       0
       0
       0
       0
       0
       0
       0
       0
       0
       0
       0
       0
       0
       0
       0
       0
       0
       0
       0
       0
       0
       1
       0
       0
       0
       0
       0
       0
       0
       0
       0
       0
       0
       0
       0
       0
       0
       0
       0
       0
       0
       0
       0
       0
       0
       0
       0
       0
       0
       0
       0
       0
       0
       0
       0
       0
       0
       0
       0
       0
       0
       0
       0
       0
       0
       0
       0
       0
       0
       0
       0
       0
       0
       0
       0
       0
       0
       0
       0
       0
       0
       0
       0
       0
       0
       0
       0
       0
       0
       0
       0
       0
       0
       0
       0
       0
       0
       0
       0
       0
       0
       0
       0
       0
       0
       0
       0
       0
       0
       1
       0
       0
       0
       0
       0
       0
       0
       0
       0
       0
       0
       0
       0
       0
       0
       0
       0
       0
       0
       0
       0
       0
       0
       0
       0
       0
       0
       0
       0
       0
       0
       0
       0
       0
       0
       0
       0
       0
       0
       0
       0
       0
       0
       0
       0
       0
       0
       0
       0
       0
       0
       0
       0
       0
       0
       0
       0
       0
       0
       0
       0
       0
       0
       0
       0
       0
       0
       0
       0
       0
       0
       0
       0
       0
       0
       0
       0
       0
       0
       0
       0
       0
       0
       0
       0
       0
       0
       0
       0
       0
       0
       0
       0
       0
       0
       0
       0
       0
       0
       0
       0
       0
       0
       0
       0
       0
       0
       0
       0
       0
       0
       0
       0
       0
       0
       0
       0
       0
       0
       0
       0
       0
       0
       0
       0
       0
       0
       0
       0
       0
       0
       0
       0
       0
       0
       0
       0
       0
       0
       0
       0
       0
       0
       0
       0
       0
       0
       0
       0
       0
       0
       0
       0
       0
       0
       0
       0
       0
       0
       0
       0
       0
       0
       0
       0
       0
       0
       0
       0
       0
       0
       0
       0
       0
       0
       0
       0
       0
       0
       0
       0
       0
       0
       0
       0
       0
       0
       0
       0
       0
       0
       0
       0
       0
       0
       0
       0
       0
       0
       0
       0
       0
       0
       0
       0
       0
       0
       0
       0
       0
       0
       0
       0
       0
       0
       0
       0
       0
       0
       0
       0
       0
       0
       0
       0
       0
       0
       0
       0
       0
       0
       0
       0
       0
       0
       0
       0
       0
       0
       0
       0
       0
       0
       0
       0
       0
       0
       0
       0
       0
       0
       0
       0
       0
       0
       0
       0
       0
       0
       0
       0
       0
       0
       0
       0
       0
       0
       0
       0
       0
       0
       0
       0
       0
       0
       0
       0
       0
       0
       0
       0
       0
       0
       0
       0
       0
       0
       0
       0
       0
       0
       0
       0
       0
       0
       0
       0
       0
       0
       0
       0
       0
       0
       0
       0
       0
       0
       0
       0
       0
       0
       0
       0
       0
       0
       0
       0
       0
       0
       0
       0
       0
       0
       0
       0
       0
       0
       0
       0
       0
       0
       0
       0
       0
       0
       0
       0
       0
       0
       0
       0
       0
       0
       0
       0
       0
       0
       0
       0
       0
       0
       0
       0
       0
       0
       0
       0
       0
       0
       0
       0
       0
       0
       0
       0
       0
       0
       0
       0
       0
       0
       0
       0
       0
       0
       0
       0
       0
$ROI:
1
921 1079
$PRESETS:
None
0
0
$ENER_FIT:
0.000000 6.583851
$MCA_CAL:
3
0.000000E+000 6.583851E+000 0.000000E+000 keV
$SHAPE_CAL:
3
0.000000E+000 0.000000E+000 0.000000E+000
