$SPEC_ID:
Run 608, Background
$SPEC_REM:
DET# 1
DETDESC# Electrostatic MCA
AP# Maestro Version 6.08
$DATE_MEA:
09/24/2020 16:21:39
$MEAS_TIM:
484575 712853
$DATA:
0 2047
       0
       0
       0
       0
       0
       0
       0
       0
       0
       0
       0
       0
       0
       0
       0
       0
       0
       0
       0
       0
       0
       0
       0
       0
       0
       0
       0
       0
       0
       0
       0
       0
       0
       0
       0
       0
       0
       0
       0
       0
       0
       0
       0
       0
       0
       0
       0
       0
       0
       0
       0
       0
       0
       0
       0
       0
       0
       0
       0
       0
       0
       0
       0
       0
       0
       0
       0
       0
       4
  761120
332345002
430516051
420894607
411296990
401626036
391914605
382244134
372484919
362741863
353092170
343446164
333836081
324314879
314839507
305498437
296213279
287011673
277938166
269029774
260209386
251512087
242981833
234596526
226374438
218340284
210371521
202662677
195111304
187687288
180490898
173426925
166594841
159917112
153429888
147067161
140968881
134993458
129224369
123665528
118215554
113011606
107926694
103040673
98310740
93762176
89371354
85136204
81079240
77153788
73415879
69798296
66337414
63011940
59814005
56757434
53842721
51054643
48376439
45826520
43393166
41061887
38848712
36724431
34708628
32808166
30979018
29221695
27587380
26022348
24530196
23120299
21787708
20506064
19309825
18168723
17093159
16072205
15109112
14196948
13343627
12527412
11763091
11034530
10350008
 9711663
 9103236
 8531705
 7992293
 7486696
 7010309
 6560811
 6135810
 5745703
 5373436
 5026579
 4699932
 4386030
 4101134
 3828682
 3574173
 3339297
 3116116
 2906106
 2712593
 2530338
 2357704
 2198983
 2048427
 1911754
 1778273
 1657381
 1543519
 1435168
 1335915
 1244172
 1158273
 1076044
 1002665
  932365
  864684
  805303
  748297
  695399
  645836
  600595
  558754
  519841
  482244
  447708
  415220
  386514
  360032
  332505
  309733
  288801
  266534
  248868
  231519
  214985
  200439
  185214
  172279
  160747
  149173
  139058
  129709
  120500
  113052
  105427
   97548
   91374
   84914
   79864
   73950
   69595
   65047
   60748
   57118
   53471
   50313
   47014
   44071
   41458
   39773
   36814
   34538
   32501
   30855
   28992
   27475
   26209
   24678
   23225
   21992
   21218
   20114
   18922
   18114
   17201
   16292
   15401
   14787
   14226
   13454
   12755
   12339
   11856
   11183
   10599
   10128
    9810
    9373
    8985
    8650
    8257
    7779
    7524
    7311
    6858
    6652
    6275
    5935
    5834
    5550
    5325
    5309
    4976
    4517
    4424
    4303
    4178
    4001
    3772
    3647
    3461
    3391
    3241
    2996
    2830
    2851
    2643
    2495
    2343
    2333
    2216
    2037
    2025
    1905
    1857
    1738
    1682
    1573
    1497
    1418
    1326
    1228
    1172
    1233
    1147
    1005
     981
     950
     876
     812
     813
     811
     725
     692
     624
     637
     616
     534
     503
     522
     454
     491
     389
     393
     376
     364
     350
     319
     299
     293
     250
     248
     237
     235
     210
     216
     181
     166
     150
     158
     149
     129
     119
     145
     121
     124
      88
     108
     106
      87
      87
      85
      77
      74
      54
      62
      56
      54
      56
      49
      49
      37
      25
      32
      34
      29
      28
      28
      29
      28
      28
      19
      20
      19
      16
      21
      16
      11
      23
       6
      10
       8
      13
      10
       9
       9
       7
      12
       7
      13
       9
       9
       5
       5
       4
       5
       5
       6
       4
       3
       7
       5
       4
       4
       5
       2
       3
       3
       3
       5
       1
       6
       4
       1
       5
       3
       5
       3
       3
       2
       5
       1
       2
       0
       2
       4
       3
       3
       2
       2
       2
       6
       0
       2
       1
       1
       1
       1
       2
       2
       0
       4
       2
       1
       3
       1
       0
       0
       2
       3
       0
       0
       1
       2
       0
       1
       1
       1
       4
       1
       1
       4
       0
       1
       0
       2
       0
       1
       1
       0
       0
       2
       0
       1
       1
       0
       1
       0
       0
       0
       0
       0
       1
       0
       0
       0
       0
       0
       3
       1
       1
       1
       0
       2
       1
       2
       1
       0
       0
       1
       3
       2
       0
       1
       0
       0
       1
       0
       1
       2
       0
       0
       1
       0
       0
       1
       1
       0
       1
       0
       0
       1
       1
       0
       2
       1
       0
       0
       0
       2
       0
       0
       0
       2
       1
       0
       0
       0
       2
       0
       0
       0
       2
       0
       1
       0
       0
       0
       0
       1
       0
       1
       0
       0
       0
       0
       1
       0
       1
       0
       0
       1
       0
       1
       0
       0
       1
       0
       0
       0
       0
       0
       0
       0
       0
       1
       0
       0
       0
       2
       0
       0
       0
       0
       1
       1
       0
       0
       0
       1
       1
       0
       1
       0
       1
       0
       1
       0
       0
       0
       0
       0
       0
       0
       0
       0
       0
       0
       0
       0
       1
       1
       0
       0
       1
       1
       0
       0
       1
       0
       2
       0
       0
       1
       0
       2
       0
       1
       0
       0
       0
       1
       1
       0
       0
       1
       0
       0
       1
       0
       1
       1
       2
       0
       1
       0
       0
       0
       0
       0
       0
       0
       0
       0
       0
       0
       0
       2
       0
       0
       0
       0
       1
       0
       0
       0
       0
       0
       0
       0
       0
       0
       1
       0
       0
       1
       0
       0
       0
       0
       0
       0
       1
       1
       0
       0
       0
       1
       0
       1
       0
       0
       0
       0
       0
       0
       0
       0
       0
       0
       0
       0
       1
       0
       2
       0
       1
       1
       0
       0
       0
       2
       1
       0
       1
       0
       2
       0
       0
       0
       0
       0
       0
       0
       0
       0
       0
       0
       0
       0
       1
       0
       1
       0
       0
       0
       0
       0
       1
       0
       0
       0
       0
       1
       0
       1
       0
       1
       1
       0
       0
       0
       0
       1
       0
       0
       0
       0
       1
       1
       0
       0
       0
       0
       0
       1
       0
       0
       0
       2
       2
       0
       0
       0
       0
       0
       0
       1
       0
       1
       0
       0
       0
       0
       1
       0
       0
       0
       0
       0
       0
       0
       0
       0
       0
       0
       2
       1
       0
       2
       1
       0
       1
       1
       0
       1
       1
       0
       0
       0
       1
       1
       1
       0
       0
       1
       0
       0
       1
       0
       0
       0
       0
       1
       1
       1
       0
       0
       1
       0
       1
       2
       0
       1
       2
       0
       0
       1
       1
       0
       0
       0
       4
       0
       3
       1
       1
       2
       2
       1
       0
       2
       0
       1
       1
       1
       2
       1
       0
       1
       2
       0
       2
       2
       2
       3
       1
       2
       2
       2
       1
       1
       0
       1
       0
       3
       3
       3
       4
       3
       2
       4
       1
       1
       0
       2
       3
       1
       3
       2
       3
       5
       6
       1
       5
       3
       1
       3
       5
       5
       2
       5
       3
       4
       5
       2
       4
       4
       1
       7
       2
       3
       3
       4
       4
       3
       3
       1
       6
       4
       5
       4
       6
       2
       3
       5
       2
      12
       2
       3
       2
       6
       4
       7
       3
       5
       5
       2
       7
       7
       7
       5
       4
       1
       7
       5
       0
       6
       8
       7
       9
       2
       7
       6
       9
       2
       6
       8
       6
       3
       4
       6
       8
       4
       8
       1
       3
       7
       2
       5
       5
       6
       5
       5
       4
       4
       5
       4
       5
       3
       4
       3
       2
       4
       3
       5
       2
       7
       4
       1
       7
       3
       2
       6
       4
       1
       2
       0
       6
       3
       2
       4
       5
       4
       4
       6
       4
       3
       2
       4
       2
       1
       2
       4
       0
       2
       1
       3
       3
       0
       3
       1
       2
       0
       1
       2
       2
       0
       2
       3
       1
       1
       2
       1
       0
       3
       1
       2
       1
       1
       1
       1
       0
       1
       0
       1
       2
       1
       0
       1
       1
       0
       2
       2
       0
       2
       1
       0
       0
       1
       0
       1
       0
       1
       0
       0
       0
       1
       0
       0
       1
       2
       1
       0
       0
       0
       0
       0
       0
       2
       0
       0
       0
       1
       1
       0
       0
       0
       0
       0
       1
       0
       0
       1
       0
       0
       0
       0
       0
       0
       0
       0
       0
       1
       0
       0
       0
       0
       0
       0
       0
       0
       0
       0
       0
       1
       0
       0
       0
       0
       0
       0
       1
       0
       0
       0
       0
       1
       0
       0
       0
       0
       0
       0
       1
       0
       0
       0
       0
       1
       0
       0
       0
       0
       0
       0
       0
       0
       0
       0
       0
       0
       1
       1
       0
       0
       0
       0
       0
       0
       0
       0
       0
       1
       0
       1
       0
       0
       0
       0
       0
       0
       0
       0
       2
       0
       0
       0
       0
       0
       0
       0
       0
       0
       0
       0
       0
       0
       0
       0
       2
       0
       0
       0
       0
       0
       0
       0
       0
       0
       0
       0
       0
       0
       0
       1
       0
       1
       0
       0
       0
       0
       0
       0
       0
       0
       0
       0
       0
       0
       0
       0
       0
       0
       0
       0
       0
       0
       0
       0
       0
       0
       0
       0
       0
       0
       0
       0
       0
       0
       0
       0
       0
       0
       0
       0
       0
       0
       0
       0
       0
       0
       0
       0
       0
       0
       0
       0
       0
       0
       0
       0
       0
       0
       0
       0
       0
       1
       0
       0
       0
       0
       0
       1
       0
       0
       0
       1
       0
       0
       0
       0
       0
       0
       0
       0
       0
       1
       0
       0
       0
       0
       0
       0
       0
       0
       1
       0
       0
       0
       0
       0
       0
       0
       0
       1
       0
       0
       0
       0
       0
       0
       0
       0
       0
       0
       2
       0
       0
       0
       0
       0
       0
       0
       0
       0
       0
       0
       0
       0
       0
       0
       0
       0
       0
       0
       0
       0
       0
       0
       0
       0
       0
       0
       1
       0
       0
       0
       0
       1
       0
       0
       1
       0
       0
       0
       0
       0
       0
       0
       0
       0
       0
       0
       0
       0
       0
       0
       1
       0
       0
       1
       1
       1
       0
       0
       0
       0
       1
       0
       0
       0
       0
       0
       0
       0
       0
       0
       0
       0
       0
       0
       0
       0
       1
       1
       0
       0
       0
       0
       0
       0
       0
       1
       1
       0
       0
       0
       0
       0
       1
       0
       0
       0
       0
       0
       0
       0
       0
       0
       0
       0
       0
       0
       0
       0
       0
       0
       1
       0
       0
       0
       0
       1
       0
       0
       0
       0
       1
       0
       0
       0
       0
       0
       0
       1
       0
       0
       0
       0
       0
       0
       1
       0
       0
       0
       0
       0
       0
       0
       0
       0
       0
       0
       0
       0
       0
       0
       0
       0
       0
       0
       0
       0
       0
       0
       0
       0
       0
       1
       0
       0
       0
       0
       0
       0
       0
       0
       0
       0
       0
       0
       0
       0
       0
       0
       0
       0
       0
       0
       0
       0
       0
       0
       0
       0
       0
       0
       0
       0
       0
       0
       0
       0
       0
       0
       0
       0
       0
       0
       0
       0
       0
       0
       0
       0
       0
       0
       0
       0
       0
       0
       0
       0
       0
       0
       1
       0
       0
       0
       0
       0
       0
       0
       0
       0
       0
       0
       0
       0
       0
       0
       0
       0
       0
       0
       0
       0
       0
       0
       0
       0
       0
       0
       0
       0
       0
       0
       0
       0
       0
       0
       0
       0
       0
       0
       0
       1
       0
       0
       0
       0
       0
       0
       0
       0
       0
       0
       0
       0
       0
       0
       0
       0
       0
       0
       0
       0
       0
       0
       0
       0
       0
       0
       0
       0
       0
       0
       0
       0
       0
       0
       0
       0
       0
       0
       0
       0
       0
       0
       0
       0
       0
       0
       0
       0
       0
       0
       0
       0
       0
       0
       0
       0
       0
       0
       0
       0
       0
       0
       0
       0
       0
       0
       0
       0
       0
       0
       0
       0
       0
       0
       0
       0
       0
       0
       0
       0
       0
       0
       0
       0
       0
       0
       0
       1
       0
       0
       0
       0
       0
       0
       0
       0
       0
       0
       0
       0
       0
       0
       0
       0
       0
       0
       0
       0
       0
       0
       0
       0
       0
       0
       0
       0
       0
       0
       0
       0
       0
       0
       0
       0
       0
       0
       0
       0
       0
       0
       0
       0
       0
       0
       0
       0
       0
       0
       0
       0
       0
       0
       0
       0
       0
       0
       0
       0
       0
       0
       0
       0
       0
       0
       0
       0
       0
       0
       0
       0
       0
       0
       0
       0
       0
       0
       0
       0
       0
       0
       0
       0
       0
       0
       0
       0
       0
       0
       0
       0
       0
       0
       0
       0
       0
       0
       0
       0
       0
       0
       0
       0
       0
       0
       0
       0
       0
       0
       0
       0
       0
       0
       0
       0
       0
       1
       0
       0
       0
       0
       0
       0
       0
       0
       0
       0
       0
       0
       0
       0
       0
       0
       0
       0
       0
       0
       0
       0
       0
       0
       0
       0
       0
       0
       0
       0
       0
       0
       0
       0
       0
       0
       0
       0
       0
       0
       0
       0
       0
       0
       0
       0
       0
       0
       0
       0
       0
       0
       0
       0
       0
       0
       0
       0
       0
       0
       0
       0
       0
       0
       0
       0
       0
       0
       0
       0
       0
       0
       0
       0
       0
       0
       0
       0
       0
       0
       0
       0
       0
       0
       0
       0
       0
       0
       0
       0
       0
       0
       0
       0
       0
       0
       0
       0
       0
       0
       0
       0
       0
       0
       0
       0
       0
       0
       0
       0
       0
       0
       0
       0
       0
       1
       0
       0
       0
       0
       0
       0
       0
       0
       0
       0
       0
       0
       0
       0
       0
       0
       0
       0
       0
       0
       0
       0
       0
       0
       0
       0
       0
       0
       0
       0
       0
       0
       0
       0
       0
       0
       0
       0
       0
       0
       0
       0
       0
       0
       0
       0
       0
       0
       0
       0
       0
       0
       0
       0
       0
       0
       0
       0
       0
       0
       0
       0
       0
       0
       0
       0
       0
       0
       0
       0
       0
       0
       0
       0
       0
       0
       0
       0
       0
       0
       0
       0
       0
       0
       0
       0
       0
       0
       0
       0
       0
       0
       0
       0
       0
       0
       0
       0
       0
       0
       0
       0
       0
       0
       0
       0
       0
       0
       0
       0
       0
       0
       0
       0
       0
       0
       0
       0
       0
       0
       0
       0
       0
       0
       0
       0
       0
       0
       0
       0
       0
       0
       0
       0
       0
       0
       0
       0
       0
       0
       0
       0
       0
       0
$ROI:
1
921 1079
$PRESETS:
None
0
0
$ENER_FIT:
0.000000 6.583851
$MCA_CAL:
3
0.000000E+000 6.583851E+000 0.000000E+000 keV
$SHAPE_CAL:
3
0.000000E+000 0.000000E+000 0.000000E+000
