$SPEC_ID:
Run 608, Background
$SPEC_REM:
DET# 1
DETDESC# Electrostatic MCA
AP# Maestro Version 6.08
$DATE_MEA:
09/24/2020 16:21:39
$MEAS_TIM:
463638 680451
$DATA:
0 2047
       0
       0
       0
       0
       0
       0
       0
       0
       0
       0
       0
       0
       0
       0
       0
       0
       0
       0
       0
       0
       0
       0
       0
       0
       0
       0
       0
       0
       0
       0
       0
       0
       0
       0
       0
       0
       0
       0
       0
       0
       0
       0
       0
       0
       0
       0
       0
       0
       0
       0
       0
       0
       0
       0
       0
       0
       0
       0
       0
       0
       0
       0
       0
       0
       0
       0
       0
       0
       3
  709939
316013118
409502840
400235849
390985300
381679639
372340666
363050596
353668366
344306054
335040399
325783858
316568574
307440238
298356871
289408247
280509676
271718019
263036193
254521452
246083219
237775146
229624221
221625277
213781127
206119805
198517386
191176503
183981034
176915725
170074512
163350856
156852283
150496965
144338539
138300441
132508278
126846670
121374568
116113738
110940356
106011495
101204566
96579214
92109000
87804814
83660166
79663155
75830820
72131493
68602268
65194922
61933001
58799009
55795688
52915406
50174320
47555739
45040885
42647496
40362535
38177483
36101644
34110192
32222900
30443688
28735312
27090917
25563740
24099615
22709300
21390963
20151162
18956474
17841442
16778157
15776548
14827905
13933331
13086231
12293518
11536396
10826839
10151830
 9517915
 8925878
 8363944
 7834004
 7334655
 6868225
 6428361
 6012939
 5620723
 5259739
 4918721
 4597585
 4298803
 4008124
 3748512
 3496410
 3263246
 3047336
 2842038
 2650326
 2472963
 2305171
 2147421
 2001503
 1863761
 1739205
 1617296
 1506423
 1401857
 1303429
 1212998
 1129677
 1050874
  976086
  909651
  845907
  783887
  729742
  678253
  629825
  584933
  543456
  506001
  470564
  436344
  405161
  375782
  349396
  325827
  300612
  280206
  261279
  240929
  225341
  209631
  194408
  181429
  167620
  155919
  145574
  134978
  126090
  117521
  109299
  102313
   95561
   88338
   82706
   77093
   72511
   67003
   63214
   59127
   55209
   51949
   48587
   45871
   42759
   40181
   37758
   36309
   33704
   31518
   29720
   28176
   26481
   25150
   23930
   22540
   21258
   20131
   19437
   18456
   17408
   16627
   15793
   14934
   14129
   13581
   13069
   12329
   11686
   11361
   10849
   10269
    9728
    9292
    9003
    8598
    8258
    7939
    7619
    7133
    6912
    6741
    6291
    6077
    5751
    5427
    5351
    5099
    4907
    4856
    4595
    4140
    4054
    3925
    3824
    3619
    3432
    3331
    3148
    3088
    2943
    2717
    2606
    2601
    2403
    2271
    2139
    2111
    2019
    1851
    1822
    1710
    1677
    1550
    1518
    1425
    1366
    1282
    1193
    1110
    1060
    1110
    1035
     910
     885
     850
     777
     725
     721
     730
     653
     624
     566
     575
     546
     472
     443
     457
     414
     446
     347
     353
     346
     329
     309
     284
     264
     259
     225
     218
     209
     208
     190
     191
     149
     149
     135
     137
     138
     113
     103
     127
     110
     112
      80
     100
      94
      80
      76
      75
      66
      69
      46
      54
      46
      48
      50
      46
      42
      31
      24
      27
      27
      28
      26
      24
      25
      28
      25
      15
      20
      18
      13
      18
      12
      11
      21
       6
       8
       6
      13
       9
       8
       9
       7
      10
       6
      13
       9
       8
       5
       4
       4
       4
       5
       4
       4
       3
       7
       5
       4
       4
       4
       2
       3
       3
       3
       5
       0
       6
       4
       1
       5
       3
       5
       3
       3
       2
       5
       0
       2
       0
       1
       4
       3
       2
       2
       1
       2
       6
       0
       2
       1
       1
       1
       1
       2
       2
       0
       4
       2
       1
       3
       1
       0
       0
       2
       3
       0
       0
       1
       2
       0
       1
       1
       1
       4
       1
       1
       4
       0
       1
       0
       2
       0
       1
       1
       0
       0
       2
       0
       1
       1
       0
       1
       0
       0
       0
       0
       0
       1
       0
       0
       0
       0
       0
       3
       1
       1
       1
       0
       2
       1
       2
       1
       0
       0
       1
       3
       2
       0
       1
       0
       0
       1
       0
       1
       2
       0
       0
       1
       0
       0
       1
       1
       0
       1
       0
       0
       1
       1
       0
       2
       1
       0
       0
       0
       2
       0
       0
       0
       2
       1
       0
       0
       0
       2
       0
       0
       0
       2
       0
       1
       0
       0
       0
       0
       1
       0
       1
       0
       0
       0
       0
       1
       0
       1
       0
       0
       1
       0
       1
       0
       0
       1
       0
       0
       0
       0
       0
       0
       0
       0
       1
       0
       0
       0
       2
       0
       0
       0
       0
       0
       1
       0
       0
       0
       1
       1
       0
       1
       0
       1
       0
       1
       0
       0
       0
       0
       0
       0
       0
       0
       0
       0
       0
       0
       0
       1
       1
       0
       0
       1
       1
       0
       0
       1
       0
       2
       0
       0
       1
       0
       2
       0
       1
       0
       0
       0
       1
       1
       0
       0
       1
       0
       0
       1
       0
       1
       1
       2
       0
       1
       0
       0
       0
       0
       0
       0
       0
       0
       0
       0
       0
       0
       2
       0
       0
       0
       0
       1
       0
       0
       0
       0
       0
       0
       0
       0
       0
       1
       0
       0
       1
       0
       0
       0
       0
       0
       0
       1
       1
       0
       0
       0
       1
       0
       1
       0
       0
       0
       0
       0
       0
       0
       0
       0
       0
       0
       0
       1
       0
       2
       0
       1
       1
       0
       0
       0
       2
       1
       0
       1
       0
       2
       0
       0
       0
       0
       0
       0
       0
       0
       0
       0
       0
       0
       0
       1
       0
       1
       0
       0
       0
       0
       0
       1
       0
       0
       0
       0
       1
       0
       1
       0
       1
       1
       0
       0
       0
       0
       1
       0
       0
       0
       0
       1
       1
       0
       0
       0
       0
       0
       1
       0
       0
       0
       2
       2
       0
       0
       0
       0
       0
       0
       1
       0
       1
       0
       0
       0
       0
       1
       0
       0
       0
       0
       0
       0
       0
       0
       0
       0
       0
       2
       1
       0
       1
       1
       0
       1
       1
       0
       1
       1
       0
       0
       0
       1
       1
       0
       0
       0
       1
       0
       0
       0
       0
       0
       0
       0
       1
       1
       1
       0
       0
       1
       0
       1
       2
       0
       1
       2
       0
       0
       1
       1
       0
       0
       0
       4
       0
       3
       1
       0
       1
       2
       0
       0
       2
       0
       1
       1
       1
       2
       1
       0
       1
       2
       0
       2
       2
       2
       2
       1
       2
       2
       2
       1
       0
       0
       1
       0
       2
       3
       3
       4
       3
       1
       4
       1
       0
       0
       1
       3
       1
       3
       2
       3
       5
       5
       1
       5
       3
       0
       3
       5
       4
       2
       5
       3
       4
       5
       2
       2
       4
       1
       7
       2
       3
       3
       4
       4
       2
       3
       1
       6
       3
       4
       4
       6
       2
       3
       5
       2
      11
       1
       3
       2
       6
       4
       7
       3
       5
       5
       2
       7
       6
       7
       5
       4
       1
       7
       5
       0
       6
       8
       7
       9
       2
       7
       5
       9
       2
       6
       8
       6
       2
       4
       6
       8
       4
       8
       1
       3
       7
       2
       5
       5
       6
       5
       5
       4
       4
       5
       4
       5
       3
       3
       3
       2
       4
       3
       4
       2
       7
       4
       1
       7
       3
       2
       6
       4
       1
       2
       0
       6
       3
       2
       4
       5
       4
       4
       6
       4
       3
       2
       4
       2
       1
       2
       4
       0
       2
       1
       3
       3
       0
       3
       1
       2
       0
       1
       2
       2
       0
       2
       3
       1
       1
       2
       1
       0
       3
       1
       2
       1
       1
       1
       1
       0
       1
       0
       1
       2
       1
       0
       1
       1
       0
       2
       2
       0
       2
       1
       0
       0
       1
       0
       1
       0
       1
       0
       0
       0
       1
       0
       0
       1
       2
       1
       0
       0
       0
       0
       0
       0
       2
       0
       0
       0
       1
       1
       0
       0
       0
       0
       0
       1
       0
       0
       1
       0
       0
       0
       0
       0
       0
       0
       0
       0
       1
       0
       0
       0
       0
       0
       0
       0
       0
       0
       0
       0
       1
       0
       0
       0
       0
       0
       0
       1
       0
       0
       0
       0
       1
       0
       0
       0
       0
       0
       0
       1
       0
       0
       0
       0
       1
       0
       0
       0
       0
       0
       0
       0
       0
       0
       0
       0
       0
       1
       1
       0
       0
       0
       0
       0
       0
       0
       0
       0
       1
       0
       1
       0
       0
       0
       0
       0
       0
       0
       0
       2
       0
       0
       0
       0
       0
       0
       0
       0
       0
       0
       0
       0
       0
       0
       0
       2
       0
       0
       0
       0
       0
       0
       0
       0
       0
       0
       0
       0
       0
       0
       0
       0
       1
       0
       0
       0
       0
       0
       0
       0
       0
       0
       0
       0
       0
       0
       0
       0
       0
       0
       0
       0
       0
       0
       0
       0
       0
       0
       0
       0
       0
       0
       0
       0
       0
       0
       0
       0
       0
       0
       0
       0
       0
       0
       0
       0
       0
       0
       0
       0
       0
       0
       0
       0
       0
       0
       0
       0
       0
       0
       0
       0
       1
       0
       0
       0
       0
       0
       1
       0
       0
       0
       1
       0
       0
       0
       0
       0
       0
       0
       0
       0
       1
       0
       0
       0
       0
       0
       0
       0
       0
       1
       0
       0
       0
       0
       0
       0
       0
       0
       1
       0
       0
       0
       0
       0
       0
       0
       0
       0
       0
       1
       0
       0
       0
       0
       0
       0
       0
       0
       0
       0
       0
       0
       0
       0
       0
       0
       0
       0
       0
       0
       0
       0
       0
       0
       0
       0
       0
       1
       0
       0
       0
       0
       1
       0
       0
       1
       0
       0
       0
       0
       0
       0
       0
       0
       0
       0
       0
       0
       0
       0
       0
       1
       0
       0
       1
       1
       1
       0
       0
       0
       0
       1
       0
       0
       0
       0
       0
       0
       0
       0
       0
       0
       0
       0
       0
       0
       0
       1
       1
       0
       0
       0
       0
       0
       0
       0
       1
       1
       0
       0
       0
       0
       0
       1
       0
       0
       0
       0
       0
       0
       0
       0
       0
       0
       0
       0
       0
       0
       0
       0
       0
       1
       0
       0
       0
       0
       1
       0
       0
       0
       0
       1
       0
       0
       0
       0
       0
       0
       1
       0
       0
       0
       0
       0
       0
       1
       0
       0
       0
       0
       0
       0
       0
       0
       0
       0
       0
       0
       0
       0
       0
       0
       0
       0
       0
       0
       0
       0
       0
       0
       0
       0
       1
       0
       0
       0
       0
       0
       0
       0
       0
       0
       0
       0
       0
       0
       0
       0
       0
       0
       0
       0
       0
       0
       0
       0
       0
       0
       0
       0
       0
       0
       0
       0
       0
       0
       0
       0
       0
       0
       0
       0
       0
       0
       0
       0
       0
       0
       0
       0
       0
       0
       0
       0
       0
       0
       0
       0
       0
       1
       0
       0
       0
       0
       0
       0
       0
       0
       0
       0
       0
       0
       0
       0
       0
       0
       0
       0
       0
       0
       0
       0
       0
       0
       0
       0
       0
       0
       0
       0
       0
       0
       0
       0
       0
       0
       0
       0
       0
       0
       1
       0
       0
       0
       0
       0
       0
       0
       0
       0
       0
       0
       0
       0
       0
       0
       0
       0
       0
       0
       0
       0
       0
       0
       0
       0
       0
       0
       0
       0
       0
       0
       0
       0
       0
       0
       0
       0
       0
       0
       0
       0
       0
       0
       0
       0
       0
       0
       0
       0
       0
       0
       0
       0
       0
       0
       0
       0
       0
       0
       0
       0
       0
       0
       0
       0
       0
       0
       0
       0
       0
       0
       0
       0
       0
       0
       0
       0
       0
       0
       0
       0
       0
       0
       0
       0
       0
       0
       1
       0
       0
       0
       0
       0
       0
       0
       0
       0
       0
       0
       0
       0
       0
       0
       0
       0
       0
       0
       0
       0
       0
       0
       0
       0
       0
       0
       0
       0
       0
       0
       0
       0
       0
       0
       0
       0
       0
       0
       0
       0
       0
       0
       0
       0
       0
       0
       0
       0
       0
       0
       0
       0
       0
       0
       0
       0
       0
       0
       0
       0
       0
       0
       0
       0
       0
       0
       0
       0
       0
       0
       0
       0
       0
       0
       0
       0
       0
       0
       0
       0
       0
       0
       0
       0
       0
       0
       0
       0
       0
       0
       0
       0
       0
       0
       0
       0
       0
       0
       0
       0
       0
       0
       0
       0
       0
       0
       0
       0
       0
       0
       0
       0
       0
       0
       0
       0
       0
       0
       0
       0
       0
       0
       0
       0
       0
       0
       0
       0
       0
       0
       0
       0
       0
       0
       0
       0
       0
       0
       0
       0
       0
       0
       0
       0
       0
       0
       0
       0
       0
       0
       0
       0
       0
       0
       0
       0
       0
       0
       0
       0
       0
       0
       0
       0
       0
       0
       0
       0
       0
       0
       0
       0
       0
       0
       0
       0
       0
       0
       0
       0
       0
       0
       0
       0
       0
       0
       0
       0
       0
       0
       0
       0
       0
       0
       0
       0
       0
       0
       0
       0
       0
       0
       0
       0
       0
       0
       0
       0
       0
       0
       0
       0
       0
       0
       0
       0
       0
       0
       0
       0
       0
       0
       0
       0
       0
       0
       0
       0
       0
       0
       0
       0
       1
       0
       0
       0
       0
       0
       0
       0
       0
       0
       0
       0
       0
       0
       0
       0
       0
       0
       0
       0
       0
       0
       0
       0
       0
       0
       0
       0
       0
       0
       0
       0
       0
       0
       0
       0
       0
       0
       0
       0
       0
       0
       0
       0
       0
       0
       0
       0
       0
       0
       0
       0
       0
       0
       0
       0
       0
       0
       0
       0
       0
       0
       0
       0
       0
       0
       0
       0
       0
       0
       0
       0
       0
       0
       0
       0
       0
       0
       0
       0
       0
       0
       0
       0
       0
       0
       0
       0
       0
       0
       0
       0
       0
       0
       0
       0
       0
       0
       0
       0
       0
       0
       0
       0
       0
       0
       0
       0
       0
       0
       0
       0
       0
       0
       0
       0
       0
       0
       0
       0
       0
       0
       0
       0
       0
       0
       0
       0
       0
       0
       0
       0
       0
       0
       0
       0
       0
       0
       0
       0
       0
       0
       0
       0
       0
$ROI:
1
921 1079
$PRESETS:
None
0
0
$ENER_FIT:
0.000000 6.583851
$MCA_CAL:
3
0.000000E+000 6.583851E+000 0.000000E+000 keV
$SHAPE_CAL:
3
0.000000E+000 0.000000E+000 0.000000E+000
