$SPEC_ID:
Run 608, Background
$SPEC_REM:
DET# 1
DETDESC# Electrostatic MCA
AP# Maestro Version 6.08
$DATE_MEA:
09/24/2020 16:21:39
$MEAS_TIM:
334776 482436
$DATA:
0 2047
       0
       0
       0
       0
       0
       0
       0
       0
       0
       0
       0
       0
       0
       0
       0
       0
       0
       0
       0
       0
       0
       0
       0
       0
       0
       0
       0
       0
       0
       0
       0
       0
       0
       0
       0
       0
       0
       0
       0
       0
       0
       0
       0
       0
       0
       0
       0
       0
       0
       0
       0
       0
       0
       0
       0
       0
       0
       0
       0
       0
       0
       0
       0
       0
       0
       0
       0
       0
       1
  371756
215816081
281477690
274462055
267474773
260489831
253526391
246571110
239623625
232681667
225849122
219035230
212290900
205638104
199053965
192551355
186127533
179799888
173573815
167468780
161461771
155586154
149827312
144185159
138671855
133309817
128003880
122902431
117920260
113047659
108335344
103723139
99294880
94950430
90787060
86709681
82805014
79003719
75335352
71830516
68398335
65136024
61971207
58930274
56007491
53192981
50500000
47917036
45439618
43062108
40801833
38637498
36559226
34574288
32685928
30875139
29150770
27522995
25965444
24491048
23073145
21737146
20475964
19258887
18114115
17044953
16019952
15036667
14125912
13254796
12431781
11658171
10935533
10236873
 9589582
 8976187
 8402976
 7855900
 7349933
 6869424
 6422357
 5995702
 5600753
 5225068
 4874402
 4546341
 4241095
 3950135
 3682837
 3429758
 3191612
 2970364
 2761240
 2570816
 2391375
 2224657
 2067489
 1916744
 1784434
 1653716
 1537870
 1426218
 1323037
 1227388
 1139779
 1056603
  977470
  907639
  840655
  779828
  720944
  668707
  618770
  572436
  530153
  491120
  455182
  420883
  388935
  361202
  332541
  308757
  285448
  263107
  244530
  225988
  209543
  194008
  179766
  165695
  153355
  142509
  132727
  121613
  113387
  105564
   96945
   90531
   84398
   78413
   72842
   67475
   62819
   58704
   54140
   51167
   47385
   44409
   41852
   38749
   36316
   34139
   31894
   30028
   28055
   26564
   24979
   23296
   22203
   21111
   19795
   18651
   17581
   16640
   16066
   14974
   14172
   13556
   12855
   12094
   11715
   11128
   10468
   10032
    9525
    9358
    8845
    8322
    8041
    7791
    7209
    6853
    6647
    6365
    6109
    5755
    5644
    5357
    5101
    4890
    4664
    4459
    4217
    4090
    3918
    3709
    3574
    3432
    3341
    3168
    3073
    2728
    2636
    2622
    2539
    2380
    2397
    2255
    2027
    1932
    1883
    1837
    1703
    1617
    1574
    1509
    1473
    1337
    1273
    1212
    1206
    1131
     993
     979
     947
     894
     833
     793
     766
     750
     691
     639
     581
     592
     557
     511
     447
     462
     453
     432
     352
     366
     350
     301
     314
     277
     289
     248
     247
     232
     221
     216
     193
     171
     173
     132
     155
     112
     120
     141
     120
     103
      92
      84
      89
      73
      77
      66
      71
      61
      70
      53
      52
      44
      33
      52
      33
      33
      34
      35
      39
      32
      28
      35
      34
      22
      15
      11
      22
      17
      12
      13
      16
      13
      15
      17
       7
       8
       7
       8
       7
      10
       9
       9
       7
       9
       6
       6
       5
       4
       4
       4
       5
      10
       0
       1
       3
       5
       5
       2
       2
       2
       4
       3
       6
       4
       2
       2
       1
       1
       1
       0
       0
       1
       0
       5
       4
       3
       2
       2
       1
       0
       3
       2
       4
       0
       2
       1
       0
       1
       1
       1
       1
       1
       0
       3
       0
       0
       0
       0
       3
       1
       0
       2
       0
       2
       3
       0
       0
       0
       0
       1
       1
       2
       2
       0
       3
       1
       0
       2
       0
       0
       0
       1
       0
       0
       0
       0
       1
       0
       1
       0
       1
       2
       0
       1
       2
       0
       1
       0
       1
       0
       0
       0
       0
       0
       2
       0
       0
       0
       0
       0
       0
       0
       0
       0
       0
       1
       0
       0
       0
       0
       0
       1
       1
       0
       1
       0
       2
       0
       0
       0
       0
       0
       1
       0
       1
       0
       1
       0
       0
       1
       0
       0
       1
       0
       0
       1
       0
       0
       0
       1
       0
       0
       0
       0
       1
       0
       0
       0
       1
       0
       0
       0
       1
       0
       0
       0
       2
       0
       0
       0
       0
       2
       0
       0
       0
       1
       0
       1
       0
       0
       0
       0
       0
       0
       1
       0
       0
       0
       0
       0
       0
       1
       0
       0
       1
       0
       0
       0
       0
       0
       0
       0
       0
       0
       0
       0
       0
       0
       1
       0
       0
       0
       2
       0
       0
       0
       0
       0
       0
       0
       0
       0
       0
       1
       0
       1
       0
       1
       0
       1
       0
       0
       0
       0
       0
       0
       0
       0
       0
       0
       0
       0
       0
       0
       1
       0
       0
       0
       0
       0
       0
       0
       0
       0
       0
       0
       1
       0
       2
       0
       0
       0
       0
       0
       0
       1
       0
       0
       1
       0
       0
       0
       0
       1
       0
       1
       0
       1
       0
       0
       0
       0
       0
       0
       0
       0
       0
       0
       0
       0
       0
       0
       0
       0
       0
       0
       0
       0
       0
       0
       0
       0
       0
       0
       0
       1
       0
       0
       1
       0
       0
       0
       0
       0
       0
       1
       0
       0
       0
       0
       1
       0
       1
       0
       0
       0
       0
       0
       0
       0
       0
       0
       0
       0
       0
       1
       0
       2
       0
       1
       1
       0
       0
       0
       1
       1
       0
       0
       0
       2
       0
       0
       0
       0
       0
       0
       0
       0
       0
       0
       0
       0
       0
       0
       0
       0
       0
       0
       0
       0
       0
       1
       0
       0
       0
       0
       1
       0
       1
       0
       1
       0
       0
       0
       0
       0
       0
       0
       0
       0
       0
       1
       1
       0
       0
       0
       0
       0
       1
       0
       0
       0
       1
       1
       0
       0
       0
       0
       0
       0
       0
       0
       1
       0
       0
       0
       0
       1
       0
       0
       0
       0
       0
       0
       0
       0
       0
       0
       0
       2
       1
       0
       1
       1
       0
       1
       1
       0
       0
       0
       0
       0
       0
       1
       1
       0
       0
       0
       1
       0
       0
       0
       0
       0
       0
       0
       0
       1
       1
       0
       0
       1
       0
       0
       1
       0
       0
       2
       0
       0
       1
       0
       0
       0
       0
       1
       0
       1
       0
       0
       1
       1
       0
       0
       1
       0
       1
       1
       0
       0
       0
       0
       1
       2
       0
       0
       0
       2
       0
       0
       1
       1
       2
       1
       0
       0
       1
       0
       1
       1
       0
       2
       2
       0
       3
       0
       0
       0
       0
       3
       0
       2
       1
       2
       3
       4
       1
       2
       1
       0
       1
       4
       3
       1
       3
       0
       0
       3
       2
       1
       2
       0
       5
       1
       2
       3
       3
       2
       2
       3
       1
       5
       3
       2
       4
       5
       1
       1
       5
       2
       7
       1
       2
       2
       5
       2
       5
       3
       4
       3
       2
       5
       5
       4
       4
       3
       1
       5
       4
       0
       6
       5
       7
       5
       2
       5
       4
       8
       1
       4
       6
       3
       2
       3
       4
       8
       4
       5
       0
       2
       7
       2
       3
       3
       5
       5
       4
       3
       4
       4
       4
       5
       2
       3
       3
       1
       3
       2
       4
       2
       7
       4
       0
       7
       3
       1
       6
       4
       1
       2
       0
       5
       3
       2
       3
       4
       4
       4
       4
       4
       3
       2
       4
       2
       0
       2
       4
       0
       2
       1
       3
       3
       0
       3
       1
       2
       0
       1
       2
       2
       0
       2
       3
       1
       1
       1
       1
       0
       3
       1
       2
       1
       1
       0
       1
       0
       1
       0
       0
       2
       1
       0
       1
       0
       0
       2
       2
       0
       1
       1
       0
       0
       1
       0
       1
       0
       1
       0
       0
       0
       1
       0
       0
       1
       0
       1
       0
       0
       0
       0
       0
       0
       1
       0
       0
       0
       1
       0
       0
       0
       0
       0
       0
       1
       0
       0
       1
       0
       0
       0
       0
       0
       0
       0
       0
       0
       1
       0
       0
       0
       0
       0
       0
       0
       0
       0
       0
       0
       1
       0
       0
       0
       0
       0
       0
       0
       0
       0
       0
       0
       0
       0
       0
       0
       0
       0
       0
       1
       0
       0
       0
       0
       1
       0
       0
       0
       0
       0
       0
       0
       0
       0
       0
       0
       0
       0
       0
       0
       0
       0
       0
       0
       0
       0
       0
       0
       1
       0
       0
       0
       0
       0
       0
       0
       0
       0
       0
       0
       0
       0
       0
       0
       0
       0
       0
       0
       0
       0
       0
       0
       0
       0
       0
       1
       0
       0
       0
       0
       0
       0
       0
       0
       0
       0
       0
       0
       0
       0
       0
       0
       0
       0
       0
       0
       0
       0
       0
       0
       0
       0
       0
       0
       0
       0
       0
       0
       0
       0
       0
       0
       0
       0
       0
       0
       0
       0
       0
       0
       0
       0
       0
       0
       0
       0
       0
       0
       0
       0
       0
       0
       0
       0
       0
       0
       0
       0
       0
       0
       0
       0
       0
       0
       0
       0
       0
       0
       0
       0
       0
       0
       1
       0
       0
       0
       0
       0
       1
       0
       0
       0
       1
       0
       0
       0
       0
       0
       0
       0
       0
       0
       1
       0
       0
       0
       0
       0
       0
       0
       0
       0
       0
       0
       0
       0
       0
       0
       0
       0
       0
       0
       0
       0
       0
       0
       0
       0
       0
       0
       0
       1
       0
       0
       0
       0
       0
       0
       0
       0
       0
       0
       0
       0
       0
       0
       0
       0
       0
       0
       0
       0
       0
       0
       0
       0
       0
       0
       0
       1
       0
       0
       0
       0
       0
       0
       0
       0
       0
       0
       0
       0
       0
       0
       0
       0
       0
       0
       0
       0
       0
       0
       0
       0
       0
       0
       1
       1
       0
       0
       0
       0
       0
       1
       0
       0
       0
       0
       0
       0
       0
       0
       0
       0
       0
       0
       0
       0
       0
       0
       1
       0
       0
       0
       0
       0
       0
       0
       0
       0
       0
       0
       0
       0
       0
       1
       0
       0
       0
       0
       0
       0
       0
       0
       0
       0
       0
       0
       0
       0
       0
       0
       0
       0
       0
       0
       0
       0
       1
       0
       0
       0
       0
       1
       0
       0
       0
       0
       0
       0
       1
       0
       0
       0
       0
       0
       0
       1
       0
       0
       0
       0
       0
       0
       0
       0
       0
       0
       0
       0
       0
       0
       0
       0
       0
       0
       0
       0
       0
       0
       0
       0
       0
       0
       0
       0
       0
       0
       0
       0
       0
       0
       0
       0
       0
       0
       0
       0
       0
       0
       0
       0
       0
       0
       0
       0
       0
       0
       0
       0
       0
       0
       0
       0
       0
       0
       0
       0
       0
       0
       0
       0
       0
       0
       0
       0
       0
       0
       0
       0
       0
       0
       0
       0
       0
       0
       0
       0
       0
       0
       0
       1
       0
       0
       0
       0
       0
       0
       0
       0
       0
       0
       0
       0
       0
       0
       0
       0
       0
       0
       0
       0
       0
       0
       0
       0
       0
       0
       0
       0
       0
       0
       0
       0
       0
       0
       0
       0
       0
       0
       0
       0
       1
       0
       0
       0
       0
       0
       0
       0
       0
       0
       0
       0
       0
       0
       0
       0
       0
       0
       0
       0
       0
       0
       0
       0
       0
       0
       0
       0
       0
       0
       0
       0
       0
       0
       0
       0
       0
       0
       0
       0
       0
       0
       0
       0
       0
       0
       0
       0
       0
       0
       0
       0
       0
       0
       0
       0
       0
       0
       0
       0
       0
       0
       0
       0
       0
       0
       0
       0
       0
       0
       0
       0
       0
       0
       0
       0
       0
       0
       0
       0
       0
       0
       0
       0
       0
       0
       0
       0
       1
       0
       0
       0
       0
       0
       0
       0
       0
       0
       0
       0
       0
       0
       0
       0
       0
       0
       0
       0
       0
       0
       0
       0
       0
       0
       0
       0
       0
       0
       0
       0
       0
       0
       0
       0
       0
       0
       0
       0
       0
       0
       0
       0
       0
       0
       0
       0
       0
       0
       0
       0
       0
       0
       0
       0
       0
       0
       0
       0
       0
       0
       0
       0
       0
       0
       0
       0
       0
       0
       0
       0
       0
       0
       0
       0
       0
       0
       0
       0
       0
       0
       0
       0
       0
       0
       0
       0
       0
       0
       0
       0
       0
       0
       0
       0
       0
       0
       0
       0
       0
       0
       0
       0
       0
       0
       0
       0
       0
       0
       0
       0
       0
       0
       0
       0
       0
       0
       0
       0
       0
       0
       0
       0
       0
       0
       0
       0
       0
       0
       0
       0
       0
       0
       0
       0
       0
       0
       0
       0
       0
       0
       0
       0
       0
       0
       0
       0
       0
       0
       0
       0
       0
       0
       0
       0
       0
       0
       0
       0
       0
       0
       0
       0
       0
       0
       0
       0
       0
       0
       0
       0
       0
       0
       0
       0
       0
       0
       0
       0
       0
       0
       0
       0
       0
       0
       0
       0
       0
       0
       0
       0
       0
       0
       0
       0
       0
       0
       0
       0
       0
       0
       0
       0
       0
       0
       0
       0
       0
       0
       0
       0
       0
       0
       0
       0
       0
       0
       0
       0
       0
       0
       0
       0
       0
       0
       0
       0
       0
       0
       0
       0
       0
       0
       0
       0
       0
       0
       0
       0
       0
       0
       0
       0
       0
       0
       0
       0
       0
       0
       0
       0
       0
       0
       0
       0
       0
       0
       0
       0
       0
       0
       0
       0
       0
       0
       0
       0
       0
       0
       0
       0
       0
       0
       0
       0
       0
       0
       0
       0
       0
       0
       0
       0
       0
       0
       0
       0
       0
       0
       0
       0
       0
       0
       0
       0
       0
       0
       0
       0
       0
       0
       0
       0
       0
       0
       0
       0
       0
       0
       0
       0
       0
       0
       0
       0
       0
       0
       0
       0
       0
       0
       0
       0
       0
       0
       0
       0
       0
       0
       0
       0
       0
       0
       0
       0
       0
       0
       0
       0
       0
       0
       0
       0
       0
       0
       0
       0
       0
       0
       0
       0
       0
       0
       0
       0
       0
       0
       0
       0
       0
       0
       0
       0
       0
       0
       0
       0
       0
       0
       0
       0
       0
       0
       0
       0
       0
       0
       0
$ROI:
1
921 1079
$PRESETS:
None
0
0
$ENER_FIT:
0.000000 6.583851
$MCA_CAL:
3
0.000000E+000 6.583851E+000 0.000000E+000 keV
$SHAPE_CAL:
3
0.000000E+000 0.000000E+000 0.000000E+000
