$SPEC_ID:
Run 608, Background
$SPEC_REM:
DET# 1
DETDESC# Electrostatic MCA
AP# Maestro Version 6.08
$DATE_MEA:
09/24/2020 16:21:39
$MEAS_TIM:
428462 626447
$DATA:
0 2047
       0
       0
       0
       0
       0
       0
       0
       0
       0
       0
       0
       0
       0
       0
       0
       0
       0
       0
       0
       0
       0
       0
       0
       0
       0
       0
       0
       0
       0
       0
       0
       0
       0
       0
       0
       0
       0
       0
       0
       0
       0
       0
       0
       0
       0
       0
       0
       0
       0
       0
       0
       0
       0
       0
       0
       0
       0
       0
       0
       0
       0
       0
       0
       0
       0
       0
       0
       0
       3
  639187
288853348
374461160
365796153
357183716
348519460
339835128
331187035
322486780
313781906
305192138
296599481
288077499
279621013
271236696
262957914
254737285
246632025
238622807
230773122
222996899
215365599
207872562
200528643
193319424
186292505
179317570
172589574
166006021
159544518
153288682
147142685
141206558
135404267
129793926
124299342
119023425
113866801
108896210
104102832
99417304
94936857
90583251
86391328
82348300
78449435
74699397
71087082
67627620
64282973
61104095
58032210
55098942
52271947
49574006
46979265
44524144
42173603
39919673
37775379
35723323
33765986
31911571
30132322
28444069
26860386
25331886
23869453
22507148
21205893
19969418
18795997
17696119
16633505
15646414
14702907
13817192
12976777
12187695
11435766
10736181
10069527
 9441702
 8847691
 8290247
 7768543
 7273933
 6809787
 6371556
 5963850
 5577083
 5214846
 4868515
 4551894
 4256176
 3974555
 3714030
 3460569
 3234445
 3014498
 2812116
 2624238
 2445618
 2280080
 2125640
 1980376
 1842927
 1717384
 1597891
 1490084
 1385485
 1288730
 1199597
 1114217
 1036790
  964239
  896871
  832797
  775943
  721017
  667795
  621814
  577443
  535750
  497555
  462495
  430278
  399996
  370373
  343546
  319142
  296891
  276546
  255180
  237621
  221948
  204172
  191006
  177855
  165082
  153925
  142286
  132494
  123727
  114484
  107110
   99699
   92902
   86993
   81265
   75191
   70453
   65741
   61926
   57161
   53993
   50435
   47128
   44500
   41642
   39228
   36635
   34378
   32387
   31156
   28904
   27042
   25690
   24217
   22821
   21628
   20596
   19368
   18340
   17356
   16799
   15955
   15102
   14384
   13798
   12949
   12217
   11783
   11332
   10670
   10117
    9860
    9359
    8826
    8407
    8038
    7808
    7407
    7143
    6849
    6596
    6141
    5988
    5822
    5420
    5231
    4925
    4637
    4603
    4374
    4187
    4185
    3933
    3533
    3472
    3360
    3291
    3090
    2917
    2837
    2669
    2627
    2499
    2342
    2193
    2180
    2035
    1898
    1838
    1763
    1693
    1569
    1537
    1428
    1410
    1323
    1288
    1190
    1140
    1091
    1004
     922
     892
     910
     861
     745
     739
     725
     644
     601
     600
     619
     536
     518
     472
     486
     466
     382
     355
     376
     330
     371
     285
     270
     286
     274
     242
     228
     217
     217
     175
     173
     175
     166
     152
     157
     122
     119
     114
     108
     115
      89
      83
      95
      90
      92
      73
      87
      78
      71
      57
      59
      49
      62
      40
      40
      35
      40
      41
      40
      38
      25
      19
      21
      21
      19
      21
      19
      18
      24
      18
      12
      15
      16
       9
      18
      11
       8
      18
       4
       6
       6
      13
       6
       8
       7
       5
       9
       4
      10
       8
       6
       4
       3
       3
       3
       4
       2
       3
       3
       7
       4
       4
       3
       4
       2
       2
       3
       3
       5
       0
       6
       4
       1
       5
       3
       3
       2
       3
       1
       5
       0
       0
       0
       1
       4
       3
       2
       2
       1
       2
       5
       0
       2
       1
       1
       1
       1
       2
       2
       0
       4
       2
       1
       3
       1
       0
       0
       2
       3
       0
       0
       1
       2
       0
       1
       1
       1
       4
       1
       1
       4
       0
       1
       0
       2
       0
       1
       1
       0
       0
       2
       0
       1
       1
       0
       1
       0
       0
       0
       0
       0
       1
       0
       0
       0
       0
       0
       3
       1
       0
       1
       0
       2
       1
       2
       1
       0
       0
       1
       3
       1
       0
       1
       0
       0
       1
       0
       1
       2
       0
       0
       1
       0
       0
       1
       1
       0
       1
       0
       0
       1
       1
       0
       1
       1
       0
       0
       0
       2
       0
       0
       0
       2
       1
       0
       0
       0
       2
       0
       0
       0
       2
       0
       1
       0
       0
       0
       0
       1
       0
       1
       0
       0
       0
       0
       1
       0
       1
       0
       0
       1
       0
       1
       0
       0
       1
       0
       0
       0
       0
       0
       0
       0
       0
       1
       0
       0
       0
       2
       0
       0
       0
       0
       0
       1
       0
       0
       0
       1
       1
       0
       1
       0
       1
       0
       1
       0
       0
       0
       0
       0
       0
       0
       0
       0
       0
       0
       0
       0
       1
       1
       0
       0
       1
       1
       0
       0
       1
       0
       2
       0
       0
       1
       0
       2
       0
       1
       0
       0
       0
       1
       1
       0
       0
       1
       0
       0
       1
       0
       1
       1
       2
       0
       1
       0
       0
       0
       0
       0
       0
       0
       0
       0
       0
       0
       0
       2
       0
       0
       0
       0
       1
       0
       0
       0
       0
       0
       0
       0
       0
       0
       1
       0
       0
       1
       0
       0
       0
       0
       0
       0
       1
       1
       0
       0
       0
       1
       0
       1
       0
       0
       0
       0
       0
       0
       0
       0
       0
       0
       0
       0
       1
       0
       2
       0
       1
       1
       0
       0
       0
       2
       1
       0
       1
       0
       2
       0
       0
       0
       0
       0
       0
       0
       0
       0
       0
       0
       0
       0
       0
       0
       0
       0
       0
       0
       0
       0
       1
       0
       0
       0
       0
       1
       0
       1
       0
       1
       1
       0
       0
       0
       0
       1
       0
       0
       0
       0
       1
       1
       0
       0
       0
       0
       0
       1
       0
       0
       0
       2
       2
       0
       0
       0
       0
       0
       0
       1
       0
       1
       0
       0
       0
       0
       1
       0
       0
       0
       0
       0
       0
       0
       0
       0
       0
       0
       2
       1
       0
       1
       1
       0
       1
       1
       0
       1
       1
       0
       0
       0
       1
       1
       0
       0
       0
       1
       0
       0
       0
       0
       0
       0
       0
       1
       1
       1
       0
       0
       1
       0
       1
       2
       0
       0
       2
       0
       0
       1
       1
       0
       0
       0
       3
       0
       3
       0
       0
       1
       1
       0
       0
       1
       0
       1
       1
       1
       2
       1
       0
       1
       2
       0
       1
       2
       2
       2
       1
       2
       2
       2
       1
       0
       0
       1
       0
       2
       3
       3
       4
       2
       1
       3
       1
       0
       0
       1
       3
       1
       2
       2
       3
       5
       4
       1
       5
       2
       0
       2
       5
       3
       2
       4
       3
       2
       4
       2
       2
       4
       1
       7
       2
       3
       3
       3
       4
       2
       3
       1
       6
       3
       3
       4
       5
       1
       2
       5
       2
      11
       1
       3
       2
       6
       3
       6
       3
       5
       5
       2
       6
       6
       5
       5
       4
       1
       7
       5
       0
       6
       7
       7
       8
       2
       7
       4
       8
       1
       6
       7
       5
       2
       4
       6
       8
       4
       8
       1
       3
       7
       2
       4
       5
       5
       5
       5
       4
       4
       5
       4
       5
       2
       3
       3
       1
       4
       3
       4
       2
       7
       4
       0
       7
       3
       2
       6
       4
       1
       2
       0
       5
       3
       2
       4
       5
       4
       4
       6
       4
       3
       2
       4
       2
       1
       2
       4
       0
       2
       1
       3
       3
       0
       3
       1
       2
       0
       1
       2
       2
       0
       2
       3
       1
       1
       2
       1
       0
       3
       1
       2
       1
       1
       1
       1
       0
       1
       0
       1
       2
       1
       0
       1
       1
       0
       2
       2
       0
       2
       1
       0
       0
       1
       0
       1
       0
       1
       0
       0
       0
       1
       0
       0
       1
       2
       1
       0
       0
       0
       0
       0
       0
       1
       0
       0
       0
       1
       0
       0
       0
       0
       0
       0
       1
       0
       0
       1
       0
       0
       0
       0
       0
       0
       0
       0
       0
       1
       0
       0
       0
       0
       0
       0
       0
       0
       0
       0
       0
       1
       0
       0
       0
       0
       0
       0
       0
       0
       0
       0
       0
       1
       0
       0
       0
       0
       0
       0
       1
       0
       0
       0
       0
       1
       0
       0
       0
       0
       0
       0
       0
       0
       0
       0
       0
       0
       1
       1
       0
       0
       0
       0
       0
       0
       0
       0
       0
       1
       0
       1
       0
       0
       0
       0
       0
       0
       0
       0
       2
       0
       0
       0
       0
       0
       0
       0
       0
       0
       0
       0
       0
       0
       0
       0
       2
       0
       0
       0
       0
       0
       0
       0
       0
       0
       0
       0
       0
       0
       0
       0
       0
       0
       0
       0
       0
       0
       0
       0
       0
       0
       0
       0
       0
       0
       0
       0
       0
       0
       0
       0
       0
       0
       0
       0
       0
       0
       0
       0
       0
       0
       0
       0
       0
       0
       0
       0
       0
       0
       0
       0
       0
       0
       0
       0
       0
       0
       0
       0
       0
       0
       0
       0
       0
       0
       0
       0
       0
       0
       0
       0
       0
       1
       0
       0
       0
       0
       0
       1
       0
       0
       0
       1
       0
       0
       0
       0
       0
       0
       0
       0
       0
       1
       0
       0
       0
       0
       0
       0
       0
       0
       1
       0
       0
       0
       0
       0
       0
       0
       0
       0
       0
       0
       0
       0
       0
       0
       0
       0
       0
       0
       1
       0
       0
       0
       0
       0
       0
       0
       0
       0
       0
       0
       0
       0
       0
       0
       0
       0
       0
       0
       0
       0
       0
       0
       0
       0
       0
       0
       1
       0
       0
       0
       0
       0
       0
       0
       1
       0
       0
       0
       0
       0
       0
       0
       0
       0
       0
       0
       0
       0
       0
       0
       1
       0
       0
       1
       1
       1
       0
       0
       0
       0
       1
       0
       0
       0
       0
       0
       0
       0
       0
       0
       0
       0
       0
       0
       0
       0
       1
       1
       0
       0
       0
       0
       0
       0
       0
       1
       1
       0
       0
       0
       0
       0
       1
       0
       0
       0
       0
       0
       0
       0
       0
       0
       0
       0
       0
       0
       0
       0
       0
       0
       1
       0
       0
       0
       0
       1
       0
       0
       0
       0
       1
       0
       0
       0
       0
       0
       0
       1
       0
       0
       0
       0
       0
       0
       1
       0
       0
       0
       0
       0
       0
       0
       0
       0
       0
       0
       0
       0
       0
       0
       0
       0
       0
       0
       0
       0
       0
       0
       0
       0
       0
       1
       0
       0
       0
       0
       0
       0
       0
       0
       0
       0
       0
       0
       0
       0
       0
       0
       0
       0
       0
       0
       0
       0
       0
       0
       0
       0
       0
       0
       0
       0
       0
       0
       0
       0
       0
       0
       0
       0
       0
       0
       0
       0
       0
       0
       0
       0
       0
       0
       0
       0
       0
       0
       0
       0
       0
       0
       1
       0
       0
       0
       0
       0
       0
       0
       0
       0
       0
       0
       0
       0
       0
       0
       0
       0
       0
       0
       0
       0
       0
       0
       0
       0
       0
       0
       0
       0
       0
       0
       0
       0
       0
       0
       0
       0
       0
       0
       0
       1
       0
       0
       0
       0
       0
       0
       0
       0
       0
       0
       0
       0
       0
       0
       0
       0
       0
       0
       0
       0
       0
       0
       0
       0
       0
       0
       0
       0
       0
       0
       0
       0
       0
       0
       0
       0
       0
       0
       0
       0
       0
       0
       0
       0
       0
       0
       0
       0
       0
       0
       0
       0
       0
       0
       0
       0
       0
       0
       0
       0
       0
       0
       0
       0
       0
       0
       0
       0
       0
       0
       0
       0
       0
       0
       0
       0
       0
       0
       0
       0
       0
       0
       0
       0
       0
       0
       0
       1
       0
       0
       0
       0
       0
       0
       0
       0
       0
       0
       0
       0
       0
       0
       0
       0
       0
       0
       0
       0
       0
       0
       0
       0
       0
       0
       0
       0
       0
       0
       0
       0
       0
       0
       0
       0
       0
       0
       0
       0
       0
       0
       0
       0
       0
       0
       0
       0
       0
       0
       0
       0
       0
       0
       0
       0
       0
       0
       0
       0
       0
       0
       0
       0
       0
       0
       0
       0
       0
       0
       0
       0
       0
       0
       0
       0
       0
       0
       0
       0
       0
       0
       0
       0
       0
       0
       0
       0
       0
       0
       0
       0
       0
       0
       0
       0
       0
       0
       0
       0
       0
       0
       0
       0
       0
       0
       0
       0
       0
       0
       0
       0
       0
       0
       0
       0
       0
       0
       0
       0
       0
       0
       0
       0
       0
       0
       0
       0
       0
       0
       0
       0
       0
       0
       0
       0
       0
       0
       0
       0
       0
       0
       0
       0
       0
       0
       0
       0
       0
       0
       0
       0
       0
       0
       0
       0
       0
       0
       0
       0
       0
       0
       0
       0
       0
       0
       0
       0
       0
       0
       0
       0
       0
       0
       0
       0
       0
       0
       0
       0
       0
       0
       0
       0
       0
       0
       0
       0
       0
       0
       0
       0
       0
       0
       0
       0
       0
       0
       0
       0
       0
       0
       0
       0
       0
       0
       0
       0
       0
       0
       0
       0
       0
       0
       0
       0
       0
       0
       0
       0
       0
       0
       0
       0
       0
       0
       0
       0
       0
       0
       0
       0
       0
       1
       0
       0
       0
       0
       0
       0
       0
       0
       0
       0
       0
       0
       0
       0
       0
       0
       0
       0
       0
       0
       0
       0
       0
       0
       0
       0
       0
       0
       0
       0
       0
       0
       0
       0
       0
       0
       0
       0
       0
       0
       0
       0
       0
       0
       0
       0
       0
       0
       0
       0
       0
       0
       0
       0
       0
       0
       0
       0
       0
       0
       0
       0
       0
       0
       0
       0
       0
       0
       0
       0
       0
       0
       0
       0
       0
       0
       0
       0
       0
       0
       0
       0
       0
       0
       0
       0
       0
       0
       0
       0
       0
       0
       0
       0
       0
       0
       0
       0
       0
       0
       0
       0
       0
       0
       0
       0
       0
       0
       0
       0
       0
       0
       0
       0
       0
       0
       0
       0
       0
       0
       0
       0
       0
       0
       0
       0
       0
       0
       0
       0
       0
       0
       0
       0
       0
       0
       0
       0
       0
       0
       0
       0
       0
       0
$ROI:
1
921 1079
$PRESETS:
None
0
0
$ENER_FIT:
0.000000 6.583851
$MCA_CAL:
3
0.000000E+000 6.583851E+000 0.000000E+000 keV
$SHAPE_CAL:
3
0.000000E+000 0.000000E+000 0.000000E+000
