$SPEC_ID:
Run 608, Background
$SPEC_REM:
DET# 1
DETDESC# Electrostatic MCA
AP# Maestro Version 6.08
$DATE_MEA:
09/24/2020 16:21:39
$MEAS_TIM:
263101 374428
$DATA:
0 2047
       0
       0
       0
       0
       0
       0
       0
       0
       0
       0
       0
       0
       0
       0
       0
       0
       0
       0
       0
       0
       0
       0
       0
       0
       0
       0
       0
       0
       0
       0
       0
       0
       0
       0
       0
       0
       0
       0
       0
       0
       0
       0
       0
       0
       0
       0
       0
       0
       0
       0
       0
       0
       0
       0
       0
       0
       0
       0
       0
       0
       0
       0
       0
       0
       0
       0
       0
       0
       1
  268772
163210479
212994893
207329375
201705289
196089509
190506344
184962108
179428498
173916085
168498455
163122335
157807821
152556699
147399747
142325186
137300143
132396196
127544712
122836134
118190602
113670358
109247774
104916554
100696805
96604175
92573983
88716710
84938668
81263238
77714422
74255213
70931508
67682423
64567035
61545664
58648517
55829008
53126586
50541703
48014672
45630493
43318865
41099255
38976079
36931811
34982670
33109151
31331096
29619584
28002870
26458546
24975821
23565789
22228700
20946763
19726663
18583490
17488504
16453177
15464913
14534950
13660400
12813440
12021188
11283148
10580305
 9904618
 9284030
 8687456
 8129246
 7603891
 7113105
 6644281
 6204541
 5795973
 5410969
 5043415
 4710065
 4388098
 4093881
 3811743
 3550375
 3305766
 3075155
 2860897
 2662406
 2471862
 2298007
 2137366
 1982634
 1840801
 1706296
 1584128
 1470155
 1365188
 1265428
 1170453
 1087793
 1003533
  930226
  862451
  797658
  738615
  684585
  633117
  583726
  541568
  499911
  462903
  427328
  395493
  365150
  337781
  311655
  287889
  266469
  246176
  227464
  210955
  193766
  180094
  165977
  152934
  141649
  130845
  121370
  112467
  104044
   96120
   88820
   82364
   77079
   70659
   65766
   61443
   56228
   52763
   49155
   45685
   42676
   39506
   36669
   34687
   31932
   30219
   28147
   26390
   25169
   23288
   21682
   20456
   19254
   18132
   17053
   16038
   15291
   14370
   13687
   13112
   12264
   11664
   11017
   10373
   10177
    9437
    8997
    8589
    8072
    7723
    7463
    7051
    6740
    6413
    6075
    5967
    5668
    5336
    5186
    4952
    4622
    4386
    4222
    4145
    3931
    3729
    3586
    3409
    3373
    3212
    2967
    2799
    2708
    2596
    2562
    2356
    2292
    2174
    2113
    1962
    1943
    1685
    1632
    1609
    1562
    1516
    1502
    1373
    1243
    1172
    1169
    1133
    1028
     967
     935
     921
     889
     807
     782
     719
     704
     656
     578
     573
     543
     513
     507
     439
     442
     446
     400
     375
     330
     349
     322
     294
     254
     265
     244
     252
     204
     199
     200
     173
     178
     142
     165
     152
     132
     126
     102
     111
     102
      82
      89
      68
      84
      58
      64
      79
      70
      47
      45
      38
      56
      38
      47
      31
      37
      40
      38
      19
      24
      26
      21
      24
      14
      13
      14
      21
      14
      19
      12
      13
      14
       9
       8
       6
       9
       7
       6
       7
       8
       5
       9
       6
       5
       4
       3
       4
       4
       7
       6
       6
       3
       4
       2
       4
       3
       3
       0
       1
       3
       2
       0
       0
       2
       2
       3
       1
       2
       1
       1
       1
       3
       3
       1
       1
       0
       0
       0
       0
       0
       1
       0
       3
       3
       2
       2
       1
       1
       0
       3
       2
       2
       0
       1
       1
       0
       1
       1
       1
       1
       0
       0
       3
       0
       0
       0
       0
       2
       0
       0
       2
       0
       2
       3
       0
       0
       0
       0
       1
       1
       2
       1
       0
       1
       1
       0
       1
       0
       0
       0
       0
       0
       0
       0
       0
       1
       0
       1
       0
       1
       2
       0
       1
       2
       0
       1
       0
       1
       0
       0
       0
       0
       0
       2
       0
       0
       0
       0
       0
       0
       0
       0
       0
       0
       1
       0
       0
       0
       0
       0
       1
       0
       0
       1
       0
       2
       0
       0
       0
       0
       0
       1
       0
       1
       0
       1
       0
       0
       1
       0
       0
       0
       0
       0
       1
       0
       0
       0
       1
       0
       0
       0
       0
       1
       0
       0
       0
       1
       0
       0
       0
       1
       0
       0
       0
       2
       0
       0
       0
       0
       2
       0
       0
       0
       1
       0
       1
       0
       0
       0
       0
       0
       0
       1
       0
       0
       0
       0
       0
       0
       1
       0
       0
       1
       0
       0
       0
       0
       0
       0
       0
       0
       0
       0
       0
       0
       0
       1
       0
       0
       0
       2
       0
       0
       0
       0
       0
       0
       0
       0
       0
       0
       1
       0
       0
       0
       1
       0
       1
       0
       0
       0
       0
       0
       0
       0
       0
       0
       0
       0
       0
       0
       0
       1
       0
       0
       0
       0
       0
       0
       0
       0
       0
       0
       0
       0
       0
       1
       0
       0
       0
       0
       0
       0
       1
       0
       0
       1
       0
       0
       0
       0
       1
       0
       1
       0
       1
       0
       0
       0
       0
       0
       0
       0
       0
       0
       0
       0
       0
       0
       0
       0
       0
       0
       0
       0
       0
       0
       0
       0
       0
       0
       0
       0
       1
       0
       0
       1
       0
       0
       0
       0
       0
       0
       1
       0
       0
       0
       0
       1
       0
       1
       0
       0
       0
       0
       0
       0
       0
       0
       0
       0
       0
       0
       1
       0
       0
       0
       1
       1
       0
       0
       0
       1
       1
       0
       0
       0
       2
       0
       0
       0
       0
       0
       0
       0
       0
       0
       0
       0
       0
       0
       0
       0
       0
       0
       0
       0
       0
       0
       1
       0
       0
       0
       0
       1
       0
       0
       0
       1
       0
       0
       0
       0
       0
       0
       0
       0
       0
       0
       1
       1
       0
       0
       0
       0
       0
       1
       0
       0
       0
       0
       1
       0
       0
       0
       0
       0
       0
       0
       0
       1
       0
       0
       0
       0
       0
       0
       0
       0
       0
       0
       0
       0
       0
       0
       0
       0
       2
       0
       0
       1
       1
       0
       1
       0
       0
       0
       0
       0
       0
       0
       1
       0
       0
       0
       0
       0
       0
       0
       0
       0
       0
       0
       0
       0
       1
       0
       0
       0
       0
       0
       0
       1
       0
       0
       1
       0
       0
       1
       0
       0
       0
       0
       1
       0
       1
       0
       0
       1
       1
       0
       0
       0
       0
       1
       1
       0
       0
       0
       0
       0
       1
       0
       0
       0
       1
       0
       0
       1
       0
       2
       1
       0
       0
       0
       0
       0
       0
       0
       2
       2
       0
       1
       0
       0
       0
       0
       3
       0
       1
       1
       0
       2
       3
       0
       2
       0
       0
       0
       3
       3
       0
       2
       0
       0
       1
       1
       1
       2
       0
       3
       1
       1
       2
       2
       2
       1
       2
       0
       4
       2
       2
       3
       2
       0
       0
       1
       2
       5
       1
       2
       2
       5
       2
       2
       2
       4
       3
       1
       4
       3
       4
       3
       1
       1
       3
       3
       0
       4
       3
       7
       5
       1
       4
       3
       7
       1
       4
       5
       1
       2
       1
       2
       5
       3
       5
       0
       2
       6
       2
       2
       3
       5
       2
       3
       1
       3
       4
       2
       4
       1
       3
       3
       0
       2
       2
       3
       2
       6
       1
       0
       5
       2
       1
       5
       4
       1
       0
       0
       5
       3
       2
       3
       3
       4
       3
       3
       3
       3
       2
       4
       2
       0
       2
       3
       0
       1
       1
       1
       3
       0
       3
       1
       2
       0
       1
       2
       2
       0
       2
       3
       1
       1
       1
       1
       0
       3
       1
       2
       1
       1
       0
       1
       0
       1
       0
       0
       2
       1
       0
       1
       0
       0
       2
       2
       0
       1
       1
       0
       0
       1
       0
       1
       0
       1
       0
       0
       0
       1
       0
       0
       1
       0
       1
       0
       0
       0
       0
       0
       0
       1
       0
       0
       0
       1
       0
       0
       0
       0
       0
       0
       1
       0
       0
       1
       0
       0
       0
       0
       0
       0
       0
       0
       0
       0
       0
       0
       0
       0
       0
       0
       0
       0
       0
       0
       0
       1
       0
       0
       0
       0
       0
       0
       0
       0
       0
       0
       0
       0
       0
       0
       0
       0
       0
       0
       1
       0
       0
       0
       0
       0
       0
       0
       0
       0
       0
       0
       0
       0
       0
       0
       0
       0
       0
       0
       0
       0
       0
       0
       0
       0
       0
       0
       0
       1
       0
       0
       0
       0
       0
       0
       0
       0
       0
       0
       0
       0
       0
       0
       0
       0
       0
       0
       0
       0
       0
       0
       0
       0
       0
       0
       1
       0
       0
       0
       0
       0
       0
       0
       0
       0
       0
       0
       0
       0
       0
       0
       0
       0
       0
       0
       0
       0
       0
       0
       0
       0
       0
       0
       0
       0
       0
       0
       0
       0
       0
       0
       0
       0
       0
       0
       0
       0
       0
       0
       0
       0
       0
       0
       0
       0
       0
       0
       0
       0
       0
       0
       0
       0
       0
       0
       0
       0
       0
       0
       0
       0
       0
       0
       0
       0
       0
       0
       0
       0
       0
       0
       0
       0
       0
       0
       0
       0
       0
       0
       0
       0
       0
       1
       0
       0
       0
       0
       0
       0
       0
       0
       0
       0
       0
       0
       0
       0
       0
       0
       0
       0
       0
       0
       0
       0
       0
       0
       0
       0
       0
       0
       0
       0
       0
       0
       0
       0
       0
       0
       0
       0
       1
       0
       0
       0
       0
       0
       0
       0
       0
       0
       0
       0
       0
       0
       0
       0
       0
       0
       0
       0
       0
       0
       0
       0
       0
       0
       0
       0
       1
       0
       0
       0
       0
       0
       0
       0
       0
       0
       0
       0
       0
       0
       0
       0
       0
       0
       0
       0
       0
       0
       0
       0
       0
       0
       0
       1
       1
       0
       0
       0
       0
       0
       1
       0
       0
       0
       0
       0
       0
       0
       0
       0
       0
       0
       0
       0
       0
       0
       0
       1
       0
       0
       0
       0
       0
       0
       0
       0
       0
       0
       0
       0
       0
       0
       1
       0
       0
       0
       0
       0
       0
       0
       0
       0
       0
       0
       0
       0
       0
       0
       0
       0
       0
       0
       0
       0
       0
       1
       0
       0
       0
       0
       1
       0
       0
       0
       0
       0
       0
       1
       0
       0
       0
       0
       0
       0
       0
       0
       0
       0
       0
       0
       0
       0
       0
       0
       0
       0
       0
       0
       0
       0
       0
       0
       0
       0
       0
       0
       0
       0
       0
       0
       0
       0
       0
       0
       0
       0
       0
       0
       0
       0
       0
       0
       0
       0
       0
       0
       0
       0
       0
       0
       0
       0
       0
       0
       0
       0
       0
       0
       0
       0
       0
       0
       0
       0
       0
       0
       0
       0
       0
       0
       0
       0
       0
       0
       0
       0
       0
       0
       0
       0
       0
       0
       0
       0
       0
       0
       0
       0
       1
       0
       0
       0
       0
       0
       0
       0
       0
       0
       0
       0
       0
       0
       0
       0
       0
       0
       0
       0
       0
       0
       0
       0
       0
       0
       0
       0
       0
       0
       0
       0
       0
       0
       0
       0
       0
       0
       0
       0
       0
       0
       0
       0
       0
       0
       0
       0
       0
       0
       0
       0
       0
       0
       0
       0
       0
       0
       0
       0
       0
       0
       0
       0
       0
       0
       0
       0
       0
       0
       0
       0
       0
       0
       0
       0
       0
       0
       0
       0
       0
       0
       0
       0
       0
       0
       0
       0
       0
       0
       0
       0
       0
       0
       0
       0
       0
       0
       0
       0
       0
       0
       0
       0
       0
       0
       0
       0
       0
       0
       0
       0
       0
       0
       0
       0
       0
       0
       0
       0
       0
       0
       0
       0
       0
       0
       0
       0
       0
       1
       0
       0
       0
       0
       0
       0
       0
       0
       0
       0
       0
       0
       0
       0
       0
       0
       0
       0
       0
       0
       0
       0
       0
       0
       0
       0
       0
       0
       0
       0
       0
       0
       0
       0
       0
       0
       0
       0
       0
       0
       0
       0
       0
       0
       0
       0
       0
       0
       0
       0
       0
       0
       0
       0
       0
       0
       0
       0
       0
       0
       0
       0
       0
       0
       0
       0
       0
       0
       0
       0
       0
       0
       0
       0
       0
       0
       0
       0
       0
       0
       0
       0
       0
       0
       0
       0
       0
       0
       0
       0
       0
       0
       0
       0
       0
       0
       0
       0
       0
       0
       0
       0
       0
       0
       0
       0
       0
       0
       0
       0
       0
       0
       0
       0
       0
       0
       0
       0
       0
       0
       0
       0
       0
       0
       0
       0
       0
       0
       0
       0
       0
       0
       0
       0
       0
       0
       0
       0
       0
       0
       0
       0
       0
       0
       0
       0
       0
       0
       0
       0
       0
       0
       0
       0
       0
       0
       0
       0
       0
       0
       0
       0
       0
       0
       0
       0
       0
       0
       0
       0
       0
       0
       0
       0
       0
       0
       0
       0
       0
       0
       0
       0
       0
       0
       0
       0
       0
       0
       0
       0
       0
       0
       0
       0
       0
       0
       0
       0
       0
       0
       0
       0
       0
       0
       0
       0
       0
       0
       0
       0
       0
       0
       0
       0
       0
       0
       0
       0
       0
       0
       0
       0
       0
       0
       0
       0
       0
       0
       0
       0
       0
       0
       0
       0
       0
       0
       0
       0
       0
       0
       0
       0
       0
       0
       0
       0
       0
       0
       0
       0
       0
       0
       0
       0
       0
       0
       0
       0
       0
       0
       0
       0
       0
       0
       0
       0
       0
       0
       0
       0
       0
       0
       0
       0
       0
       0
       0
       0
       0
       0
       0
       0
       0
       0
       0
       0
       0
       0
       0
       0
       0
       0
       0
       0
       0
       0
       0
       0
       0
       0
       0
       0
       0
       0
       0
       0
       0
       0
       0
       0
       0
       0
       0
       0
       0
       0
       0
       0
       0
       0
       0
       0
       0
       0
       0
       0
       0
       0
       0
       0
       0
       0
       0
       0
       0
       0
       0
       0
       0
       0
       0
       0
       0
       0
       0
       0
       0
       0
       0
       0
       0
       0
       0
       0
       0
       0
       0
       0
       0
       0
       0
       0
       0
       0
       0
       0
       0
       0
       0
       0
       0
       0
       0
       0
       0
       0
       0
       0
$ROI:
1
921 1079
$PRESETS:
None
0
0
$ENER_FIT:
0.000000 6.583851
$MCA_CAL:
3
0.000000E+000 6.583851E+000 0.000000E+000 keV
$SHAPE_CAL:
3
0.000000E+000 0.000000E+000 0.000000E+000
