$SPEC_ID:
Run 608, Background
$SPEC_REM:
DET# 1
DETDESC# Electrostatic MCA
AP# Maestro Version 6.08
$DATE_MEA:
09/24/2020 16:21:39
$MEAS_TIM:
391268 568842
$DATA:
0 2047
       0
       0
       0
       0
       0
       0
       0
       0
       0
       0
       0
       0
       0
       0
       0
       0
       0
       0
       0
       0
       0
       0
       0
       0
       0
       0
       0
       0
       0
       0
       0
       0
       0
       0
       0
       0
       0
       0
       0
       0
       0
       0
       0
       0
       0
       0
       0
       0
       0
       0
       0
       0
       0
       0
       0
       0
       0
       0
       0
       0
       0
       0
       0
       0
       0
       0
       0
       0
       1
  503115
259096451
337066909
329049649
321055915
313026544
305018857
297020120
289006867
280981336
273067661
265176561
257334348
249587820
241903251
234320593
226808027
219391850
212088466
204920334
197843673
190899860
184091342
177420149
170882025
164516672
158197167
152115750
146167806
140340946
134699579
129160911
123829468
118617858
113583366
108656257
103929297
99317414
94869440
90594305
86413450
82426334
78551233
74830187
71239781
67781349
64461094
61269211
58214424
55267745
52454477
49760071
47177178
44697361
42329530
40058859
37905116
35856241
33887773
32021445
30234803
28539004
26934284
25384837
23927645
22557419
21242295
19981836
18808877
17690448
16629624
15625230
14687333
13778928
12938968
12136625
11384657
10669894
10001991
 9367321
 8778242
 8215827
 7688983
 7189931
 6722907
 6287808
 5875299
 5486566
 5125044
 4784925
 4464606
 4165867
 3880563
 3621080
 3377108
 3146287
 2933380
 2725711
 2543118
 2363584
 2200705
 2047824
 1903647
 1771354
 1646716
 1530687
 1420170
 1320731
 1226065
 1139814
 1056569
  980717
  911239
  844381
  783498
  726825
  675209
  624908
  580024
  538676
  496626
  461879
  428010
  395613
  367086
  340316
  315852
  293062
  270827
  250600
  232701
  216302
  200783
  184998
  172441
  160446
  147060
  137964
  128167
  118636
  110689
  102101
   95078
   88811
   82092
   77087
   71606
   66868
   62760
   58485
   54258
   50923
   47446
   44649
   41386
   39122
   36661
   34386
   32518
   30494
   28796
   26967
   25376
   23925
   23077
   21500
   20181
   19247
   18179
   17138
   16419
   15656
   14666
   14039
   13313
   13008
   12235
   11608
   11053
   10731
    9973
    9537
    9147
    8804
    8335
    7892
    7793
    7397
    6974
    6714
    6326
    6174
    5820
    5677
    5372
    5184
    4883
    4764
    4592
    4307
    4163
    3865
    3693
    3629
    3459
    3320
    3322
    3107
    2822
    2734
    2686
    2595
    2449
    2300
    2200
    2100
    2032
    1924
    1791
    1730
    1708
    1597
    1419
    1431
    1357
    1307
    1243
    1136
    1110
    1085
    1005
     980
     887
     865
     811
     764
     675
     690
     680
     645
     556
     563
     528
     481
     464
     448
     457
     379
     377
     347
     344
     344
     278
     270
     265
     216
     256
     182
     189
     214
     200
     169
     168
     145
     156
     122
     125
     116
     107
     104
     114
      89
      89
      81
      68
      88
      53
      52
      69
      57
      61
      47
      55
      54
      47
      38
      39
      27
      36
      27
      26
      22
      27
      26
      28
      26
      15
      11
      14
      14
      12
      13
      12
      12
      14
      13
       7
      10
       9
       5
       8
       7
       7
      13
       1
       4
       5
       9
       6
       6
       4
       4
       6
       3
       6
       6
       2
       4
       1
       2
       2
       2
       0
       1
       0
       5
       4
       3
       3
       4
       1
       1
       3
       2
       4
       0
       4
       1
       1
       2
       2
       2
       1
       3
       0
       4
       0
       0
       0
       1
       3
       1
       0
       2
       0
       2
       4
       0
       1
       1
       0
       1
       1
       2
       2
       0
       3
       1
       0
       2
       0
       0
       0
       2
       0
       0
       0
       1
       1
       0
       1
       0
       1
       3
       0
       1
       3
       0
       1
       0
       1
       0
       0
       1
       0
       0
       2
       0
       1
       0
       0
       1
       0
       0
       0
       0
       0
       1
       0
       0
       0
       0
       0
       2
       1
       0
       1
       0
       2
       0
       1
       0
       0
       0
       1
       0
       1
       0
       1
       0
       0
       1
       0
       0
       1
       0
       0
       1
       0
       0
       0
       1
       0
       0
       0
       0
       1
       0
       0
       1
       1
       0
       0
       0
       1
       0
       0
       0
       2
       0
       0
       0
       0
       2
       0
       0
       0
       1
       0
       1
       0
       0
       0
       0
       1
       0
       1
       0
       0
       0
       0
       0
       0
       1
       0
       0
       1
       0
       1
       0
       0
       0
       0
       0
       0
       0
       0
       0
       0
       0
       1
       0
       0
       0
       2
       0
       0
       0
       0
       0
       0
       0
       0
       0
       0
       1
       0
       1
       0
       1
       0
       1
       0
       0
       0
       0
       0
       0
       0
       0
       0
       0
       0
       0
       0
       0
       1
       0
       0
       1
       1
       0
       0
       0
       0
       1
       0
       0
       1
       0
       2
       0
       1
       0
       0
       0
       0
       1
       0
       0
       1
       0
       0
       0
       0
       1
       0
       2
       0
       1
       0
       0
       0
       0
       0
       0
       0
       0
       0
       0
       0
       0
       0
       0
       0
       0
       0
       1
       0
       0
       0
       0
       0
       0
       0
       0
       0
       1
       0
       0
       1
       0
       0
       0
       0
       0
       0
       1
       1
       0
       0
       0
       1
       0
       1
       0
       0
       0
       0
       0
       0
       0
       0
       0
       0
       0
       0
       1
       0
       2
       0
       1
       1
       0
       0
       0
       1
       1
       0
       0
       0
       2
       0
       0
       0
       0
       0
       0
       0
       0
       0
       0
       0
       0
       0
       0
       0
       0
       0
       0
       0
       0
       0
       1
       0
       0
       0
       0
       1
       0
       1
       0
       1
       1
       0
       0
       0
       0
       1
       0
       0
       0
       0
       1
       1
       0
       0
       0
       0
       0
       1
       0
       0
       0
       1
       1
       0
       0
       0
       0
       0
       0
       0
       0
       1
       0
       0
       0
       0
       1
       0
       0
       0
       0
       0
       0
       0
       0
       0
       0
       0
       2
       1
       0
       1
       1
       0
       1
       1
       0
       1
       0
       0
       0
       0
       1
       1
       0
       0
       0
       1
       0
       0
       0
       0
       0
       0
       0
       0
       1
       1
       0
       0
       1
       0
       1
       1
       0
       0
       2
       0
       0
       1
       1
       0
       0
       0
       3
       0
       3
       0
       0
       1
       1
       0
       0
       1
       0
       1
       1
       1
       0
       0
       0
       1
       2
       0
       0
       2
       2
       1
       0
       2
       1
       2
       1
       0
       0
       1
       0
       1
       2
       2
       3
       2
       1
       3
       1
       0
       0
       1
       3
       0
       2
       1
       3
       3
       4
       1
       4
       1
       0
       1
       4
       3
       1
       4
       2
       1
       3
       2
       2
       4
       0
       7
       2
       3
       3
       3
       3
       2
       3
       1
       6
       3
       3
       4
       5
       1
       2
       5
       2
       9
       1
       2
       2
       5
       3
       6
       3
       5
       3
       2
       5
       6
       5
       5
       4
       1
       7
       5
       0
       6
       6
       7
       6
       2
       5
       4
       8
       1
       6
       7
       5
       2
       4
       4
       8
       4
       7
       0
       3
       7
       2
       4
       3
       5
       5
       5
       3
       4
       5
       4
       5
       2
       3
       3
       1
       4
       3
       4
       2
       7
       4
       0
       7
       3
       1
       6
       4
       1
       2
       0
       5
       3
       2
       3
       5
       4
       4
       6
       4
       3
       2
       4
       2
       1
       2
       4
       0
       2
       1
       3
       3
       0
       3
       1
       2
       0
       1
       2
       2
       0
       2
       3
       1
       1
       2
       1
       0
       3
       1
       2
       1
       1
       1
       1
       0
       1
       0
       1
       2
       1
       0
       1
       1
       0
       2
       2
       0
       1
       1
       0
       0
       1
       0
       1
       0
       1
       0
       0
       0
       1
       0
       0
       1
       0
       1
       0
       0
       0
       0
       0
       0
       1
       0
       0
       0
       1
       0
       0
       0
       0
       0
       0
       1
       0
       0
       1
       0
       0
       0
       0
       0
       0
       0
       0
       0
       1
       0
       0
       0
       0
       0
       0
       0
       0
       0
       0
       0
       1
       0
       0
       0
       0
       0
       0
       0
       0
       0
       0
       0
       0
       0
       0
       0
       0
       0
       0
       1
       0
       0
       0
       0
       1
       0
       0
       0
       0
       0
       0
       0
       0
       0
       0
       0
       0
       0
       0
       0
       0
       0
       0
       0
       0
       0
       0
       0
       1
       0
       1
       0
       0
       0
       0
       0
       0
       0
       0
       0
       0
       0
       0
       0
       0
       0
       0
       0
       0
       0
       0
       0
       0
       0
       0
       1
       0
       0
       0
       0
       0
       0
       0
       0
       0
       0
       0
       0
       0
       0
       0
       0
       0
       0
       0
       0
       0
       0
       0
       0
       0
       0
       0
       0
       0
       0
       0
       0
       0
       0
       0
       0
       0
       0
       0
       0
       0
       0
       0
       0
       0
       0
       0
       0
       0
       0
       0
       0
       0
       0
       0
       0
       0
       0
       0
       0
       0
       0
       0
       0
       0
       0
       0
       0
       0
       0
       0
       0
       0
       0
       0
       0
       1
       0
       0
       0
       0
       0
       1
       0
       0
       0
       1
       0
       0
       0
       0
       0
       0
       0
       0
       0
       1
       0
       0
       0
       0
       0
       0
       0
       0
       1
       0
       0
       0
       0
       0
       0
       0
       0
       0
       0
       0
       0
       0
       0
       0
       0
       0
       0
       0
       1
       0
       0
       0
       0
       0
       0
       0
       0
       0
       0
       0
       0
       0
       0
       0
       0
       0
       0
       0
       0
       0
       0
       0
       0
       0
       0
       0
       1
       0
       0
       0
       0
       0
       0
       0
       1
       0
       0
       0
       0
       0
       0
       0
       0
       0
       0
       0
       0
       0
       0
       0
       1
       0
       0
       1
       1
       1
       0
       0
       0
       0
       1
       0
       0
       0
       0
       0
       0
       0
       0
       0
       0
       0
       0
       0
       0
       0
       0
       1
       0
       0
       0
       0
       0
       0
       0
       0
       1
       0
       0
       0
       0
       0
       1
       0
       0
       0
       0
       0
       0
       0
       0
       0
       0
       0
       0
       0
       0
       0
       0
       0
       1
       0
       0
       0
       0
       1
       0
       0
       0
       0
       1
       0
       0
       0
       0
       0
       0
       1
       0
       0
       0
       0
       0
       0
       1
       0
       0
       0
       0
       0
       0
       0
       0
       0
       0
       0
       0
       0
       0
       0
       0
       0
       0
       0
       0
       0
       0
       0
       0
       0
       0
       0
       0
       0
       0
       0
       0
       0
       0
       0
       0
       0
       0
       0
       0
       0
       0
       0
       0
       0
       0
       0
       0
       0
       0
       0
       0
       0
       0
       0
       0
       0
       0
       0
       0
       0
       0
       0
       0
       0
       0
       0
       0
       0
       0
       0
       0
       0
       0
       0
       0
       0
       0
       0
       0
       0
       0
       0
       1
       0
       0
       0
       0
       0
       0
       0
       0
       0
       0
       0
       0
       0
       0
       0
       0
       0
       0
       0
       0
       0
       0
       0
       0
       0
       0
       0
       0
       0
       0
       0
       0
       0
       0
       0
       0
       0
       0
       0
       0
       1
       0
       0
       0
       0
       0
       0
       0
       0
       0
       0
       0
       0
       0
       0
       0
       0
       0
       0
       0
       0
       0
       0
       0
       0
       0
       0
       0
       0
       0
       0
       0
       0
       0
       0
       0
       0
       0
       0
       0
       0
       0
       0
       0
       0
       0
       0
       0
       0
       0
       0
       0
       0
       0
       0
       0
       0
       0
       0
       0
       0
       0
       0
       0
       0
       0
       0
       0
       0
       0
       0
       0
       0
       0
       0
       0
       0
       0
       0
       0
       0
       0
       0
       0
       0
       0
       0
       0
       1
       0
       0
       0
       0
       0
       0
       0
       0
       0
       0
       0
       0
       0
       0
       0
       0
       0
       0
       0
       0
       0
       0
       0
       0
       0
       0
       0
       0
       0
       0
       0
       0
       0
       0
       0
       0
       0
       0
       0
       0
       0
       0
       0
       0
       0
       0
       0
       0
       0
       0
       0
       0
       0
       0
       0
       0
       0
       0
       0
       0
       0
       0
       0
       0
       0
       0
       0
       0
       0
       0
       0
       0
       0
       0
       0
       0
       0
       0
       0
       0
       0
       0
       0
       0
       0
       0
       0
       0
       0
       0
       0
       0
       0
       0
       0
       0
       0
       0
       0
       0
       0
       0
       0
       0
       0
       0
       0
       0
       0
       0
       0
       0
       0
       0
       0
       0
       0
       0
       0
       0
       0
       0
       0
       0
       0
       0
       0
       0
       0
       0
       0
       0
       0
       0
       0
       0
       0
       0
       0
       0
       0
       0
       0
       0
       0
       0
       0
       0
       0
       0
       0
       0
       0
       0
       0
       0
       0
       0
       0
       0
       0
       0
       0
       0
       0
       0
       0
       0
       0
       0
       0
       0
       0
       0
       0
       0
       0
       0
       0
       0
       0
       0
       0
       0
       0
       0
       0
       0
       0
       0
       0
       0
       0
       0
       0
       0
       0
       0
       0
       0
       0
       0
       0
       0
       0
       0
       0
       0
       0
       0
       0
       0
       0
       0
       0
       0
       0
       0
       0
       0
       0
       0
       0
       0
       0
       0
       0
       0
       0
       0
       0
       0
       0
       0
       0
       0
       0
       0
       0
       0
       0
       0
       0
       0
       0
       0
       0
       0
       0
       0
       0
       0
       0
       0
       0
       0
       0
       0
       0
       0
       0
       0
       0
       0
       0
       0
       0
       0
       0
       0
       0
       0
       0
       0
       0
       0
       0
       0
       0
       0
       0
       0
       0
       0
       0
       0
       0
       0
       0
       0
       0
       0
       0
       0
       0
       0
       0
       0
       0
       0
       0
       0
       0
       0
       0
       0
       0
       0
       0
       0
       0
       0
       0
       0
       0
       0
       0
       0
       0
       0
       0
       0
       0
       0
       0
       0
       0
       0
       0
       0
       0
       0
       0
       0
       0
       0
       0
       0
       0
       0
       0
       0
       0
       0
       0
       0
       0
       0
       0
       0
       0
       0
       0
       0
       0
       0
       0
       0
       0
       0
       0
       0
       0
       0
       0
       0
       0
       0
       0
       0
       0
       0
       0
       0
       0
       0
       0
       0
$ROI:
1
921 1079
$PRESETS:
None
0
0
$ENER_FIT:
0.000000 6.583851
$MCA_CAL:
3
0.000000E+000 6.583851E+000 0.000000E+000 keV
$SHAPE_CAL:
3
0.000000E+000 0.000000E+000 0.000000E+000
