$SPEC_ID:
Run 608, Background
$SPEC_REM:
DET# 1
DETDESC# Electrostatic MCA
AP# Maestro Version 6.08
$DATE_MEA:
09/24/2020 16:21:39
$MEAS_TIM:
451933 662450
$DATA:
0 2047
       0
       0
       0
       0
       0
       0
       0
       0
       0
       0
       0
       0
       0
       0
       0
       0
       0
       0
       0
       0
       0
       0
       0
       0
       0
       0
       0
       0
       0
       0
       0
       0
       0
       0
       0
       0
       0
       0
       0
       0
       0
       0
       0
       0
       0
       0
       0
       0
       0
       0
       0
       0
       0
       0
       0
       0
       0
       0
       0
       0
       0
       0
       0
       0
       0
       0
       0
       0
       3
  654154
306646645
397827838
388758880
379721085
370630320
361502284
352422844
343272837
334114912
325079535
316043206
307051522
298154502
289295919
280568383
271894740
263330230
254873243
246576160
238357392
230274138
222335539
214559479
206920898
199470237
192077664
184940954
177945866
171082411
164436048
157898494
151590755
145417108
139442259
133585013
127964896
122470884
117166445
112061853
107049554
102272604
97615658
93132314
88803527
84637809
80625039
76756245
73047369
69467045
66054192
62760750
59607621
56579160
53675207
50892749
48246417
45718767
43292910
40980697
38775060
36665354
34666106
32747106
30922485
29211162
27564155
25982620
24509152
23100966
21764117
20493690
19300522
18151113
17078584
16057684
15095084
14183671
13323761
12509186
11747767
11022839
10341703
 9693430
 9086914
 8518479
 7980652
 7473308
 6994906
 6547884
 6126165
 5730725
 5354446
 5007610
 4682429
 4375517
 4090237
 3811620
 3563771
 3323670
 3101568
 2894801
 2699200
 2516496
 2347373
 2187458
 2036663
 1898290
 1766793
 1648324
 1532829
 1427109
 1327458
 1233951
 1147959
 1068962
  994184
  923438
  860217
  799671
  740775
  689631
  640957
  594769
  552417
  513071
  477726
  444342
  411437
  382195
  354379
  329717
  307378
  283415
  264210
  246401
  227087
  212498
  197568
  183347
  171101
  157924
  147032
  137219
  127155
  118925
  110766
  103106
   96592
   90117
   83332
   78013
   72739
   68530
   63276
   59682
   55876
   52205
   49130
   46004
   43360
   40540
   37966
   35757
   34392
   31952
   29891
   28239
   26685
   25123
   23878
   22694
   21401
   20199
   19133
   18491
   17574
   16606
   15826
   15094
   14208
   13475
   12928
   12447
   11743
   11137
   10841
   10354
    9765
    9269
    8861
    8571
    8174
    7906
    7554
    7276
    6787
    6608
    6421
    5984
    5817
    5475
    5148
    5085
    4876
    4668
    4624
    4405
    3934
    3862
    3730
    3648
    3442
    3286
    3175
    3001
    2919
    2804
    2599
    2477
    2459
    2272
    2132
    2041
    2002
    1904
    1761
    1735
    1612
    1581
    1469
    1441
    1342
    1297
    1223
    1145
    1040
    1014
    1055
     977
     861
     842
     810
     731
     681
     686
     685
     618
     598
     541
     548
     518
     442
     414
     424
     388
     426
     328
     335
     325
     316
     290
     263
     247
     244
     205
     206
     197
     189
     180
     173
     142
     137
     128
     123
     132
     104
      98
     119
     103
     105
      78
      96
      87
      76
      66
      70
      61
      68
      43
      51
      43
      46
      47
      42
      39
      30
      22
      25
      25
      26
      25
      20
      23
      25
      22
      15
      18
      18
      11
      18
      11
       9
      21
       4
       7
       6
      13
       9
       8
       8
       7
       9
       6
      13
       9
       6
       5
       4
       3
       3
       5
       3
       4
       3
       7
       4
       4
       3
       4
       2
       2
       3
       3
       5
       0
       6
       4
       1
       5
       3
       5
       3
       3
       1
       5
       0
       1
       0
       1
       4
       3
       2
       2
       1
       2
       5
       0
       2
       1
       1
       1
       1
       2
       2
       0
       4
       2
       1
       3
       1
       0
       0
       2
       3
       0
       0
       1
       2
       0
       1
       1
       1
       4
       1
       1
       4
       0
       1
       0
       2
       0
       1
       1
       0
       0
       2
       0
       1
       1
       0
       1
       0
       0
       0
       0
       0
       1
       0
       0
       0
       0
       0
       3
       1
       1
       1
       0
       2
       1
       2
       1
       0
       0
       1
       3
       2
       0
       1
       0
       0
       1
       0
       1
       2
       0
       0
       1
       0
       0
       1
       1
       0
       1
       0
       0
       1
       1
       0
       2
       1
       0
       0
       0
       2
       0
       0
       0
       2
       1
       0
       0
       0
       2
       0
       0
       0
       2
       0
       1
       0
       0
       0
       0
       1
       0
       1
       0
       0
       0
       0
       1
       0
       1
       0
       0
       1
       0
       1
       0
       0
       1
       0
       0
       0
       0
       0
       0
       0
       0
       1
       0
       0
       0
       2
       0
       0
       0
       0
       0
       1
       0
       0
       0
       1
       1
       0
       1
       0
       1
       0
       1
       0
       0
       0
       0
       0
       0
       0
       0
       0
       0
       0
       0
       0
       1
       1
       0
       0
       1
       1
       0
       0
       1
       0
       2
       0
       0
       1
       0
       2
       0
       1
       0
       0
       0
       1
       1
       0
       0
       1
       0
       0
       1
       0
       1
       1
       2
       0
       1
       0
       0
       0
       0
       0
       0
       0
       0
       0
       0
       0
       0
       2
       0
       0
       0
       0
       1
       0
       0
       0
       0
       0
       0
       0
       0
       0
       1
       0
       0
       1
       0
       0
       0
       0
       0
       0
       1
       1
       0
       0
       0
       1
       0
       1
       0
       0
       0
       0
       0
       0
       0
       0
       0
       0
       0
       0
       1
       0
       2
       0
       1
       1
       0
       0
       0
       2
       1
       0
       1
       0
       2
       0
       0
       0
       0
       0
       0
       0
       0
       0
       0
       0
       0
       0
       1
       0
       1
       0
       0
       0
       0
       0
       1
       0
       0
       0
       0
       1
       0
       1
       0
       1
       1
       0
       0
       0
       0
       1
       0
       0
       0
       0
       1
       1
       0
       0
       0
       0
       0
       1
       0
       0
       0
       2
       2
       0
       0
       0
       0
       0
       0
       1
       0
       1
       0
       0
       0
       0
       1
       0
       0
       0
       0
       0
       0
       0
       0
       0
       0
       0
       2
       1
       0
       1
       1
       0
       1
       1
       0
       1
       1
       0
       0
       0
       1
       1
       0
       0
       0
       1
       0
       0
       0
       0
       0
       0
       0
       1
       1
       1
       0
       0
       1
       0
       1
       2
       0
       0
       2
       0
       0
       1
       1
       0
       0
       0
       3
       0
       3
       1
       0
       1
       2
       0
       0
       2
       0
       1
       1
       1
       2
       1
       0
       1
       2
       0
       2
       2
       2
       2
       1
       2
       2
       2
       1
       0
       0
       1
       0
       2
       3
       3
       4
       2
       1
       3
       1
       0
       0
       1
       3
       1
       3
       2
       3
       5
       5
       1
       5
       3
       0
       3
       5
       4
       2
       4
       3
       4
       5
       2
       2
       4
       1
       7
       2
       3
       3
       4
       4
       2
       3
       1
       6
       3
       4
       4
       6
       2
       3
       5
       2
      11
       1
       3
       2
       6
       3
       7
       3
       5
       5
       2
       6
       6
       7
       5
       4
       1
       7
       5
       0
       6
       7
       7
       9
       2
       7
       4
       9
       2
       6
       8
       5
       2
       4
       6
       8
       4
       8
       1
       3
       7
       2
       5
       5
       5
       5
       5
       4
       4
       5
       4
       5
       2
       3
       3
       1
       4
       3
       4
       2
       7
       4
       0
       7
       3
       2
       6
       4
       1
       2
       0
       6
       3
       2
       4
       5
       4
       4
       6
       4
       3
       2
       4
       2
       1
       2
       4
       0
       2
       1
       3
       3
       0
       3
       1
       2
       0
       1
       2
       2
       0
       2
       3
       1
       1
       2
       1
       0
       3
       1
       2
       1
       1
       1
       1
       0
       1
       0
       1
       2
       1
       0
       1
       1
       0
       2
       2
       0
       2
       1
       0
       0
       1
       0
       1
       0
       1
       0
       0
       0
       1
       0
       0
       1
       2
       1
       0
       0
       0
       0
       0
       0
       2
       0
       0
       0
       1
       1
       0
       0
       0
       0
       0
       1
       0
       0
       1
       0
       0
       0
       0
       0
       0
       0
       0
       0
       1
       0
       0
       0
       0
       0
       0
       0
       0
       0
       0
       0
       1
       0
       0
       0
       0
       0
       0
       1
       0
       0
       0
       0
       1
       0
       0
       0
       0
       0
       0
       1
       0
       0
       0
       0
       1
       0
       0
       0
       0
       0
       0
       0
       0
       0
       0
       0
       0
       1
       1
       0
       0
       0
       0
       0
       0
       0
       0
       0
       1
       0
       1
       0
       0
       0
       0
       0
       0
       0
       0
       2
       0
       0
       0
       0
       0
       0
       0
       0
       0
       0
       0
       0
       0
       0
       0
       2
       0
       0
       0
       0
       0
       0
       0
       0
       0
       0
       0
       0
       0
       0
       0
       0
       0
       0
       0
       0
       0
       0
       0
       0
       0
       0
       0
       0
       0
       0
       0
       0
       0
       0
       0
       0
       0
       0
       0
       0
       0
       0
       0
       0
       0
       0
       0
       0
       0
       0
       0
       0
       0
       0
       0
       0
       0
       0
       0
       0
       0
       0
       0
       0
       0
       0
       0
       0
       0
       0
       0
       0
       0
       0
       0
       0
       1
       0
       0
       0
       0
       0
       1
       0
       0
       0
       1
       0
       0
       0
       0
       0
       0
       0
       0
       0
       1
       0
       0
       0
       0
       0
       0
       0
       0
       1
       0
       0
       0
       0
       0
       0
       0
       0
       1
       0
       0
       0
       0
       0
       0
       0
       0
       0
       0
       1
       0
       0
       0
       0
       0
       0
       0
       0
       0
       0
       0
       0
       0
       0
       0
       0
       0
       0
       0
       0
       0
       0
       0
       0
       0
       0
       0
       1
       0
       0
       0
       0
       1
       0
       0
       1
       0
       0
       0
       0
       0
       0
       0
       0
       0
       0
       0
       0
       0
       0
       0
       1
       0
       0
       1
       1
       1
       0
       0
       0
       0
       1
       0
       0
       0
       0
       0
       0
       0
       0
       0
       0
       0
       0
       0
       0
       0
       1
       1
       0
       0
       0
       0
       0
       0
       0
       1
       1
       0
       0
       0
       0
       0
       1
       0
       0
       0
       0
       0
       0
       0
       0
       0
       0
       0
       0
       0
       0
       0
       0
       0
       1
       0
       0
       0
       0
       1
       0
       0
       0
       0
       1
       0
       0
       0
       0
       0
       0
       1
       0
       0
       0
       0
       0
       0
       1
       0
       0
       0
       0
       0
       0
       0
       0
       0
       0
       0
       0
       0
       0
       0
       0
       0
       0
       0
       0
       0
       0
       0
       0
       0
       0
       1
       0
       0
       0
       0
       0
       0
       0
       0
       0
       0
       0
       0
       0
       0
       0
       0
       0
       0
       0
       0
       0
       0
       0
       0
       0
       0
       0
       0
       0
       0
       0
       0
       0
       0
       0
       0
       0
       0
       0
       0
       0
       0
       0
       0
       0
       0
       0
       0
       0
       0
       0
       0
       0
       0
       0
       0
       1
       0
       0
       0
       0
       0
       0
       0
       0
       0
       0
       0
       0
       0
       0
       0
       0
       0
       0
       0
       0
       0
       0
       0
       0
       0
       0
       0
       0
       0
       0
       0
       0
       0
       0
       0
       0
       0
       0
       0
       0
       1
       0
       0
       0
       0
       0
       0
       0
       0
       0
       0
       0
       0
       0
       0
       0
       0
       0
       0
       0
       0
       0
       0
       0
       0
       0
       0
       0
       0
       0
       0
       0
       0
       0
       0
       0
       0
       0
       0
       0
       0
       0
       0
       0
       0
       0
       0
       0
       0
       0
       0
       0
       0
       0
       0
       0
       0
       0
       0
       0
       0
       0
       0
       0
       0
       0
       0
       0
       0
       0
       0
       0
       0
       0
       0
       0
       0
       0
       0
       0
       0
       0
       0
       0
       0
       0
       0
       0
       1
       0
       0
       0
       0
       0
       0
       0
       0
       0
       0
       0
       0
       0
       0
       0
       0
       0
       0
       0
       0
       0
       0
       0
       0
       0
       0
       0
       0
       0
       0
       0
       0
       0
       0
       0
       0
       0
       0
       0
       0
       0
       0
       0
       0
       0
       0
       0
       0
       0
       0
       0
       0
       0
       0
       0
       0
       0
       0
       0
       0
       0
       0
       0
       0
       0
       0
       0
       0
       0
       0
       0
       0
       0
       0
       0
       0
       0
       0
       0
       0
       0
       0
       0
       0
       0
       0
       0
       0
       0
       0
       0
       0
       0
       0
       0
       0
       0
       0
       0
       0
       0
       0
       0
       0
       0
       0
       0
       0
       0
       0
       0
       0
       0
       0
       0
       0
       0
       0
       0
       0
       0
       0
       0
       0
       0
       0
       0
       0
       0
       0
       0
       0
       0
       0
       0
       0
       0
       0
       0
       0
       0
       0
       0
       0
       0
       0
       0
       0
       0
       0
       0
       0
       0
       0
       0
       0
       0
       0
       0
       0
       0
       0
       0
       0
       0
       0
       0
       0
       0
       0
       0
       0
       0
       0
       0
       0
       0
       0
       0
       0
       0
       0
       0
       0
       0
       0
       0
       0
       0
       0
       0
       0
       0
       0
       0
       0
       0
       0
       0
       0
       0
       0
       0
       0
       0
       0
       0
       0
       0
       0
       0
       0
       0
       0
       0
       0
       0
       0
       0
       0
       0
       0
       0
       0
       0
       0
       0
       0
       0
       0
       0
       0
       0
       1
       0
       0
       0
       0
       0
       0
       0
       0
       0
       0
       0
       0
       0
       0
       0
       0
       0
       0
       0
       0
       0
       0
       0
       0
       0
       0
       0
       0
       0
       0
       0
       0
       0
       0
       0
       0
       0
       0
       0
       0
       0
       0
       0
       0
       0
       0
       0
       0
       0
       0
       0
       0
       0
       0
       0
       0
       0
       0
       0
       0
       0
       0
       0
       0
       0
       0
       0
       0
       0
       0
       0
       0
       0
       0
       0
       0
       0
       0
       0
       0
       0
       0
       0
       0
       0
       0
       0
       0
       0
       0
       0
       0
       0
       0
       0
       0
       0
       0
       0
       0
       0
       0
       0
       0
       0
       0
       0
       0
       0
       0
       0
       0
       0
       0
       0
       0
       0
       0
       0
       0
       0
       0
       0
       0
       0
       0
       0
       0
       0
       0
       0
       0
       0
       0
       0
       0
       0
       0
       0
       0
       0
       0
       0
       0
$ROI:
1
921 1079
$PRESETS:
None
0
0
$ENER_FIT:
0.000000 6.583851
$MCA_CAL:
3
0.000000E+000 6.583851E+000 0.000000E+000 keV
$SHAPE_CAL:
3
0.000000E+000 0.000000E+000 0.000000E+000
