$SPEC_ID:
Run 608, Background
$SPEC_REM:
DET# 1
DETDESC# Electrostatic MCA
AP# Maestro Version 6.08
$DATE_MEA:
09/24/2020 16:21:39
$MEAS_TIM:
516942 763257
$DATA:
0 2047
       0
       0
       0
       0
       0
       0
       0
       0
       0
       0
       0
       0
       0
       0
       0
       0
       0
       0
       0
       0
       0
       0
       0
       0
       0
       0
       0
       0
       0
       0
       0
       0
       0
       0
       0
       0
       0
       0
       0
       0
       0
       0
       0
       0
       0
       0
       0
       0
       0
       0
       0
       0
       0
       0
       0
       0
       0
       0
       0
       0
       0
       0
       0
       0
       0
       0
       0
       0
       4
  818495
357567162
463429205
453283906
443155946
432932359
422678983
412433750
402104446
391777151
381547700
371305479
361099465
350979409
340906030
330969098
321081085
311273742
301588047
292080846
282657331
273364801
264251688
255270816
246458919
237845306
229300159
221026173
212919362
204933811
197197852
189588595
182232460
175025756
168024238
161167522
154574507
148106632
141864314
135852573
129944971
124299770
118778161
113480502
108334161
103387359
98603982
93996678
89568609
85286730
81208515
77256366
73467770
69830905
66327853
62982597
59774076
56716199
53766555
50971861
48291359
45724620
43289753
40944581
38714442
36611375
34599011
32651058
30842662
29108946
27451876
25889766
24404395
22982085
21653739
20382397
19187539
18046924
16975753
15953903
14999989
14088975
13234009
12419041
11654492
10934732
10256862
 9613663
 9007508
 8439696
 7904771
 7401058
 6923702
 6483849
 6065777
 5674608
 5305989
 4952446
 4630738
 4323379
 4037389
 3771598
 3519360
 3282435
 3063818
 2856662
 2662921
 2482959
 2312940
 2158527
 2008268
 1871235
 1742333
 1620253
 1507167
 1403195
 1306677
 1213730
 1130508
 1050306
  974227
  907306
  843125
  783292
  726972
  676188
  628169
  584512
  541979
  503164
  466449
  433895
  404642
  373172
  347691
  323855
  299087
  278945
  259295
  240467
  224286
  207020
  192671
  179860
  166642
  155227
  144913
  134530
  126156
  117561
  108983
  101798
   94521
   88665
   82457
   77634
   72356
   67426
   63514
   59403
   55883
   52306
   49070
   46138
   44141
   40853
   38343
   36117
   34283
   32149
   30444
   29019
   27429
   25825
   24386
   23492
   22292
   20968
   20122
   19173
   18078
   17087
   16468
   15840
   15008
   14175
   13722
   13127
   12484
   11824
   11293
   10921
   10450
   10055
    9649
    9187
    8694
    8444
    8184
    7674
    7465
    7022
    6686
    6541
    6222
    6039
    5954
    5559
    5122
    4978
    4843
    4710
    4533
    4258
    4144
    3950
    3820
    3671
    3417
    3237
    3216
    3011
    2824
    2663
    2626
    2503
    2292
    2297
    2188
    2100
    1989
    1954
    1800
    1698
    1638
    1537
    1431
    1357
    1392
    1323
    1163
    1125
    1094
    1013
     947
     935
     919
     835
     804
     739
     751
     720
     618
     598
     616
     522
     561
     460
     470
     436
     416
     401
     368
     359
     338
     298
     293
     279
     286
     244
     248
     209
     198
     182
     190
     167
     154
     145
     176
     136
     150
     110
     130
     121
     109
     101
      96
      85
      92
      63
      71
      68
      58
      59
      55
      56
      45
      30
      41
      46
      31
      37
      30
      35
      34
      32
      24
      25
      25
      18
      23
      16
      13
      28
       8
      11
       8
      15
      10
      14
      10
       7
      13
       8
      15
      10
      10
       6
       6
       5
       5
       5
       7
       4
       4
       7
       7
       4
       4
       5
       2
       6
       3
       4
       5
       1
       6
       4
       1
       5
       4
       5
       3
       4
       2
       5
       1
       2
       0
       3
       5
       4
       3
       2
       2
       2
       6
       0
       2
       1
       1
       1
       1
       2
       2
       0
       4
       2
       1
       3
       1
       0
       0
       2
       3
       0
       0
       1
       2
       0
       2
       1
       1
       4
       1
       1
       4
       0
       1
       0
       2
       0
       3
       1
       0
       0
       2
       0
       1
       1
       0
       1
       0
       0
       0
       0
       1
       1
       0
       0
       0
       0
       0
       3
       1
       1
       1
       0
       2
       1
       2
       1
       0
       0
       1
       3
       2
       0
       1
       0
       0
       2
       0
       1
       2
       0
       0
       1
       0
       0
       1
       1
       1
       1
       0
       0
       1
       1
       0
       2
       1
       0
       0
       0
       2
       0
       0
       0
       2
       1
       0
       0
       0
       2
       0
       0
       0
       2
       0
       1
       0
       0
       0
       0
       1
       0
       1
       2
       0
       0
       0
       1
       0
       1
       0
       0
       1
       0
       1
       0
       0
       1
       1
       0
       0
       1
       0
       0
       0
       0
       1
       0
       0
       0
       2
       0
       0
       0
       0
       1
       1
       0
       0
       0
       1
       1
       0
       1
       0
       1
       0
       1
       0
       0
       0
       0
       0
       0
       0
       0
       0
       0
       0
       0
       0
       1
       1
       0
       0
       1
       1
       0
       0
       1
       0
       2
       1
       0
       1
       0
       2
       0
       1
       0
       0
       0
       1
       1
       0
       0
       1
       0
       0
       1
       0
       1
       1
       2
       0
       1
       0
       0
       0
       0
       0
       0
       0
       0
       0
       1
       0
       0
       2
       0
       0
       0
       0
       1
       0
       0
       0
       0
       0
       0
       0
       0
       0
       1
       0
       0
       1
       0
       0
       0
       0
       0
       0
       1
       1
       0
       0
       0
       1
       0
       1
       0
       0
       0
       0
       0
       0
       0
       0
       0
       0
       0
       0
       1
       0
       2
       0
       1
       1
       0
       0
       0
       2
       1
       0
       1
       0
       2
       0
       0
       0
       0
       0
       0
       0
       0
       0
       0
       0
       0
       1
       1
       0
       1
       0
       0
       0
       0
       0
       1
       0
       0
       0
       0
       1
       0
       1
       0
       1
       1
       0
       0
       0
       0
       1
       0
       0
       0
       0
       1
       1
       0
       0
       0
       0
       0
       1
       0
       0
       0
       2
       2
       0
       0
       0
       0
       0
       0
       1
       0
       2
       0
       0
       0
       0
       1
       0
       0
       0
       0
       0
       0
       0
       0
       0
       0
       0
       2
       1
       0
       2
       1
       0
       1
       2
       0
       1
       1
       0
       0
       0
       1
       1
       1
       1
       0
       1
       0
       0
       1
       0
       0
       0
       0
       1
       1
       1
       0
       0
       1
       0
       1
       3
       0
       1
       2
       0
       1
       1
       1
       1
       0
       0
       4
       0
       3
       1
       1
       2
       2
       2
       0
       2
       0
       1
       1
       1
       2
       2
       0
       3
       2
       0
       2
       2
       2
       3
       1
       2
       2
       2
       1
       2
       0
       2
       1
       3
       3
       4
       5
       3
       3
       4
       1
       1
       1
       2
       4
       2
       3
       3
       3
       5
       6
       1
       6
       4
       1
       3
       6
       7
       2
       5
       4
       6
       5
       2
       4
       5
       1
       7
       2
       3
       3
       4
       4
       4
       3
       1
       6
       5
       7
       5
       9
       2
       3
       5
       2
      13
       2
       3
       3
       6
       4
       7
       3
       5
       5
       2
       7
       7
       9
       6
       4
       2
       7
       5
       1
       8
       8
       7
       9
       2
       7
       6
      11
       2
       7
       8
       6
       3
       4
       6
       8
       4
       9
       1
       3
       8
       3
       5
       5
       7
       6
       5
       4
       5
       5
       4
       5
       4
       4
       3
       2
       4
       3
       5
       2
       7
       4
       1
       7
       3
       2
       6
       4
       1
       2
       0
       6
       3
       2
       4
       5
       4
       4
       6
       4
       3
       2
       4
       2
       1
       2
       4
       0
       2
       1
       3
       3
       0
       3
       1
       2
       0
       1
       2
       2
       0
       2
       3
       1
       1
       2
       1
       0
       3
       1
       2
       1
       1
       1
       1
       0
       1
       0
       1
       2
       1
       0
       1
       1
       0
       2
       2
       0
       2
       1
       0
       0
       1
       0
       1
       0
       1
       0
       0
       0
       1
       0
       0
       1
       2
       1
       0
       0
       0
       0
       0
       0
       2
       0
       0
       0
       1
       1
       0
       0
       0
       0
       0
       1
       0
       0
       1
       0
       0
       0
       0
       0
       0
       0
       0
       0
       1
       0
       0
       0
       0
       0
       0
       0
       0
       0
       0
       0
       1
       0
       0
       0
       0
       0
       0
       1
       0
       0
       0
       0
       1
       0
       0
       0
       0
       0
       0
       1
       0
       0
       0
       0
       1
       0
       0
       0
       0
       0
       0
       0
       0
       0
       0
       0
       0
       1
       1
       0
       0
       0
       0
       0
       0
       0
       0
       0
       1
       0
       1
       0
       0
       0
       0
       0
       0
       0
       0
       2
       0
       0
       0
       0
       0
       0
       0
       0
       0
       0
       0
       0
       0
       0
       0
       2
       0
       0
       0
       0
       0
       0
       0
       0
       0
       0
       0
       0
       0
       0
       1
       0
       1
       0
       0
       0
       0
       0
       0
       0
       0
       0
       0
       0
       0
       0
       0
       0
       0
       0
       0
       0
       0
       0
       0
       0
       0
       0
       0
       0
       0
       0
       0
       0
       0
       0
       0
       0
       0
       0
       0
       0
       0
       0
       0
       0
       0
       0
       0
       0
       0
       0
       0
       0
       0
       0
       0
       0
       0
       0
       0
       0
       1
       0
       0
       0
       0
       0
       1
       0
       0
       0
       1
       0
       0
       0
       0
       0
       0
       0
       0
       0
       1
       0
       0
       0
       0
       1
       0
       0
       0
       1
       0
       0
       0
       0
       0
       0
       0
       0
       1
       0
       0
       0
       0
       0
       0
       0
       0
       0
       0
       2
       0
       0
       0
       0
       0
       0
       0
       0
       0
       0
       0
       0
       0
       0
       0
       0
       0
       0
       0
       0
       0
       0
       0
       1
       0
       0
       0
       1
       0
       0
       0
       0
       1
       0
       0
       1
       0
       0
       0
       0
       0
       0
       0
       0
       0
       0
       0
       0
       0
       0
       0
       1
       0
       0
       1
       1
       1
       0
       0
       0
       0
       1
       0
       0
       0
       0
       0
       0
       0
       0
       0
       0
       0
       0
       0
       0
       0
       1
       1
       0
       0
       0
       0
       0
       0
       0
       1
       1
       0
       0
       0
       0
       0
       1
       0
       0
       0
       0
       0
       0
       0
       0
       0
       0
       0
       0
       0
       0
       0
       0
       0
       1
       0
       0
       0
       0
       1
       0
       0
       0
       0
       1
       0
       0
       0
       0
       0
       0
       1
       0
       0
       0
       0
       0
       0
       1
       0
       0
       0
       0
       0
       0
       0
       0
       0
       0
       0
       0
       0
       0
       0
       0
       0
       0
       0
       0
       0
       0
       0
       0
       0
       0
       1
       0
       0
       0
       0
       0
       0
       0
       0
       0
       0
       0
       0
       0
       0
       0
       0
       0
       0
       0
       0
       0
       0
       0
       0
       0
       0
       0
       0
       0
       0
       0
       0
       0
       0
       0
       0
       0
       0
       0
       0
       0
       0
       0
       0
       0
       0
       0
       0
       0
       0
       0
       0
       0
       0
       0
       0
       1
       0
       0
       0
       0
       0
       0
       0
       0
       0
       0
       0
       0
       0
       0
       0
       0
       0
       0
       0
       0
       0
       0
       0
       0
       0
       0
       0
       0
       0
       0
       0
       0
       0
       0
       0
       0
       0
       0
       0
       0
       1
       0
       0
       0
       0
       0
       0
       0
       0
       0
       0
       0
       0
       0
       0
       0
       0
       0
       0
       0
       0
       0
       0
       0
       0
       0
       0
       0
       0
       0
       0
       0
       0
       0
       0
       0
       0
       0
       0
       0
       0
       0
       0
       0
       0
       0
       0
       0
       0
       0
       0
       0
       0
       0
       0
       0
       0
       0
       0
       0
       0
       0
       0
       0
       0
       0
       0
       0
       0
       0
       0
       0
       0
       0
       0
       0
       0
       0
       0
       0
       0
       0
       0
       0
       0
       0
       0
       0
       1
       0
       0
       0
       0
       0
       0
       0
       0
       0
       0
       0
       0
       0
       0
       0
       0
       0
       0
       0
       0
       0
       0
       0
       0
       0
       0
       0
       0
       0
       0
       0
       0
       0
       0
       0
       0
       0
       0
       0
       0
       0
       0
       0
       0
       0
       0
       0
       0
       0
       0
       0
       0
       0
       0
       0
       0
       0
       0
       0
       0
       0
       0
       0
       0
       0
       0
       0
       0
       0
       0
       0
       0
       0
       0
       0
       0
       0
       0
       0
       0
       0
       0
       0
       0
       0
       0
       0
       0
       0
       0
       0
       0
       0
       0
       0
       0
       0
       0
       0
       0
       0
       0
       0
       0
       0
       0
       0
       0
       0
       0
       0
       0
       0
       0
       0
       0
       0
       1
       0
       0
       0
       0
       0
       0
       0
       0
       0
       0
       0
       0
       0
       0
       0
       0
       0
       0
       0
       0
       0
       0
       0
       0
       0
       0
       0
       0
       0
       0
       0
       0
       0
       0
       0
       0
       0
       0
       0
       0
       0
       0
       0
       0
       0
       0
       0
       0
       0
       0
       0
       0
       0
       0
       0
       0
       0
       0
       0
       0
       0
       0
       0
       0
       0
       0
       0
       0
       0
       0
       0
       0
       0
       0
       0
       0
       0
       0
       0
       0
       0
       0
       0
       0
       0
       0
       0
       0
       0
       0
       0
       0
       0
       0
       0
       0
       0
       0
       0
       0
       0
       0
       0
       0
       0
       0
       0
       0
       0
       0
       0
       0
       0
       0
       0
       1
       0
       0
       0
       0
       0
       0
       0
       0
       0
       0
       0
       0
       0
       0
       0
       0
       0
       0
       0
       0
       0
       0
       0
       0
       0
       0
       0
       0
       0
       0
       0
       0
       0
       0
       0
       0
       0
       0
       0
       0
       0
       0
       0
       0
       0
       0
       0
       0
       0
       0
       0
       0
       0
       0
       0
       0
       0
       0
       0
       0
       0
       0
       0
       0
       0
       0
       0
       0
       0
       0
       0
       0
       0
       0
       0
       0
       0
       0
       0
       0
       0
       0
       0
       0
       0
       0
       0
       0
       0
       0
       0
       0
       0
       0
       0
       0
       0
       0
       0
       0
       0
       0
       0
       0
       0
       0
       0
       0
       0
       0
       0
       0
       0
       0
       0
       0
       0
       0
       0
       0
       0
       0
       0
       0
       0
       0
       0
       0
       0
       0
       0
       0
       0
       0
       0
       0
       0
       0
       0
       0
       0
       0
       0
       0
$ROI:
1
921 1079
$PRESETS:
None
0
0
$ENER_FIT:
0.000000 6.583851
$MCA_CAL:
3
0.000000E+000 6.583851E+000 0.000000E+000 keV
$SHAPE_CAL:
3
0.000000E+000 0.000000E+000 0.000000E+000
