$SPEC_ID:
Run 608, Background
$SPEC_REM:
DET# 1
DETDESC# Electrostatic MCA
AP# Maestro Version 6.08
$DATE_MEA:
09/24/2020 16:21:39
$MEAS_TIM:
702206 853264
$DATA:
0 2047
       0
       0
       0
       1
       0
       0
       0
       0
       0
       0
       0
       0
       0
       0
       0
       0
       0
       0
       1
       0
       1
       0
       0
       0
       0
       0
       0
       0
       0
       0
       0
       0
       0
       0
       0
       0
       0
       0
       0
       0
       0
       1
       0
       0
       0
       0
       0
       1
       0
       0
       0
       0
       0
       0
       0
       0
       0
       0
       0
       0
       0
       1
       0
       0
       0
       0
       6
       2
       8
  158415
133687038
175019949
172337136
169915519
167611824
165481170
163477462
161553569
159689668
157912390
156236590
154594577
152992788
151396154
149833296
148263067
146713911
145149992
143598516
142021164
140470722
138871380
137277137
135661516
134047629
132393549
130732908
129040979
127340319
125633584
123933313
122176230
120440583
118674770
116903218
115106500
113334739
111519679
109724937
107936594
106111424
104302022
102492991
100665881
98852032
97017591
95232341
93431894
91628324
89839821
88074279
86291954
84519731
82770031
81033724
79301495
77576053
75881776
74183609
72514099
70870255
69233737
67605771
65997224
64412490
62855613
61324432
59790723
58291997
56792222
55332219
53892242
52488143
51094138
49729265
48362939
47042256
45747803
44476985
43214824
41982851
40781110
39590450
38431599
37290168
36177100
35092051
34012930
32986636
31966140
30965444
29999868
29048137
28113490
27218191
26336027
25469370
24631085
23819862
23025089
22247041
21492642
20755088
20047317
19349960
18670210
18029062
17383307
16771834
16172275
15590383
15022883
14476263
13951568
13430489
12934194
12456878
11986208
11536064
11096277
10678247
10260850
 9873499
 9490602
 9115145
 8760966
 8424804
 8095939
 7770164
 7461918
 7170189
 6869962
 6601291
 6332629
 6076453
 5836187
 5592178
 5364569
 5140967
 4929770
 4723072
 4526560
 4342366
 4158873
 3982180
 3817169
 3658218
 3500860
 3354221
 3211190
 3073489
 2943365
 2815462
 2694880
 2576946
 2469065
 2361309
 2257717
 2160432
 2066548
 1979367
 1891478
 1810003
 1730879
 1654158
 1581506
 1514007
 1447831
 1381911
 1324423
 1264975
 1210039
 1156847
 1106190
 1058176
 1010265
  967116
  923403
  883188
  844358
  807097
  772401
  737438
  704577
  674458
  644126
  616508
  589701
  563583
  538534
  515302
  494169
  471831
  451060
  432442
  412418
  394164
  377895
  361052
  345024
  331170
  317450
  303629
  289614
  278062
  266922
  254822
  243284
  234028
  223427
  214615
  205464
  196954
  188217
  180831
  173885
  166521
  159413
  153620
  146762
  140302
  134803
  129031
  124370
  119663
  113509
  109267
  105446
  101175
   97059
   93156
   89911
   86140
   83134
   79424
   76768
   73783
   71209
   68205
   65174
   62760
   60465
   57792
   55928
   53875
   51819
   49896
   48130
   46324
   44667
   42999
   41148
   39556
   38249
   36691
   35587
   34180
   33146
   32139
   30800
   29581
   28648
   27712
   26640
   25552
   25090
   24041
   23107
   22406
   21481
   20625
   20135
   19132
   18458
   18014
   17144
   16790
   16114
   15683
   15439
   14520
   14079
   13501
   13270
   12948
   12150
   11817
   11495
   11124
   10911
   10370
   10044
    9806
    9580
    9256
    8924
    8641
    8267
    7957
    7846
    7463
    7249
    7292
    6679
    6692
    6385
    6253
    5949
    5880
    5546
    5414
    5291
    5150
    5045
    4767
    4655
    4454
    4394
    4349
    4034
    4013
    3974
    3784
    3728
    3456
    3403
    3318
    3121
    3083
    3003
    2892
    2836
    2766
    2780
    2604
    2486
    2427
    2397
    2308
    2238
    2201
    2100
    2057
    1960
    1897
    1908
    1788
    1808
    1785
    1683
    1529
    1534
    1505
    1446
    1395
    1399
    1319
    1247
    1275
    1231
    1193
    1131
    1127
    1074
    1070
    1025
     940
    1032
     899
     938
     912
     849
     809
     816
     817
     715
     724
     666
     675
     646
     646
     588
     565
     556
     546
     571
     536
     488
     467
     467
     481
     435
     417
     388
     397
     386
     381
     357
     338
     340
     317
     293
     285
     289
     280
     278
     279
     260
     239
     202
     197
     211
     190
     217
     189
     182
     158
     197
     160
     177
     162
     146
     136
     142
     128
     132
     120
     133
     118
      89
     103
     104
      95
      94
      99
      86
      90
      82
      81
      88
      75
      52
      63
      48
      66
      63
      58
      52
      65
      60
      44
      42
      44
      48
      50
      41
      39
      41
      34
      31
      44
      38
      34
      35
      36
      21
      27
      33
      24
      21
      25
      30
      17
      16
      19
      18
      25
      19
      24
      17
      13
      15
      12
      17
      11
       9
      13
      11
      21
      16
      12
       8
       8
       7
       7
      11
      17
       6
      12
      11
       9
       8
      13
      11
      13
       7
       9
       4
      10
       7
      10
       6
       7
       2
       7
       6
       7
       7
       5
       2
       7
       5
       6
       4
       4
       3
       3
       6
       1
       3
       3
       5
       3
       5
       1
       4
       5
       5
       0
       7
       7
       5
       6
       2
       1
       2
       7
       2
       4
       4
       5
       4
       6
       3
       5
       3
       2
       3
       0
       4
       6
       1
       2
       2
       3
       1
       0
       3
       6
       1
       5
       3
       5
       2
       5
       1
       5
       1
       0
       3
       3
       3
       2
       2
       2
       0
       3
       4
       2
       1
       2
       0
       2
       1
       1
       1
       1
       2
       0
       1
       2
       1
       1
       0
       1
       0
       1
       3
       1
       2
       4
       1
       0
       1
       0
       0
       2
       1
       0
       2
       1
       2
       1
       0
       1
       0
       2
       2
       0
       2
       1
       0
       2
       0
       0
       3
       3
       2
       3
       0
       0
       1
       0
       0
       0
       2
       4
       2
       4
       0
       0
       0
       1
       2
       1
       2
       1
       0
       0
       1
       0
       1
       2
       2
       2
       1
       0
       0
       0
       3
       0
       2
       0
       0
       1
       2
       3
       0
       2
       1
       2
       0
       1
       2
       0
       2
       2
       0
       2
       1
       1
       1
       1
       2
       1
       1
       2
       1
       0
       0
       1
       0
       3
       2
       3
       1
       1
       3
       2
       1
       0
       2
       3
       1
       1
       1
       0
       2
       0
       3
       0
       6
       1
       2
       1
       2
       1
       2
       2
       1
       3
       0
       1
       3
       1
       1
       3
       2
       1
       1
       1
       1
       0
       2
       0
       0
       2
       1
       2
       5
       0
       2
       3
       2
       1
       1
       2
       3
       4
       3
       3
       5
       4
       3
       3
       5
       4
       2
       7
       3
       7
       2
       3
       3
       1
       3
       6
       7
       5
       3
       5
       5
       6
       2
       7
       4
       5
      10
       3
       9
       2
       9
       7
       6
      12
       8
       8
      11
       9
       9
       6
       5
      14
       6
       7
      12
       9
       9
       8
      12
       7
       7
       8
       5
      11
      11
      12
       8
       9
       6
      15
      10
       9
       6
       7
       9
      11
       9
      10
       7
       9
       9
       9
      11
      13
       4
       8
       6
       4
       5
       6
       9
       3
       3
       8
       6
       4
       7
       3
       6
       4
       5
       5
       7
       7
       5
       4
       3
       5
       5
       2
       4
       3
       2
       4
       1
       0
       2
       4
       0
       3
       1
       2
       2
       1
       1
       1
       0
       2
       2
       1
       2
       0
       1
       0
       3
       2
       0
       2
       0
       0
       1
       1
       0
       0
       2
       1
       0
       0
       1
       0
       0
       1
       1
       0
       0
       0
       1
       0
       0
       0
       0
       3
       0
       1
       0
       0
       0
       1
       0
       0
       1
       1
       0
       0
       1
       0
       0
       0
       0
       1
       1
       1
       1
       0
       2
       2
       1
       1
       0
       0
       0
       1
       0
       0
       1
       0
       0
       0
       0
       1
       1
       0
       0
       1
       0
       0
       0
       0
       2
       1
       1
       1
       0
       1
       1
       0
       0
       0
       0
       0
       1
       1
       0
       1
       0
       0
       0
       1
       1
       1
       1
       0
       0
       0
       0
       0
       0
       0
       0
       0
       1
       0
       0
       0
       0
       1
       0
       0
       0
       0
       0
       0
       0
       0
       0
       1
       1
       0
       0
       0
       0
       0
       0
       0
       0
       0
       0
       0
       0
       0
       0
       0
       0
       0
       0
       0
       0
       1
       0
       0
       1
       1
       0
       0
       0
       0
       2
       0
       1
       1
       0
       0
       0
       0
       0
       1
       0
       0
       0
       0
       0
       0
       0
       0
       0
       0
       0
       1
       1
       1
       1
       0
       0
       0
       2
       0
       0
       0
       0
       0
       0
       0
       0
       0
       0
       0
       0
       0
       0
       0
       0
       0
       0
       0
       0
       0
       1
       0
       0
       0
       0
       0
       0
       0
       0
       0
       0
       1
       0
       0
       0
       0
       0
       0
       0
       0
       1
       0
       0
       0
       1
       0
       0
       0
       0
       0
       0
       0
       0
       0
       0
       0
       0
       0
       0
       0
       0
       1
       0
       0
       0
       0
       1
       0
       0
       0
       0
       0
       0
       1
       1
       0
       2
       0
       0
       0
       0
       0
       0
       1
       0
       0
       1
       1
       0
       1
       0
       1
       0
       0
       1
       0
       0
       0
       0
       0
       0
       0
       1
       0
       0
       0
       0
       0
       0
       0
       0
       0
       0
       0
       0
       1
       0
       0
       1
       0
       2
       1
       1
       0
       1
       0
       0
       0
       0
       0
       0
       0
       0
       0
       0
       0
       0
       1
       1
       0
       1
       1
       0
       0
       0
       0
       0
       0
       0
       0
       0
       0
       0
       0
       0
       0
       0
       0
       1
       0
       1
       0
       0
       0
       0
       0
       0
       0
       0
       0
       1
       0
       0
       0
       0
       0
       0
       0
       0
       0
       0
       1
       0
       0
       0
       0
       2
       0
       0
       1
       1
       0
       0
       0
       0
       1
       0
       0
       0
       0
       1
       0
       0
       1
       0
       0
       0
       0
       0
       0
       0
       0
       0
       1
       0
       0
       0
       0
       1
       0
       0
       0
       0
       1
       0
       0
       0
       0
       0
       0
       0
       0
       0
       0
       0
       0
       0
       0
       0
       0
       0
       0
       0
       0
       0
       0
       0
       0
       0
       0
       0
       0
       0
       0
       0
       0
       1
       0
       0
       0
       0
       1
       1
       0
       0
       0
       0
       0
       0
       0
       0
       0
       1
       0
       0
       0
       0
       0
       0
       0
       0
       1
       0
       0
       0
       0
       0
       0
       0
       0
       0
       0
       0
       0
       0
       1
       0
       1
       0
       0
       0
       0
       0
       0
       0
       1
       0
       0
       0
       0
       0
       0
       0
       0
       0
       0
       0
       0
       0
       0
       0
       0
       1
       1
       1
       0
       0
       1
       0
       0
       1
       1
       0
       0
       1
       0
       0
       0
       1
       0
       0
       0
       0
       1
       0
       0
       0
       0
       0
       0
       0
       0
       1
       0
       0
       0
       0
       0
       0
       0
       0
       0
       0
       0
       0
       0
       0
       0
       0
       0
       0
       0
       0
       0
       0
       1
       0
       0
       0
       0
       0
       0
       0
       0
       0
       0
       0
       0
       0
       0
       0
       0
       0
       0
       0
       0
       0
       0
       0
       0
       0
       0
       0
       0
       0
       0
       0
       0
       1
       0
       0
       0
       0
       0
       0
       0
       0
       0
       0
       0
       0
       0
       0
       0
       0
       0
       0
       0
       1
       0
       0
       0
       0
       0
       0
       0
       0
       0
       0
       0
       0
       0
       0
       0
       0
       1
       0
       0
       0
       0
       0
       0
       0
       0
       0
       0
       0
       0
       0
       0
       0
       0
       0
       0
       0
       0
       0
       0
       0
       0
       0
       0
       0
       0
       0
       0
       0
       0
       0
       1
       0
       0
       0
       0
       0
       0
       0
       0
       1
       0
       0
       0
       0
       0
       0
       0
       0
       0
       0
       0
       0
       0
       1
       0
       0
       0
       0
       0
       0
       1
       0
       0
       0
       0
       0
       0
       0
       0
       0
       0
       0
       0
       0
       0
       0
       0
       0
       1
       0
       0
       0
       0
       0
       0
       0
       0
       1
       0
       0
       0
       0
       0
       0
       0
       0
       0
       0
       0
       0
       0
       0
       0
       0
       0
       0
       0
       0
       0
       0
       0
       0
       0
       0
       0
       0
       0
       0
       0
       0
       0
       0
       0
       0
       0
       0
       0
       0
       0
       0
       0
       0
       0
       0
       0
       0
       0
       0
       0
       0
       0
       0
       0
       0
       0
       0
       0
       0
       0
       1
       0
       0
       0
       0
       0
       0
       0
       0
       0
       0
       0
       0
       0
       0
       0
       0
       0
       0
       0
       0
       0
       0
       0
       0
       0
       0
       0
       0
       0
       0
       0
       0
       0
       0
       0
       1
       0
       1
       0
       0
       0
       0
       0
       0
       0
       0
       0
       0
       0
       0
       0
       0
       0
       0
       0
       0
       0
       0
       0
       0
       0
       0
       0
       0
       0
       0
       0
       0
       0
       0
       1
       0
       0
       0
       0
       0
       0
       0
       0
       0
       0
       0
       0
       0
       0
       0
       0
       1
       0
       0
       0
       0
       0
       0
       0
       0
       0
       0
       0
       0
       0
       0
       0
       0
       0
       0
       0
       0
       0
       0
       0
       0
       0
       0
       0
       0
       0
       0
       0
       0
       0
       1
       0
       0
       0
       0
       1
       0
       0
       0
       0
       0
       0
       1
       0
       0
       0
       0
       0
       0
       0
       0
       0
       0
       0
       0
       0
       0
       0
       1
       0
       0
       0
       0
       0
       0
       0
       1
       0
       0
       0
       0
       0
       0
       0
       0
       0
       0
       0
       0
       0
       0
       0
       1
       0
       0
       0
       0
       0
       0
       0
       0
       0
       0
       0
       0
       0
       0
       1
       0
       0
       0
       0
       0
       0
       0
       0
       1
       0
       0
       0
       0
       0
       0
       0
       0
       0
       0
       0
       0
       0
       0
       0
       0
       0
       0
       0
       0
       0
       0
       0
       0
       0
       0
       0
       0
       0
       0
       0
       0
       0
       0
       0
       0
       1
       0
       0
       0
       0
       0
       0
       0
       0
       0
       0
       0
       0
       0
       0
       0
       0
       0
       0
       0
       0
       0
       0
       0
       0
       0
       0
       1
       0
       0
       0
       0
       0
       0
       0
       0
       0
       0
       0
       0
       0
       0
       0
       0
       0
       0
       0
       0
       0
       0
       0
       0
       0
       0
       0
       0
       0
       0
       0
       0
       0
       0
       0
       0
       0
       0
       0
       0
       0
       0
       0
       0
       0
       0
       0
       0
       0
       0
$ROI:
1
921 1079
$PRESETS:
None
0
0
$ENER_FIT:
0.000000 6.583851
$MCA_CAL:
3
0.000000E+000 6.583851E+000 0.000000E+000 keV
$SHAPE_CAL:
3
0.000000E+000 0.000000E+000 0.000000E+000
