$SPEC_ID:
Run 608, Background
$SPEC_REM:
DET# 1
DETDESC# Electrostatic MCA
AP# Maestro Version 6.08
$DATE_MEA:
09/24/2020 16:21:39
$MEAS_TIM:
831704 1087282
$DATA:
0 2047
       0
       0
       0
       1
       0
       0
       0
       0
       0
       0
       0
       0
       0
       0
       0
       0
       0
       0
       1
       0
       1
       0
       0
       0
       0
       0
       0
       0
       0
       0
       0
       0
       0
       0
       0
       0
       0
       0
       0
       0
       0
       1
       0
       0
       0
       0
       0
       1
       0
       0
       0
       0
       0
       0
       0
       0
       0
       0
       0
       0
       0
       1
       0
       0
       0
       0
       7
       3
      14
  729227
220956532
282570033
279908239
277518102
275186941
273034476
270968327
268950472
266970903
265060917
263220874
261380891
259608487
257753159
255943591
254081280
252264117
250362377
248490417
246530573
244595073
242598732
240579750
238503496
236433309
234311596
232150359
229937207
227698318
225470784
223180736
220855191
218517102
216108995
213713722
211276117
208838595
206357590
203888005
201386571
198866165
196323539
193780105
191186599
188628712
186032485
183476703
180894267
178267287
175699441
173119443
170523813
167931430
165328702
162760490
160172206
157622727
155070878
152512092
149995833
147455803
144961671
142456430
139978146
137508057
135084694
132655952
130256189
127854515
125480788
123127462
120828755
118515339
116250693
114001190
111756951
109558680
107384230
105251214
103121883
101016492
98945402
96881217
94860705
92894635
90932256
88998550
87072554
85213297
83363351
81532610
79764239
77985288
76246961
74575465
72869591
71220311
69604254
68006456
66458417
64911121
63396330
61914523
60462217
59036775
57641003
56285256
54920496
53620494
52322987
51061997
49815735
48587950
47416705
46241690
45098779
43979823
42883611
41821272
40756300
39737374
38738471
37765683
36804596
35853500
34942356
34052555
33178482
32319686
31486159
30674369
29867166
29097864
28325623
27582298
26874896
26159557
25462714
24783202
24136521
23489082
22857500
22259999
21659594
21072908
20505352
19964471
19414816
18890447
18371795
17878870
17390578
16918939
16454786
15996022
15560268
15129985
14714536
14313532
13911446
13530376
13150805
12784065
12432824
12081229
11744520
11418771
11100179
10783185
10481770
10185379
 9904862
 9621349
 9343105
 9086272
 8821714
 8573435
 8335701
 8096280
 7859471
 7633956
 7411996
 7204228
 6994521
 6795136
 6594840
 6407619
 6223437
 6038734
 5864255
 5696608
 5531342
 5366237
 5211496
 5058666
 4914663
 4767893
 4631934
 4491852
 4361501
 4236378
 4111462
 3989644
 3866817
 3754997
 3643382
 3535985
 3429841
 3327836
 3231167
 3132192
 3044938
 2951947
 2861639
 2776920
 2695201
 2611996
 2534122
 2455955
 2380631
 2308108
 2242059
 2170783
 2105260
 2045334
 1980704
 1920286
 1861248
 1804533
 1748687
 1695118
 1643110
 1592836
 1544047
 1495146
 1449160
 1404536
 1360773
 1318898
 1278263
 1239575
 1201888
 1161443
 1124769
 1090328
 1056470
 1022757
  991067
  957281
  929476
  901189
  871813
  843930
  817730
  790775
  766059
  741545
  718762
  695441
  673013
  649493
  630951
  610116
  588970
  571188
  552551
  534276
  517166
  500269
  485265
  467530
  454872
  436977
  423758
  410400
  396070
  383586
  370020
  358489
  345902
  335466
  323388
  313091
  302532
  291856
  282163
  272303
  263624
  254556
  245845
  237944
  229476
  221965
  214512
  207542
  199756
  193627
  187463
  180227
  174246
  167754
  161860
  157091
  151462
  145834
  141002
  136548
  130760
  127369
  122558
  118492
  114697
  110856
  106225
  103037
   99145
   95188
   92298
   89844
   85713
   83223
   79707
   77159
   74368
   71983
   68884
   66671
   64386
   62163
   59705
   57867
   55012
   53709
   51771
   49538
   47829
   46476
   44355
   43004
   41037
   39957
   38702
   37167
   35426
   34329
   33324
   31746
   31001
   29769
   28439
   27301
   26400
   25390
   24629
   23606
   22813
   21663
   20942
   20675
   19545
   18797
   18328
   17433
   16933
   16354
   15662
   15142
   14414
   13798
   13443
   12805
   12265
   11645
   11243
   11049
   10500
   10196
    9873
    9361
    8885
    8830
    8237
    8016
    7830
    7368
    7047
    6959
    6724
    6335
    6199
    5928
    5661
    5362
    5257
    5054
    4859
    4706
    4502
    4289
    4137
    3834
    3698
    3658
    3568
    3353
    3276
    3075
    2987
    2880
    2751
    2632
    2627
    2399
    2375
    2197
    2173
    2008
    1990
    1909
    1793
    1769
    1637
    1657
    1542
    1506
    1435
    1421
    1284
    1273
    1190
    1206
    1083
    1056
    1026
     954
     956
     889
     867
     846
     859
     740
     700
     760
     680
     670
     633
     624
     602
     571
     571
     473
     506
     456
     479
     445
     428
     404
     398
     344
     360
     388
     340
     325
     307
     278
     297
     299
     275
     236
     250
     244
     255
     209
     176
     202
     204
     196
     197
     177
     179
     182
     158
     152
     139
     125
     114
     148
     139
     133
     121
     135
     104
     129
     108
     105
      96
      98
      97
      82
     102
      90
      79
      69
      84
      77
      86
      71
      66
      87
      62
      77
      65
      63
      58
      58
      58
      58
      55
      56
      41
      54
      53
      52
      46
      36
      48
      58
      43
      30
      36
      37
      30
      42
      30
      28
      33
      45
      26
      27
      38
      30
      31
      36
      29
      16
      19
      26
      27
      23
      31
      40
      27
      23
      25
      20
      13
      19
      29
      17
      27
      25
      16
      16
      20
      20
      12
      17
      17
      24
      14
      21
      18
      13
      17
      19
      20
      14
       7
      12
      13
      16
      11
      11
      13
       8
       4
      10
      12
      12
       4
       8
       7
       9
       6
      11
      13
      15
       8
       2
       6
       9
       6
       8
       4
       8
       7
       8
       7
       6
       9
       8
       4
       2
       4
       2
       3
       3
      10
       4
       5
      10
       6
       8
       3
       4
       3
       8
       2
       2
       4
       5
       4
       6
       2
       4
       6
       8
       7
       6
       3
       1
       1
       2
       1
       3
       5
       4
       2
       7
       3
       1
       3
       3
       4
       3
       3
       1
       1
       0
       1
       1
       4
       4
       5
       3
       1
       3
       1
       0
       4
       3
       4
       1
       3
       2
       2
       4
       1
       3
       2
       3
       4
       3
       4
       3
       2
       5
       0
       2
       2
       1
       1
       1
       2
       1
       3
       2
       1
       1
       0
       1
       1
       4
       2
       3
       2
       2
       4
       2
       2
       1
       3
       6
       1
       4
       1
       1
       2
       1
       3
       0
       7
       2
       3
       2
       4
       7
       4
       2
       3
       3
       0
       1
       3
       2
       3
       4
       4
       1
       3
       2
       3
       1
       3
       2
       2
       5
       1
       3
       5
       1
       2
       3
       2
       3
       2
       4
       4
       5
       3
       4
       7
       4
       5
       4
       7
       5
       2
       7
       4
      10
       3
       4
       3
       4
       4
       8
       9
       6
       3
       7
       6
       7
       2
      12
       5
       5
      11
       3
      11
       4
      10
       7
       6
      13
       9
       9
      11
       9
       9
       6
       6
      14
       8
       7
      14
       9
      10
       8
      15
       9
       7
       9
       9
      12
      12
      12
       9
      10
      10
      17
      11
      13
       8
       9
       9
      13
       9
      11
       7
      10
      10
      10
      12
      16
       4
       9
       8
       5
       5
       8
       9
       4
       4
      12
       7
       4
       7
       4
       7
       5
       6
       7
       7
       8
       5
       5
       3
       7
       5
       3
       4
       3
       3
       4
       2
       1
       2
       5
       0
       4
       2
       2
       2
       2
       3
       2
       0
       2
       4
       1
       4
       0
       3
       1
       4
       3
       0
       3
       0
       1
       2
       1
       1
       0
       2
       1
       0
       1
       1
       1
       1
       1
       1
       1
       1
       0
       1
       0
       0
       0
       0
       3
       0
       1
       1
       0
       0
       2
       0
       1
       2
       1
       1
       0
       2
       0
       0
       1
       0
       1
       1
       1
       1
       0
       2
       3
       1
       1
       0
       1
       0
       2
       0
       0
       1
       2
       0
       0
       0
       1
       1
       0
       0
       1
       0
       0
       0
       0
       2
       1
       1
       1
       1
       1
       1
       0
       0
       0
       0
       0
       2
       1
       2
       1
       0
       0
       0
       1
       1
       1
       2
       0
       0
       1
       0
       0
       0
       0
       1
       0
       2
       0
       0
       1
       0
       1
       0
       0
       1
       0
       0
       0
       0
       0
       0
       1
       1
       0
       0
       0
       0
       0
       0
       0
       0
       0
       0
       0
       0
       0
       0
       0
       0
       0
       0
       0
       0
       1
       1
       0
       1
       1
       0
       0
       0
       0
       2
       0
       1
       1
       0
       0
       0
       0
       0
       1
       0
       0
       0
       0
       0
       0
       0
       1
       0
       0
       0
       1
       1
       2
       1
       0
       0
       0
       2
       0
       0
       0
       1
       0
       0
       0
       0
       0
       0
       1
       0
       0
       0
       0
       0
       0
       0
       0
       0
       0
       1
       0
       0
       0
       0
       0
       0
       0
       0
       0
       0
       1
       0
       0
       0
       0
       2
       1
       0
       0
       1
       0
       0
       0
       1
       1
       0
       0
       0
       0
       0
       0
       0
       0
       0
       1
       0
       0
       1
       0
       1
       1
       0
       0
       0
       0
       1
       0
       0
       0
       0
       0
       0
       1
       1
       0
       2
       0
       0
       0
       0
       0
       0
       1
       0
       0
       1
       1
       0
       1
       0
       2
       0
       0
       1
       0
       0
       0
       0
       0
       0
       0
       1
       0
       0
       0
       1
       1
       1
       0
       0
       0
       0
       0
       0
       1
       0
       0
       1
       0
       3
       1
       1
       0
       2
       0
       0
       0
       0
       0
       0
       0
       0
       0
       0
       0
       0
       1
       1
       0
       1
       1
       0
       0
       0
       0
       0
       0
       0
       0
       0
       0
       1
       0
       0
       0
       0
       0
       1
       1
       1
       0
       0
       0
       0
       0
       0
       0
       0
       0
       1
       0
       0
       0
       0
       0
       0
       0
       0
       0
       0
       1
       0
       0
       0
       0
       2
       0
       0
       1
       1
       0
       0
       0
       0
       1
       0
       0
       0
       0
       1
       0
       0
       1
       0
       0
       0
       0
       0
       0
       0
       0
       0
       1
       0
       0
       0
       0
       1
       0
       0
       0
       0
       1
       0
       0
       0
       0
       0
       0
       0
       0
       0
       0
       0
       0
       0
       0
       0
       0
       0
       0
       1
       0
       0
       0
       0
       0
       0
       0
       0
       0
       0
       0
       0
       0
       1
       0
       0
       0
       0
       1
       1
       0
       0
       0
       0
       0
       0
       0
       0
       0
       2
       0
       0
       0
       0
       0
       0
       0
       0
       1
       0
       0
       0
       0
       0
       0
       0
       1
       0
       0
       0
       0
       0
       1
       0
       1
       0
       0
       1
       0
       0
       0
       0
       1
       0
       0
       0
       0
       0
       0
       0
       0
       0
       0
       0
       0
       0
       0
       0
       0
       1
       1
       1
       0
       0
       1
       0
       0
       1
       1
       0
       0
       1
       0
       0
       0
       1
       0
       0
       0
       0
       1
       0
       0
       0
       0
       0
       0
       0
       0
       1
       0
       0
       0
       0
       0
       1
       0
       0
       0
       0
       0
       0
       0
       0
       0
       0
       0
       0
       0
       0
       0
       0
       1
       0
       0
       0
       0
       0
       0
       0
       0
       0
       0
       0
       0
       0
       0
       0
       0
       0
       0
       0
       0
       0
       0
       0
       0
       0
       0
       0
       0
       0
       0
       0
       0
       1
       0
       0
       0
       0
       0
       0
       0
       0
       0
       0
       0
       0
       0
       0
       0
       0
       0
       0
       0
       1
       0
       0
       0
       0
       0
       0
       0
       0
       0
       0
       0
       0
       0
       0
       0
       0
       1
       0
       0
       0
       0
       0
       1
       0
       0
       0
       0
       0
       0
       0
       0
       0
       0
       0
       0
       0
       0
       0
       0
       0
       0
       0
       0
       0
       0
       0
       0
       0
       0
       0
       1
       0
       0
       0
       0
       0
       0
       0
       0
       1
       0
       0
       0
       0
       0
       0
       0
       0
       0
       0
       0
       0
       0
       1
       0
       0
       0
       0
       0
       0
       1
       0
       0
       0
       0
       0
       0
       0
       0
       0
       0
       0
       0
       0
       0
       0
       0
       0
       1
       0
       0
       0
       0
       0
       0
       0
       0
       1
       0
       0
       0
       0
       0
       0
       0
       0
       0
       0
       0
       0
       0
       0
       0
       0
       0
       0
       0
       0
       0
       0
       0
       0
       0
       0
       0
       0
       0
       0
       0
       0
       0
       0
       0
       0
       0
       0
       0
       0
       0
       0
       0
       0
       0
       0
       0
       0
       0
       0
       0
       0
       0
       0
       0
       0
       0
       0
       0
       0
       0
       1
       0
       0
       0
       0
       0
       0
       0
       0
       0
       0
       0
       0
       0
       0
       0
       0
       0
       0
       0
       0
       0
       0
       0
       1
       0
       0
       0
       0
       0
       0
       0
       0
       0
       0
       0
       1
       0
       1
       0
       0
       0
       0
       0
       0
       0
       0
       0
       0
       0
       0
       0
       0
       0
       0
       0
       0
       0
       0
       0
       0
       0
       0
       0
       0
       0
       0
       0
       0
       0
       0
       1
       0
       0
       0
       0
       0
       0
       0
       0
       0
       0
       0
       0
       0
       0
       0
       0
       2
       0
       0
       0
       0
       0
       0
       0
       0
       0
       0
       0
       0
       0
       0
       0
       0
       0
       0
       0
       1
       0
       0
       0
       0
       0
       0
       0
       0
       0
       0
       0
       0
       0
       1
       0
       0
       0
       0
       1
       0
       0
       0
       0
       0
       0
       1
       0
       0
       0
       0
       0
       0
       0
       0
       0
       0
       0
       0
       0
       0
       0
       1
       0
       0
       0
       0
       0
       0
       0
       1
       0
       0
       0
       0
       0
       0
       0
       0
       0
       0
       0
       0
       0
       0
       0
       1
       0
       0
       0
       0
       0
       0
       0
       0
       0
       0
       0
       0
       0
       0
       1
       0
       0
       0
       0
       0
       0
       1
       0
       1
       0
       0
       0
       0
       0
       0
       0
       0
       0
       0
       0
       0
       0
       0
       0
       0
       0
       0
       0
       0
       0
       0
       0
       0
       0
       0
       0
       0
       0
       0
       0
       0
       0
       0
       0
       1
       1
       0
       0
       0
       0
       0
       0
       0
       0
       0
       0
       0
       0
       0
       0
       0
       0
       0
       0
       0
       0
       0
       0
       0
       0
       0
       0
       1
       0
       0
       0
       0
       0
       0
       0
       0
       0
       0
       0
       1
       0
       0
       0
       0
       0
       0
       0
       0
       0
       0
       0
       0
       0
       0
       0
       0
       0
       0
       0
       0
       0
       0
       0
       0
       0
       0
       0
       0
       0
       0
       0
       0
       0
       0
       0
       0
       0
       0
$ROI:
1
921 1079
$PRESETS:
None
0
0
$ENER_FIT:
0.000000 6.583851
$MCA_CAL:
3
0.000000E+000 6.583851E+000 0.000000E+000 keV
$SHAPE_CAL:
3
0.000000E+000 0.000000E+000 0.000000E+000
