$SPEC_ID:
Run 608, Background
$SPEC_REM:
DET# 1
DETDESC# Electrostatic MCA
AP# Maestro Version 6.08
$DATE_MEA:
09/24/2020 16:21:39
$MEAS_TIM:
732242 907268
$DATA:
0 2047
       0
       0
       0
       1
       0
       0
       0
       0
       0
       0
       0
       0
       0
       0
       0
       0
       0
       0
       1
       0
       1
       0
       0
       0
       0
       0
       0
       0
       0
       0
       0
       0
       0
       0
       0
       0
       0
       0
       0
       0
       0
       1
       0
       0
       0
       0
       0
       1
       0
       0
       0
       0
       0
       0
       0
       0
       0
       0
       0
       0
       0
       1
       0
       0
       0
       0
       7
       2
       9
  225565
153298733
199648953
196972010
194563855
192260753
190124495
188110758
186173894
184283556
182483697
180774946
179082720
177442607
175790209
174175467
172551411
170949195
169301161
167677293
166023903
164384101
162700845
161013006
159291569
157587571
155824520
154049490
152254757
150418149
148602934
146770851
144883929
143014147
141105920
139196027
137259710
135332559
133370771
131425669
129472610
127493521
125517172
123541281
121537837
119558577
117540611
115591222
113609846
111623181
109658299
107702841
105741954
103782291
101836141
99902999
97970201
96061217
94174114
92275345
90416678
88559666
86729514
84899293
83093634
81296018
79539818
77805550
76067677
74361870
72660468
70993292
69352421
67740192
66138537
64572111
63003328
61473686
59981998
58506391
57043420
55600882
54198883
52812990
51448143
50117899
48803603
47511945
46236063
45013712
43800198
42602853
41455071
40309130
39183716
38105867
37033874
35985196
34960255
33964237
32987247
32028883
31097719
30187335
29302721
28432292
27584235
26775719
25957528
25183605
24419438
23678966
22950392
22237541
21564389
20888701
20235999
19608046
18990763
18392960
17809508
17246419
16691539
16168608
15648548
15137631
14648735
14182196
13723046
13272196
12840439
12425922
12004651
11617480
11230043
10859442
10509315
10155000
 9818653
 9483235
 9172349
 8860363
 8559975
 8281452
 7998781
 7727503
 7470615
 7218623
 6970271
 6732695
 6503909
 6286894
 6074154
 5862705
 5661844
 5466542
 5279177
 5098157
 4923594
 4757400
 4593310
 4432970
 4279256
 4136137
 3989798
 3854506
 3715664
 3591167
 3469262
 3344708
 3231761
 3119717
 3009252
 2907799
 2803750
 2710087
 2610186
 2521026
 2436029
 2349626
 2268318
 2186005
 2111589
 2039196
 1967676
 1902178
 1830889
 1769987
 1705852
 1645680
 1590260
 1532049
 1481153
 1427871
 1378670
 1329238
 1283802
 1237862
 1196767
 1152797
 1111132
 1074528
 1036798
  999464
  963140
  929501
  897271
  866094
  835246
  804921
  778548
  750690
  724254
  699081
  672848
  649445
  628523
  604919
  585864
  564498
  543008
  523858
  504913
  486737
  470742
  454018
  436685
  421582
  408076
  391057
  379319
  364438
  353043
  339888
  328003
  315191
  305130
  293730
  283031
  273407
  263344
  253990
  244932
  235530
  227140
  219229
  211488
  202939
  196225
  188663
  182676
  175890
  169499
  162293
  157321
  150364
  145552
  139892
  135017
  130582
  125124
  120870
  117040
  112001
  107521
  103987
   99968
   96384
   91697
   89523
   85614
   82614
   80042
   75679
   73510
   70927
   67453
   65551
   62788
   60395
   58895
   55999
   54060
   51580
   50163
   48081
   45980
   43876
   42630
   40901
   39585
   37786
   36214
   35059
   33731
   32664
   30978
   30073
   28650
   27466
   26637
   25284
   24469
   23766
   22448
   21692
   20881
   20028
   19048
   18716
   17693
   16922
   16233
   15676
   15165
   14471
   13985
   13247
   12933
   12423
   11722
   11549
   11089
   10463
   10082
    9646
    9172
    8851
    8488
    8366
    7936
    7524
    7241
    7097
    6896
    6421
    6344
    5979
    5752
    5618
    5296
    5173
    4861
    4737
    4539
    4298
    4239
    3971
    3938
    3766
    3655
    3356
    3357
    3224
    3096
    2979
    2862
    2694
    2590
    2576
    2405
    2346
    2269
    2107
    2144
    2048
    1960
    1846
    1890
    1730
    1721
    1636
    1576
    1463
    1496
    1443
    1304
    1313
    1211
    1222
    1145
    1137
    1046
     994
     989
     947
     931
     904
     871
     792
     812
     815
     749
     734
     665
     680
     686
     662
     627
     578
     575
     544
     509
     488
     512
     505
     440
     477
     434
     428
     382
     350
     375
     336
     360
     349
     308
     288
     324
     290
     286
     296
     279
     248
     260
     247
     243
     215
     226
     233
     188
     204
     202
     186
     191
     189
     157
     150
     143
     151
     168
     144
     127
     138
     122
     127
     120
     123
     108
     118
     137
     106
     118
      87
     104
     116
      88
      88
      85
      77
      80
      92
      84
      85
      72
      70
      66
      80
      84
      73
      63
      81
      80
      57
      49
      58
      54
      57
      62
      56
      65
      47
      46
      51
      54
      45
      34
      59
      41
      55
      41
      48
      46
      49
      43
      32
      41
      46
      37
      42
      41
      34
      34
      24
      38
      40
      32
      32
      24
      36
      27
      35
      33
      22
      23
      35
      35
      26
      25
      27
      20
      25
      28
      34
      26
      13
      22
      30
      22
      14
      14
      16
      12
      15
      16
      13
      18
      20
      13
       9
      25
      14
      13
      24
      18
       9
       9
      13
      19
      12
      15
      25
      19
      16
      11
      11
      10
       9
      19
       5
      17
      16
      11
      11
       9
      10
       6
      12
      13
      17
      11
      14
      10
       7
       8
      15
      12
       8
       2
       5
      10
      13
       6
       8
       9
       4
       1
       7
       6
       8
       3
       6
       2
       6
       4
       8
       7
       8
       6
       1
       4
       5
       3
       7
       2
       3
       5
       5
       4
       4
       7
       6
       3
       2
       3
       1
       3
       2
       6
       2
       4
       6
       4
       3
       3
       2
       0
       5
       2
       2
       2
       2
       3
       2
       1
       2
       4
       7
       5
       5
       3
       1
       1
       1
       1
       0
       3
       4
       2
       6
       1
       0
       0
       1
       2
       2
       3
       1
       0
       0
       1
       0
       2
       4
       4
       2
       1
       2
       0
       0
       4
       0
       2
       1
       2
       1
       2
       3
       0
       2
       2
       2
       1
       2
       4
       1
       2
       3
       0
       2
       1
       1
       1
       1
       2
       1
       1
       2
       1
       0
       0
       1
       0
       3
       2
       3
       1
       1
       4
       2
       1
       0
       2
       3
       1
       1
       1
       0
       2
       0
       3
       0
       6
       2
       3
       1
       3
       3
       2
       2
       1
       3
       0
       1
       3
       1
       1
       3
       2
       1
       1
       1
       2
       0
       2
       0
       0
       2
       1
       2
       5
       1
       2
       3
       2
       1
       1
       2
       3
       5
       3
       3
       5
       4
       4
       3
       5
       4
       2
       7
       3
       8
       2
       3
       3
       1
       4
       6
       7
       5
       3
       5
       5
       7
       2
      10
       4
       5
      11
       3
       9
       2
       9
       7
       6
      12
       8
       8
      11
       9
       9
       6
       6
      14
       6
       7
      12
       9
       9
       8
      12
       8
       7
       8
       7
      11
      12
      12
       8
       9
       7
      15
      10
       9
       6
       7
       9
      11
       9
      10
       7
      10
       9
      10
      11
      13
       4
       9
       7
       4
       5
       7
       9
       3
       3
      10
       6
       4
       7
       3
       6
       5
       5
       5
       7
       7
       5
       4
       3
       6
       5
       3
       4
       3
       2
       4
       1
       0
       2
       5
       0
       3
       1
       2
       2
       1
       2
       2
       0
       2
       3
       1
       2
       0
       1
       0
       3
       2
       0
       2
       0
       0
       1
       1
       0
       0
       2
       1
       0
       0
       1
       0
       0
       1
       1
       0
       0
       0
       1
       0
       0
       0
       0
       3
       0
       1
       0
       0
       0
       2
       0
       0
       1
       1
       0
       0
       1
       0
       0
       0
       0
       1
       1
       1
       1
       0
       2
       2
       1
       1
       0
       0
       0
       1
       0
       0
       1
       0
       0
       0
       0
       1
       1
       0
       0
       1
       0
       0
       0
       0
       2
       1
       1
       1
       0
       1
       1
       0
       0
       0
       0
       0
       2
       1
       0
       1
       0
       0
       0
       1
       1
       1
       1
       0
       0
       0
       0
       0
       0
       0
       1
       0
       1
       0
       0
       0
       0
       1
       0
       0
       0
       0
       0
       0
       0
       0
       0
       1
       1
       0
       0
       0
       0
       0
       0
       0
       0
       0
       0
       0
       0
       0
       0
       0
       0
       0
       0
       0
       0
       1
       0
       0
       1
       1
       0
       0
       0
       0
       2
       0
       1
       1
       0
       0
       0
       0
       0
       1
       0
       0
       0
       0
       0
       0
       0
       0
       0
       0
       0
       1
       1
       1
       1
       0
       0
       0
       2
       0
       0
       0
       0
       0
       0
       0
       0
       0
       0
       0
       0
       0
       0
       0
       0
       0
       0
       0
       0
       0
       1
       0
       0
       0
       0
       0
       0
       0
       0
       0
       0
       1
       0
       0
       0
       0
       0
       0
       0
       0
       1
       0
       0
       0
       1
       0
       0
       0
       0
       0
       0
       0
       0
       0
       0
       0
       0
       0
       0
       0
       1
       1
       0
       0
       0
       0
       1
       0
       0
       0
       0
       0
       0
       1
       1
       0
       2
       0
       0
       0
       0
       0
       0
       1
       0
       0
       1
       1
       0
       1
       0
       2
       0
       0
       1
       0
       0
       0
       0
       0
       0
       0
       1
       0
       0
       0
       1
       0
       0
       0
       0
       0
       0
       0
       0
       1
       0
       0
       1
       0
       3
       1
       1
       0
       2
       0
       0
       0
       0
       0
       0
       0
       0
       0
       0
       0
       0
       1
       1
       0
       1
       1
       0
       0
       0
       0
       0
       0
       0
       0
       0
       0
       0
       0
       0
       0
       0
       0
       1
       0
       1
       0
       0
       0
       0
       0
       0
       0
       0
       0
       1
       0
       0
       0
       0
       0
       0
       0
       0
       0
       0
       1
       0
       0
       0
       0
       2
       0
       0
       1
       1
       0
       0
       0
       0
       1
       0
       0
       0
       0
       1
       0
       0
       1
       0
       0
       0
       0
       0
       0
       0
       0
       0
       1
       0
       0
       0
       0
       1
       0
       0
       0
       0
       1
       0
       0
       0
       0
       0
       0
       0
       0
       0
       0
       0
       0
       0
       0
       0
       0
       0
       0
       0
       0
       0
       0
       0
       0
       0
       0
       0
       0
       0
       0
       0
       0
       1
       0
       0
       0
       0
       1
       1
       0
       0
       0
       0
       0
       0
       0
       0
       0
       1
       0
       0
       0
       0
       0
       0
       0
       0
       1
       0
       0
       0
       0
       0
       0
       0
       0
       0
       0
       0
       0
       0
       1
       0
       1
       0
       0
       0
       0
       0
       0
       0
       1
       0
       0
       0
       0
       0
       0
       0
       0
       0
       0
       0
       0
       0
       0
       0
       0
       1
       1
       1
       0
       0
       1
       0
       0
       1
       1
       0
       0
       1
       0
       0
       0
       1
       0
       0
       0
       0
       1
       0
       0
       0
       0
       0
       0
       0
       0
       1
       0
       0
       0
       0
       0
       0
       0
       0
       0
       0
       0
       0
       0
       0
       0
       0
       0
       0
       0
       0
       0
       0
       1
       0
       0
       0
       0
       0
       0
       0
       0
       0
       0
       0
       0
       0
       0
       0
       0
       0
       0
       0
       0
       0
       0
       0
       0
       0
       0
       0
       0
       0
       0
       0
       0
       1
       0
       0
       0
       0
       0
       0
       0
       0
       0
       0
       0
       0
       0
       0
       0
       0
       0
       0
       0
       1
       0
       0
       0
       0
       0
       0
       0
       0
       0
       0
       0
       0
       0
       0
       0
       0
       1
       0
       0
       0
       0
       0
       0
       0
       0
       0
       0
       0
       0
       0
       0
       0
       0
       0
       0
       0
       0
       0
       0
       0
       0
       0
       0
       0
       0
       0
       0
       0
       0
       0
       1
       0
       0
       0
       0
       0
       0
       0
       0
       1
       0
       0
       0
       0
       0
       0
       0
       0
       0
       0
       0
       0
       0
       1
       0
       0
       0
       0
       0
       0
       1
       0
       0
       0
       0
       0
       0
       0
       0
       0
       0
       0
       0
       0
       0
       0
       0
       0
       1
       0
       0
       0
       0
       0
       0
       0
       0
       1
       0
       0
       0
       0
       0
       0
       0
       0
       0
       0
       0
       0
       0
       0
       0
       0
       0
       0
       0
       0
       0
       0
       0
       0
       0
       0
       0
       0
       0
       0
       0
       0
       0
       0
       0
       0
       0
       0
       0
       0
       0
       0
       0
       0
       0
       0
       0
       0
       0
       0
       0
       0
       0
       0
       0
       0
       0
       0
       0
       0
       0
       1
       0
       0
       0
       0
       0
       0
       0
       0
       0
       0
       0
       0
       0
       0
       0
       0
       0
       0
       0
       0
       0
       0
       0
       0
       0
       0
       0
       0
       0
       0
       0
       0
       0
       0
       0
       1
       0
       1
       0
       0
       0
       0
       0
       0
       0
       0
       0
       0
       0
       0
       0
       0
       0
       0
       0
       0
       0
       0
       0
       0
       0
       0
       0
       0
       0
       0
       0
       0
       0
       0
       1
       0
       0
       0
       0
       0
       0
       0
       0
       0
       0
       0
       0
       0
       0
       0
       0
       2
       0
       0
       0
       0
       0
       0
       0
       0
       0
       0
       0
       0
       0
       0
       0
       0
       0
       0
       0
       1
       0
       0
       0
       0
       0
       0
       0
       0
       0
       0
       0
       0
       0
       1
       0
       0
       0
       0
       1
       0
       0
       0
       0
       0
       0
       1
       0
       0
       0
       0
       0
       0
       0
       0
       0
       0
       0
       0
       0
       0
       0
       1
       0
       0
       0
       0
       0
       0
       0
       1
       0
       0
       0
       0
       0
       0
       0
       0
       0
       0
       0
       0
       0
       0
       0
       1
       0
       0
       0
       0
       0
       0
       0
       0
       0
       0
       0
       0
       0
       0
       1
       0
       0
       0
       0
       0
       0
       0
       0
       1
       0
       0
       0
       0
       0
       0
       0
       0
       0
       0
       0
       0
       0
       0
       0
       0
       0
       0
       0
       0
       0
       0
       0
       0
       0
       0
       0
       0
       0
       0
       0
       0
       0
       0
       0
       0
       1
       0
       0
       0
       0
       0
       0
       0
       0
       0
       0
       0
       0
       0
       0
       0
       0
       0
       0
       0
       0
       0
       0
       0
       0
       0
       0
       1
       0
       0
       0
       0
       0
       0
       0
       0
       0
       0
       0
       0
       0
       0
       0
       0
       0
       0
       0
       0
       0
       0
       0
       0
       0
       0
       0
       0
       0
       0
       0
       0
       0
       0
       0
       0
       0
       0
       0
       0
       0
       0
       0
       0
       0
       0
       0
       0
       0
       0
$ROI:
1
921 1079
$PRESETS:
None
0
0
$ENER_FIT:
0.000000 6.583851
$MCA_CAL:
3
0.000000E+000 6.583851E+000 0.000000E+000 keV
$SHAPE_CAL:
3
0.000000E+000 0.000000E+000 0.000000E+000
