$SPEC_ID:
Run 608, Background
$SPEC_REM:
DET# 1
DETDESC# Electrostatic MCA
AP# Maestro Version 6.08
$DATE_MEA:
09/24/2020 16:21:39
$MEAS_TIM:
896964 1206091
$DATA:
0 2047
       0
       0
       0
       1
       0
       0
       0
       0
       0
       0
       0
       0
       0
       0
       0
       0
       0
       0
       1
       0
       1
       0
       0
       0
       0
       0
       0
       0
       0
       0
       0
       0
       0
       0
       0
       0
       0
       0
       0
       0
       0
       1
       0
       0
       0
       0
       0
       1
       0
       0
       0
       0
       0
       0
       0
       0
       0
       0
       0
       0
       0
       1
       0
       0
       0
       0
       7
       3
      15
 1123998
265626412
336659281
334042437
331648229
329319254
327141550
325046331
322983345
320955535
318987732
317075585
315141331
313273431
311303798
309373800
307379552
305427401
303361194
301323512
299184377
297072155
294888149
292648345
290348994
288073891
285700832
283305081
280839172
278358325
275852016
273292726
270675657
268055413
265329893
262627313
259883502
257125436
254311721
251511185
248672327
245793007
242903983
239994707
237033915
234116783
231143935
228207658
225238379
222214169
219266075
216294819
213294108
210291035
207285867
204306379
201295567
198347583
195371134
192389635
189458390
186482617
183569553
180635077
177717615
174822339
171980529
169098989
166270178
163438783
160631070
157843283
155103854
152365739
149663699
146988125
144297134
141679541
139056367
136509939
133940850
131417090
128913327
126425621
123974352
121586433
119206242
116857839
114518240
112253008
109979916
107745977
105575976
103393948
101246057
99174600
97080687
95032445
93037929
91039873
89117313
87179145
85289265
83441170
81617001
79828783
78076567
76350694
74639910
72970826
71337264
69734642
68147449
66570346
65068851
63564268
62097568
60665253
59249253
57873920
56497387
55171230
53871807
52601015
51348838
50109265
48902209
47729972
46588199
45452415
44357838
43270687
42200446
41174778
40148541
39155877
38200055
37244322
36312057
35390765
34515846
33640754
32789237
31967184
31154352
30354562
29579256
28831618
28087511
27358272
26650214
25964633
25284330
24637058
23993028
23352897
22747439
22141118
21561648
20999379
20439431
19901459
19362132
18845218
18347121
17853803
17373352
16907777
16454004
16003853
15574827
15147249
14742580
14338868
13941204
13566782
13186687
12826289
12481783
12131348
11797382
11463997
11142302
10836431
10529686
10240674
 9946593
 9675655
 9404905
 9135455
 8877693
 8624914
 8382155
 8141560
 7909361
 7687668
 7469326
 7253947
 7051094
 6844678
 6648024
 6461903
 6275673
 6094932
 5911356
 5743747
 5572692
 5414199
 5258574
 5103953
 4957748
 4808173
 4674064
 4534855
 4400136
 4273511
 4146931
 4022931
 3903960
 3787933
 3673892
 3565543
 3461621
 3354930
 3255223
 3162370
 3064665
 2972839
 2882492
 2797093
 2711825
 2629352
 2550273
 2473222
 2398209
 2324479
 2253194
 2184646
 2118475
 2054538
 1992762
 1931280
 1871763
 1811778
 1755782
 1701332
 1651984
 1598928
 1549609
 1500054
 1455690
 1410753
 1367634
 1323060
 1283659
 1241456
 1203034
 1164618
 1129176
 1092207
 1058688
 1023440
  993676
  961320
  929025
  902112
  873066
  843738
  817417
  790791
  767049
  740598
  719087
  692677
  672022
  650197
  628703
  609389
  587335
  569108
  550568
  533420
  514435
  498274
  481917
  465274
  450801
  434610
  420745
  406948
  394399
  380765
  368175
  355286
  343594
  333752
  320998
  310390
  300509
  290035
  280999
  270112
  261550
  253199
  244912
  235779
  228113
  220196
  211702
  205459
  198347
  191603
  185599
  179485
  172174
  167106
  160588
  154435
  150385
  145831
  139299
  135268
  130192
  125891
  121279
  117416
  112803
  108914
  105389
  102124
   97358
   94515
   90633
   87883
   85020
   81661
   78577
   76261
   73199
   70918
   67563
   65964
   63601
   61167
   58737
   56659
   54928
   52348
   51188
   49310
   47284
   45317
   43957
   42448
   40690
   39340
   37811
   36017
   34953
   34020
   32571
   31168
   30296
   29019
   28251
   27252
   26079
   25055
   24052
   23064
   22386
   21366
   20422
   19636
   18965
   18347
   17604
   16988
   16420
   15700
   15049
   14783
   13799
   13452
   12945
   12401
   11898
   11516
   11223
   10639
   10301
    9896
    9390
    9129
    8850
    8383
    8205
    7794
    7468
    7067
    6888
    6516
    6162
    6122
    5888
    5620
    5460
    5199
    4986
    4880
    4575
    4458
    4315
    4053
    3926
    3717
    3534
    3378
    3286
    3177
    3025
    2987
    2735
    2779
    2572
    2501
    2408
    2289
    2172
    2080
    1967
    1944
    1859
    1727
    1676
    1676
    1537
    1451
    1403
    1452
    1371
    1269
    1152
    1187
    1097
    1108
     989
     991
     994
     927
     878
     786
     784
     780
     765
     714
     660
     625
     624
     565
     587
     587
     533
     490
     459
     442
     450
     440
     442
     359
     390
     379
     357
     318
     285
     292
     307
     294
     294
     258
     250
     263
     224
     224
     191
     203
     176
     196
     191
     188
     162
     185
     143
     175
     142
     133
     130
     134
     140
     113
     130
     127
     119
      97
     105
      96
     106
      87
      80
     102
      77
     102
      80
      76
      74
      75
      70
      65
      71
      64
      55
      61
      67
      68
      56
      40
      57
      64
      55
      38
      44
      42
      40
      48
      37
      38
      39
      50
      33
      38
      43
      35
      33
      41
      32
      16
      22
      29
      28
      27
      32
      43
      30
      29
      26
      22
      14
      23
      33
      20
      28
      25
      20
      18
      22
      22
      14
      17
      17
      27
      14
      24
      18
      13
      18
      19
      20
      14
       9
      13
      13
      18
      11
      11
      13
       8
       5
      11
      15
      12
       5
       9
       7
       9
       6
      11
      14
      15
       8
       2
       7
       9
       7
       9
       4
       8
       7
       8
       8
       7
      10
       8
       5
       3
       4
       2
       3
       4
      10
       4
       5
      10
       7
       8
       3
       5
       4
       8
       2
       3
       5
       6
       5
       6
       2
       4
       6
       8
       7
       6
       3
       1
       1
       2
       1
       3
       6
       4
       2
       8
       3
       1
       3
       4
       4
       3
       3
       2
       1
       0
       1
       1
       4
       4
       6
       4
       2
       3
       1
       0
       4
       3
       4
       1
       4
       2
       2
       5
       2
       3
       2
       3
       4
       3
       5
       3
       2
       6
       1
       3
       2
       1
       3
       2
       3
       2
       5
       2
       1
       1
       0
       2
       2
       4
       2
       3
       2
       2
       5
       2
       2
       1
       4
       6
       1
       4
       1
       2
       2
       1
       5
       0
       8
       2
       3
       3
       4
       7
       4
       2
       3
       3
       0
       2
       3
       4
       3
       5
       4
       1
       4
       2
       3
       1
       4
       2
       2
       6
       2
       4
       6
       2
       2
       3
       2
       3
       3
       4
       4
       6
       4
       4
       8
       4
       5
       5
       8
       5
       3
       7
       5
      10
       3
       5
       3
       5
       4
       8
       9
       6
       3
       9
       7
       7
       2
      13
       5
       6
      11
       4
      11
       4
      10
       8
       7
      13
      10
       9
      11
      10
      10
       7
       6
      15
       9
       8
      14
       9
      14
      10
      15
       9
       7
       9
      10
      12
      12
      12
      10
      10
      11
      18
      11
      13
       8
       9
       9
      13
       9
      12
       7
      11
      10
      10
      12
      17
       4
      10
       8
       7
       6
       9
       9
       4
       5
      12
       7
       4
       7
       4
       9
       6
       7
       7
       9
       8
       5
       5
       3
       7
       5
       3
       4
       3
       3
       4
       2
       1
       2
       5
       0
       4
       3
       2
       3
       2
       3
       3
       0
       2
       4
       2
       4
       0
       4
       1
       4
       3
       0
       3
       1
       2
       3
       1
       1
       1
       2
       1
       1
       1
       1
       2
       2
       2
       2
       2
       1
       0
       1
       0
       0
       0
       0
       3
       0
       1
       1
       0
       0
       2
       0
       1
       2
       1
       2
       0
       2
       1
       0
       1
       0
       2
       1
       1
       1
       0
       2
       3
       1
       2
       0
       1
       0
       2
       0
       0
       1
       2
       0
       0
       0
       1
       1
       0
       0
       1
       0
       0
       0
       0
       2
       1
       1
       1
       1
       1
       1
       0
       0
       0
       0
       0
       2
       1
       2
       1
       0
       0
       0
       1
       1
       1
       2
       0
       0
       1
       0
       0
       0
       0
       1
       0
       2
       0
       0
       1
       0
       2
       0
       0
       1
       0
       0
       0
       0
       0
       0
       1
       1
       1
       0
       0
       0
       0
       0
       0
       0
       0
       0
       0
       0
       0
       0
       0
       0
       0
       0
       0
       0
       1
       1
       0
       1
       1
       0
       0
       0
       0
       2
       0
       1
       1
       0
       0
       0
       0
       0
       1
       0
       0
       0
       0
       0
       0
       0
       1
       0
       0
       0
       1
       1
       2
       1
       0
       0
       0
       2
       0
       0
       0
       1
       0
       0
       0
       0
       0
       0
       1
       0
       0
       0
       0
       0
       0
       0
       0
       0
       0
       1
       0
       0
       0
       0
       0
       0
       0
       0
       0
       0
       1
       1
       0
       0
       0
       2
       1
       0
       0
       1
       0
       0
       0
       1
       1
       0
       1
       0
       0
       0
       0
       0
       1
       0
       1
       0
       0
       1
       0
       1
       1
       0
       0
       1
       0
       1
       0
       0
       0
       0
       0
       0
       1
       1
       0
       2
       0
       0
       0
       0
       0
       0
       1
       0
       0
       1
       1
       0
       1
       0
       2
       1
       0
       1
       0
       0
       0
       0
       0
       0
       0
       1
       0
       0
       0
       1
       1
       1
       0
       0
       0
       0
       0
       0
       1
       0
       0
       1
       0
       3
       1
       1
       0
       2
       0
       0
       0
       0
       0
       0
       0
       0
       0
       0
       0
       0
       1
       1
       0
       1
       1
       0
       0
       0
       0
       0
       0
       0
       0
       0
       0
       1
       0
       0
       0
       0
       0
       1
       1
       1
       0
       0
       0
       0
       0
       0
       0
       0
       0
       1
       0
       0
       0
       0
       0
       0
       0
       0
       0
       0
       1
       0
       0
       0
       0
       2
       0
       0
       1
       1
       0
       0
       0
       0
       1
       0
       0
       0
       0
       1
       0
       0
       1
       0
       0
       0
       0
       0
       0
       0
       0
       0
       1
       0
       0
       0
       0
       1
       0
       0
       0
       0
       1
       0
       0
       0
       0
       0
       0
       0
       0
       0
       0
       0
       0
       0
       0
       0
       0
       0
       0
       1
       0
       0
       0
       0
       0
       0
       0
       0
       0
       0
       0
       0
       0
       1
       0
       0
       0
       0
       1
       1
       0
       0
       0
       0
       0
       0
       0
       0
       0
       2
       0
       0
       0
       0
       0
       0
       0
       0
       1
       0
       0
       0
       0
       0
       0
       0
       1
       0
       0
       0
       0
       0
       1
       0
       1
       0
       0
       1
       0
       0
       0
       0
       1
       0
       0
       0
       0
       0
       0
       0
       0
       0
       0
       0
       0
       0
       0
       0
       0
       1
       1
       1
       0
       0
       1
       0
       0
       1
       1
       0
       0
       1
       0
       0
       0
       1
       0
       0
       0
       0
       1
       0
       0
       0
       0
       0
       0
       0
       0
       1
       0
       0
       0
       0
       0
       1
       0
       0
       0
       0
       0
       0
       0
       0
       0
       0
       0
       0
       0
       0
       0
       0
       1
       0
       0
       0
       0
       0
       0
       0
       0
       0
       0
       0
       0
       0
       0
       0
       0
       0
       0
       0
       0
       0
       0
       0
       0
       0
       0
       0
       0
       0
       0
       0
       0
       1
       0
       0
       0
       0
       0
       0
       0
       0
       0
       0
       0
       1
       0
       0
       0
       0
       0
       0
       0
       1
       0
       0
       0
       0
       0
       0
       0
       0
       0
       0
       0
       0
       0
       0
       0
       0
       1
       0
       0
       0
       0
       0
       1
       0
       0
       0
       0
       0
       0
       0
       0
       0
       0
       0
       0
       0
       0
       0
       0
       0
       0
       0
       0
       0
       0
       0
       0
       0
       0
       0
       1
       0
       0
       0
       0
       0
       0
       0
       0
       1
       0
       0
       0
       0
       0
       0
       0
       0
       0
       0
       0
       0
       0
       1
       0
       0
       0
       0
       0
       0
       1
       0
       0
       0
       0
       0
       0
       0
       0
       0
       0
       0
       0
       0
       0
       0
       0
       0
       1
       0
       0
       0
       0
       0
       0
       0
       0
       1
       0
       0
       0
       0
       0
       0
       0
       0
       0
       0
       0
       0
       0
       0
       0
       0
       0
       0
       0
       0
       0
       0
       0
       0
       0
       0
       0
       0
       0
       0
       0
       0
       0
       0
       0
       0
       0
       0
       0
       0
       0
       0
       0
       0
       0
       0
       0
       0
       0
       0
       0
       0
       0
       0
       0
       0
       0
       0
       0
       0
       0
       1
       0
       0
       0
       0
       0
       0
       0
       0
       0
       0
       0
       0
       0
       0
       0
       0
       0
       0
       0
       0
       0
       0
       0
       1
       0
       0
       0
       0
       0
       0
       0
       0
       0
       0
       0
       1
       0
       1
       0
       0
       0
       0
       0
       0
       0
       0
       0
       0
       0
       0
       0
       0
       0
       0
       0
       0
       0
       0
       0
       0
       0
       0
       0
       0
       0
       0
       0
       0
       0
       0
       1
       0
       0
       0
       0
       0
       0
       0
       0
       0
       0
       0
       0
       0
       0
       0
       0
       2
       0
       0
       0
       0
       0
       0
       0
       0
       0
       0
       0
       0
       0
       0
       0
       0
       0
       0
       0
       1
       0
       0
       0
       0
       0
       0
       0
       0
       0
       0
       0
       0
       0
       1
       0
       0
       0
       0
       1
       0
       0
       0
       0
       0
       0
       1
       0
       0
       0
       0
       0
       0
       0
       0
       0
       0
       0
       0
       0
       0
       0
       1
       0
       0
       0
       0
       0
       0
       0
       1
       0
       0
       0
       0
       0
       0
       0
       0
       0
       0
       0
       0
       0
       0
       0
       1
       0
       0
       0
       0
       0
       0
       0
       0
       0
       0
       0
       0
       0
       0
       1
       0
       0
       0
       0
       0
       0
       1
       0
       1
       0
       0
       0
       0
       0
       0
       0
       0
       0
       0
       0
       0
       0
       0
       0
       0
       0
       0
       0
       0
       0
       0
       0
       0
       0
       0
       0
       0
       0
       0
       0
       0
       0
       0
       0
       1
       1
       0
       0
       0
       0
       0
       0
       0
       0
       0
       0
       0
       0
       0
       0
       0
       0
       0
       0
       0
       0
       0
       0
       0
       0
       0
       0
       1
       0
       0
       0
       0
       0
       0
       0
       0
       0
       0
       0
       1
       0
       0
       0
       0
       0
       0
       0
       0
       0
       0
       0
       0
       0
       0
       0
       0
       0
       0
       0
       0
       0
       0
       0
       0
       0
       0
       0
       0
       0
       0
       0
       0
       0
       0
       0
       0
       0
       0
$ROI:
1
921 1079
$PRESETS:
None
0
0
$ENER_FIT:
0.000000 6.583851
$MCA_CAL:
3
0.000000E+000 6.583851E+000 0.000000E+000 keV
$SHAPE_CAL:
3
0.000000E+000 0.000000E+000 0.000000E+000
