$SPEC_ID:
Run 608, Background
$SPEC_REM:
DET# 1
DETDESC# Electrostatic MCA
AP# Maestro Version 6.08
$DATE_MEA:
09/24/2020 16:21:39
$MEAS_TIM:
562334 604845
$DATA:
0 2047
       0
       0
       0
       1
       0
       0
       0
       0
       0
       0
       0
       0
       0
       0
       0
       0
       0
       0
       1
       0
       1
       0
       0
       0
       0
       0
       0
       0
       0
       0
       0
       0
       0
       0
       0
       0
       0
       0
       0
       0
       0
       1
       0
       0
       0
       0
       0
       1
       0
       0
       0
       0
       0
       0
       0
       0
       0
       0
       0
       0
       0
       1
       0
       0
       0
       0
       3
       0
       2
   15214
24312120
31318358
29130429
27218289
25510831
24016457
22695724
21501800
20445136
19492671
18673896
17965436
17316000
16736097
16197235
15720552
15287164
14901524
14539782
14208570
13901073
13609663
13334866
13069244
12819509
12586019
12348924
12123989
11902443
11686742
11474103
11268752
11072605
10872238
10675504
10471036
10277284
10077208
 9892274
 9704228
 9515058
 9330826
 9151474
 8957684
 8777372
 8591011
 8412785
 8237524
 8063007
 7888618
 7717797
 7545084
 7375649
 7202710
 7040471
 6876377
 6713177
 6552279
 6396193
 6238916
 6086631
 5934577
 5783778
 5638757
 5496996
 5349492
 5212936
 5075805
 4940034
 4803916
 4674280
 4540980
 4419280
 4296540
 4177008
 4056054
 3937559
 3826189
 3709482
 3600628
 3494400
 3391809
 3289059
 3189787
 3093432
 2992194
 2900523
 2809294
 2721611
 2633851
 2549824
 2465123
 2383493
 2311052
 2235558
 2160061
 2086754
 2017159
 1948342
 1880277
 1816759
 1755094
 1692729
 1633071
 1574748
 1519074
 1468347
 1414476
 1365120
 1314979
 1266137
 1221980
 1177892
 1134456
 1091038
 1049231
 1010789
  972320
  937090
  901974
  866691
  833858
  802996
  770195
  739996
  712256
  684271
  659317
  631253
  606800
  583572
  559542
  538269
  516459
  493833
  476471
  455683
  439005
  420482
  403851
  387587
  371141
  355930
  341320
  327521
  313961
  301609
  288939
  276668
  265181
  254002
  242228
  232757
  223882
  213297
  205668
  196377
  188098
  180454
  172354
  165421
  157929
  152359
  145691
  138913
  133219
  127987
  121922
  116448
  112453
  107757
  102988
   98605
   94480
   89894
   86237
   82495
   79162
   75703
   72578
   68769
   66563
   63670
   60899
   58476
   55419
   53712
   51513
   49085
   46769
   44974
   43075
   41642
   39571
   37865
   36024
   34466
   33177
   31520
   30424
   29359
   27893
   26841
   25465
   24572
   23372
   22669
   21524
   20678
   19761
   18577
   18184
   17131
   16434
   15783
   15077
   14430
   13890
   13316
   13003
   12268
   11844
   11187
   10790
   10552
    9777
    9418
    9132
    8767
    8430
    8069
    7706
    7325
    6998
    6767
    6397
    6306
    5837
    5679
    5595
    5188
    5077
    4704
    4572
    4337
    4186
    4134
    3878
    3772
    3635
    3437
    3297
    3222
    3057
    2965
    2847
    2633
    2552
    2578
    2394
    2196
    2192
    2122
    2058
    1977
    1946
    1808
    1733
    1545
    1598
    1528
    1450
    1464
    1309
    1339
    1219
    1181
    1168
    1062
    1139
    1046
     987
     941
     889
     960
     809
     858
     819
     793
     766
     667
     623
     698
     653
     632
     633
     551
     552
     515
     527
     496
     485
     462
     440
     448
     441
     414
     408
     358
     342
     361
     340
     329
     333
     295
     292
     330
     299
     269
     234
     225
     233
     258
     229
     226
     189
     218
     200
     189
     171
     180
     187
     169
     195
     148
     148
     141
     158
     143
     112
     121
     121
     131
     125
     114
     115
     114
     114
     126
      90
      83
      82
      82
      89
      94
      92
      77
      78
      85
      93
      65
      75
      73
      70
      65
      65
      66
      66
      54
      64
      48
      50
      48
      59
      53
      47
      36
      40
      39
      41
      35
      42
      35
      31
      34
      41
      28
      33
      33
      39
      28
      32
      26
      22
      19
      28
      15
      15
      25
      25
      21
      12
      15
      12
      12
      18
      12
      10
      10
      14
      12
      10
       7
      17
      10
      12
      10
      11
       7
       5
      14
       7
       9
       5
      10
       5
      14
       3
       4
       7
       9
       4
       5
       5
      10
       4
       5
       3
       5
      10
       6
       3
       6
       1
       3
       2
       4
       2
       3
       4
       2
       2
       3
       3
       4
       1
       1
       3
       4
       2
       2
       3
       2
       0
       1
       1
       0
       1
       1
       1
       2
       1
       2
       2
       0
       1
       1
       1
       3
       0
       0
       2
       0
       1
       0
       0
       1
       2
       1
       4
       2
       0
       1
       0
       0
       0
       0
       1
       0
       0
       0
       0
       1
       1
       2
       1
       0
       0
       0
       0
       1
       0
       0
       0
       1
       2
       1
       1
       0
       0
       0
       0
       0
       0
       1
       1
       0
       1
       0
       0
       0
       1
       0
       1
       0
       0
       0
       0
       0
       0
       1
       0
       0
       0
       0
       0
       1
       0
       2
       0
       1
       0
       0
       0
       0
       1
       0
       0
       0
       1
       1
       0
       1
       0
       0
       0
       0
       2
       3
       0
       1
       1
       3
       0
       0
       0
       4
       0
       0
       0
       1
       1
       0
       0
       1
       0
       1
       0
       1
       1
       0
       0
       0
       1
       0
       0
       0
       0
       0
       1
       1
       0
       0
       0
       0
       0
       0
       0
       0
       0
       1
       0
       0
       0
       0
       0
       0
       1
       0
       1
       0
       0
       1
       0
       0
       0
       1
       1
       0
       0
       0
       0
       0
       0
       0
       0
       1
       0
       2
       0
       0
       0
       0
       0
       0
       0
       2
       0
       2
       0
       0
       0
       1
       1
       0
       1
       0
       0
       0
       0
       0
       0
       2
       1
       2
       0
       0
       0
       0
       2
       0
       0
       0
       0
       0
       0
       0
       0
       1
       0
       0
       0
       1
       0
       0
       0
       0
       0
       0
       0
       0
       1
       1
       1
       0
       0
       0
       1
       0
       0
       0
       0
       1
       1
       3
       0
       0
       0
       0
       1
       0
       2
       3
       0
       0
       1
       0
       0
       0
       0
       0
       3
       0
       0
       0
       1
       0
       0
       0
       0
       0
       0
       1
       0
       1
       0
       1
       2
       1
       0
       0
       0
       0
       1
       0
       0
       2
       1
       1
       3
       0
       0
       2
       1
       1
       0
       1
       1
       0
       0
       1
       2
       3
       1
       3
       3
       0
       2
       6
       3
       5
       2
       3
       2
       1
       3
       5
       6
       4
       2
       4
       2
       6
       1
       6
       3
       3
       7
       3
       5
       1
       9
       6
       5
      10
       6
       8
       8
       7
       7
       5
       4
      11
       5
       4
      10
       6
       9
       6
      12
       6
       7
       7
       5
       7
       9
       9
       6
       9
       5
      13
       7
       8
       5
       6
       7
      10
       7
       9
       6
       6
       8
       8
      10
      10
       3
       6
       5
       4
       4
       5
       6
       3
       3
       6
       5
       3
       5
       3
       4
       3
       5
       3
       5
       5
       2
       3
       2
       3
       3
       1
       3
       2
       0
       2
       0
       0
       1
       2
       0
       2
       1
       2
       1
       0
       0
       1
       0
       0
       0
       0
       0
       0
       0
       0
       1
       0
       0
       0
       0
       0
       0
       0
       0
       0
       2
       1
       0
       0
       1
       0
       0
       1
       0
       0
       0
       0
       1
       0
       0
       0
       0
       2
       0
       0
       0
       0
       0
       1
       0
       0
       1
       1
       0
       0
       1
       0
       0
       0
       0
       1
       0
       0
       1
       0
       0
       1
       1
       0
       0
       0
       0
       1
       0
       0
       1
       0
       0
       0
       0
       0
       1
       0
       0
       1
       0
       0
       0
       0
       2
       0
       1
       0
       0
       0
       1
       0
       0
       0
       0
       0
       1
       1
       0
       0
       0
       0
       0
       0
       1
       0
       0
       0
       0
       0
       0
       0
       0
       0
       0
       0
       0
       0
       0
       0
       0
       1
       0
       0
       0
       0
       0
       0
       0
       0
       0
       0
       0
       0
       0
       0
       0
       0
       0
       0
       0
       0
       0
       0
       0
       0
       0
       0
       0
       0
       0
       0
       0
       1
       0
       0
       1
       0
       0
       0
       0
       0
       1
       0
       0
       0
       0
       0
       0
       0
       0
       0
       0
       0
       0
       0
       0
       0
       0
       0
       0
       0
       0
       1
       1
       1
       0
       0
       0
       0
       1
       0
       0
       0
       0
       0
       0
       0
       0
       0
       0
       0
       0
       0
       0
       0
       0
       0
       0
       0
       0
       0
       0
       0
       0
       0
       0
       0
       0
       0
       0
       0
       0
       1
       0
       0
       0
       0
       0
       0
       0
       0
       0
       0
       0
       0
       1
       0
       0
       0
       0
       0
       0
       0
       0
       0
       0
       0
       0
       0
       0
       0
       0
       0
       0
       0
       0
       0
       0
       0
       0
       0
       0
       0
       0
       0
       0
       0
       0
       0
       0
       0
       0
       0
       0
       0
       0
       0
       1
       1
       0
       0
       0
       0
       0
       0
       0
       0
       0
       0
       0
       0
       0
       0
       0
       0
       0
       0
       0
       0
       0
       0
       0
       0
       0
       0
       0
       0
       0
       0
       1
       0
       1
       0
       1
       0
       0
       0
       0
       0
       0
       0
       0
       0
       0
       0
       0
       0
       0
       1
       1
       0
       0
       1
       0
       0
       0
       0
       0
       0
       0
       0
       0
       0
       0
       0
       0
       0
       0
       0
       1
       0
       1
       0
       0
       0
       0
       0
       0
       0
       0
       0
       1
       0
       0
       0
       0
       0
       0
       0
       0
       0
       0
       1
       0
       0
       0
       0
       1
       0
       0
       0
       1
       0
       0
       0
       0
       0
       0
       0
       0
       0
       1
       0
       0
       0
       0
       0
       0
       0
       0
       0
       0
       0
       0
       1
       0
       0
       0
       0
       0
       0
       0
       0
       0
       0
       0
       0
       0
       0
       0
       0
       0
       0
       0
       0
       0
       0
       0
       0
       0
       0
       0
       0
       0
       0
       0
       0
       0
       0
       0
       0
       0
       0
       0
       0
       0
       0
       0
       0
       0
       0
       0
       1
       0
       0
       0
       0
       0
       0
       0
       0
       0
       0
       0
       0
       0
       0
       0
       0
       0
       0
       0
       1
       0
       0
       0
       0
       0
       0
       0
       0
       0
       0
       0
       0
       0
       0
       0
       0
       0
       0
       0
       0
       0
       0
       0
       1
       0
       0
       0
       0
       0
       0
       0
       0
       0
       0
       0
       0
       0
       0
       0
       0
       0
       0
       1
       0
       0
       1
       0
       0
       0
       1
       0
       0
       0
       0
       0
       0
       0
       0
       0
       0
       0
       1
       0
       0
       0
       0
       0
       0
       0
       0
       0
       0
       0
       0
       0
       0
       0
       0
       0
       0
       0
       0
       0
       0
       0
       0
       0
       0
       0
       0
       0
       0
       0
       1
       0
       0
       0
       0
       0
       0
       0
       0
       0
       0
       0
       0
       0
       0
       0
       0
       0
       0
       0
       0
       0
       0
       0
       0
       0
       0
       0
       0
       0
       0
       0
       0
       1
       0
       0
       0
       0
       0
       0
       0
       0
       0
       0
       0
       0
       0
       0
       0
       0
       0
       0
       0
       0
       0
       0
       0
       0
       0
       0
       0
       0
       0
       0
       0
       0
       0
       0
       0
       0
       0
       0
       0
       0
       0
       0
       0
       0
       0
       0
       0
       0
       0
       0
       0
       0
       0
       0
       0
       0
       0
       0
       0
       0
       0
       0
       0
       0
       0
       0
       0
       0
       0
       0
       1
       0
       0
       0
       0
       0
       0
       0
       0
       1
       0
       0
       0
       0
       0
       0
       0
       0
       0
       0
       0
       0
       0
       0
       0
       0
       0
       0
       0
       0
       1
       0
       0
       0
       0
       0
       0
       0
       0
       0
       0
       0
       0
       0
       0
       0
       0
       0
       1
       0
       0
       0
       0
       0
       0
       0
       0
       0
       0
       0
       0
       0
       0
       0
       0
       0
       0
       0
       0
       0
       0
       0
       0
       0
       0
       0
       0
       0
       0
       0
       0
       0
       0
       0
       0
       0
       0
       0
       0
       0
       0
       0
       0
       0
       0
       0
       0
       0
       0
       0
       0
       0
       0
       0
       0
       0
       0
       0
       0
       0
       0
       0
       0
       0
       0
       0
       0
       0
       0
       0
       0
       0
       0
       0
       0
       0
       0
       0
       0
       0
       0
       0
       0
       0
       0
       0
       0
       0
       0
       0
       0
       0
       0
       0
       0
       0
       0
       0
       0
       0
       0
       0
       0
       0
       0
       1
       0
       0
       0
       0
       0
       0
       0
       0
       0
       0
       0
       0
       0
       0
       0
       0
       0
       0
       0
       0
       0
       0
       0
       0
       0
       0
       0
       0
       0
       0
       0
       0
       0
       0
       0
       0
       0
       0
       0
       0
       0
       0
       0
       0
       0
       0
       0
       0
       0
       0
       0
       0
       0
       0
       0
       0
       0
       0
       0
       0
       0
       0
       0
       0
       0
       0
       0
       0
       0
       0
       0
       0
       0
       0
       0
       0
       0
       0
       0
       0
       0
       0
       0
       0
       0
       1
       0
       0
       0
       0
       0
       0
       0
       0
       0
       0
       0
       0
       0
       0
       0
       0
       0
       0
       0
       0
       0
       0
       0
       0
       0
       0
       0
       0
       0
       0
       0
       0
       0
       0
       0
       0
       0
       0
       0
       0
       0
       0
       0
       0
       0
       0
       0
       0
       0
       0
       0
       0
       0
       0
       0
       0
       0
       0
       0
       0
       0
       0
       0
       0
       0
       0
       1
       0
       0
       0
       0
       0
       0
       0
       0
       1
       0
       0
       0
       0
       0
       0
       0
       0
       0
       0
       0
       0
       0
       0
       0
       0
       0
       0
       0
       0
       0
       0
       0
       0
       0
       0
       0
       0
       0
       0
       0
       0
       0
       0
       0
       0
       0
       0
       0
       0
       0
       0
       0
       0
       0
       0
       0
       0
       0
       0
       0
       0
       0
       0
       0
       0
       0
       0
       0
       0
       0
       0
       0
       0
       0
       0
       0
       0
       0
       0
       0
       0
       0
       0
       0
       0
       0
       0
       0
       0
       0
       0
       0
       0
       0
       0
       0
       0
       0
       0
       0
       0
       0
       0
       0
       0
       0
       0
       0
       0
       0
       0
       0
       0
       0
       0
       0
       0
       0
       0
       0
       0
       0
       0
$ROI:
1
921 1079
$PRESETS:
None
0
0
$ENER_FIT:
0.000000 6.583851
$MCA_CAL:
3
0.000000E+000 6.583851E+000 0.000000E+000 keV
$SHAPE_CAL:
3
0.000000E+000 0.000000E+000 0.000000E+000
