$SPEC_ID:
Run 608, Background
$SPEC_REM:
DET# 1
DETDESC# Electrostatic MCA
AP# Maestro Version 6.08
$DATE_MEA:
09/24/2020 16:21:39
$MEAS_TIM:
833739 1090882
$DATA:
0 2047
       0
       0
       0
       1
       0
       0
       0
       0
       0
       0
       0
       0
       0
       0
       0
       0
       0
       0
       1
       0
       1
       0
       0
       0
       0
       0
       0
       0
       0
       0
       0
       0
       0
       0
       0
       0
       0
       0
       0
       0
       0
       1
       0
       0
       0
       0
       0
       1
       0
       0
       0
       0
       0
       0
       0
       0
       0
       0
       0
       0
       0
       1
       0
       0
       0
       0
       7
       3
      14
  733505
222328982
284303113
281642730
279250393
276916694
274759839
272690758
270667750
268683777
266767652
264921771
263077794
261300591
259434850
257619168
255750661
253921970
252014978
250132564
248163005
246219406
244212803
242182731
240098553
238020000
235882995
233711654
231488015
229238271
226997071
224695372
222357708
220005342
217583308
215176397
212724095
210273996
207778316
205296103
202780654
200245267
197687960
195130087
192522203
189950154
187337602
184767093
182172635
179528143
176946049
174349663
171737550
169130696
166512349
163929339
161325754
158761531
156194706
153620103
151087146
148533267
146023872
143502360
141008985
138522539
136084498
133640567
131226742
128810481
126419034
124052813
121738316
119410252
117130479
114869382
112609189
110396040
108207246
106060375
103915737
101797794
99712252
97634081
95599173
93621202
91645172
89699118
87760587
85888204
84024338
82178477
80400769
78608649
76858400
75176337
73456955
71796898
70169682
68559418
66999952
65442851
63916598
62425346
60960426
59525854
58120017
56753448
55378129
54068834
52760926
51491177
50234104
48998314
47816777
46634646
45481999
44354255
43249825
42177887
41106381
40078481
39072883
38091059
37122959
36163802
35244347
34349206
33466613
32601403
31761293
30943109
30129167
29352791
28574116
27824819
27112167
26390326
25688699
25002889
24349874
23697927
23060102
22457344
21852165
21261131
20687905
20141699
19587859
19058996
18535447
18038556
17545566
17070124
16602155
16138576
15698497
15265226
14845796
14440926
14035638
13651242
13267599
12897748
12543790
12189015
11848586
11520204
11198774
10879118
10574885
10275702
 9991849
 9706561
 9424862
 9166355
 8899159
 8648188
 8408447
 8167032
 7927873
 7700504
 7475969
 7266530
 7054304
 6853134
 6651490
 6462227
 6276765
 6089994
 5913864
 5744758
 5577575
 5410838
 5255194
 5100804
 4955338
 4806937
 4669931
 4528486
 4396668
 4270526
 4144720
 4021491
 3897567
 3784685
 3672299
 3563429
 3456665
 3353315
 3256273
 3156375
 3068080
 2974430
 2883147
 2797594
 2715335
 2631264
 2552762
 2473636
 2397899
 2324589
 2258065
 2186180
 2120127
 2059463
 1994308
 1933534
 1873936
 1816631
 1760302
 1706703
 1653956
 1603273
 1554013
 1504872
 1458339
 1413358
 1369211
 1326963
 1286011
 1246958
 1209044
 1168251
 1131352
 1096692
 1062553
 1028546
  996433
  962526
  934603
  906038
  876386
  848249
  821989
  794726
  769977
  745353
  722322
  698945
  676255
  652642
  633970
  613036
  591559
  573734
  555000
  536617
  519408
  502411
  487332
  469443
  456618
  438733
  425437
  411959
  397558
  385057
  371346
  359791
  347183
  336685
  324548
  314105
  303577
  292871
  283067
  273158
  264428
  255304
  246644
  238688
  230109
  222600
  215132
  208145
  200324
  194142
  187984
  180713
  174711
  168177
  162236
  157454
  151817
  146175
  141322
  136876
  131060
  127632
  122808
  118727
  114936
  111074
  106452
  103217
   99321
   95359
   92486
   89984
   85848
   83371
   79813
   77283
   74489
   72103
   68976
   66759
   64483
   62261
   59788
   57939
   55088
   53780
   51826
   49595
   47880
   46523
   44410
   43053
   41084
   39995
   38737
   37206
   35462
   34366
   33360
   31786
   31026
   29804
   28462
   27326
   26421
   25408
   24642
   23620
   22825
   21674
   20955
   20681
   19553
   18818
   18340
   17447
   16946
   16365
   15667
   15151
   14424
   13807
   13449
   12811
   12270
   11649
   11253
   11053
   10502
   10201
    9875
    9365
    8888
    8839
    8240
    8020
    7832
    7369
    7050
    6962
    6727
    6337
    6203
    5933
    5661
    5367
    5259
    5056
    4861
    4706
    4502
    4289
    4138
    3837
    3701
    3658
    3569
    3355
    3277
    3076
    2989
    2880
    2751
    2633
    2628
    2399
    2375
    2198
    2173
    2011
    1991
    1909
    1793
    1769
    1637
    1657
    1543
    1506
    1435
    1422
    1285
    1273
    1190
    1207
    1083
    1056
    1026
     954
     956
     890
     867
     846
     859
     740
     700
     760
     680
     670
     633
     624
     602
     571
     572
     473
     506
     456
     480
     445
     428
     404
     399
     345
     360
     388
     340
     325
     307
     278
     298
     299
     275
     236
     250
     244
     255
     209
     176
     202
     204
     196
     197
     177
     179
     182
     158
     152
     139
     125
     114
     148
     139
     133
     121
     135
     104
     129
     108
     105
      96
      98
      97
      82
     102
      90
      79
      69
      84
      77
      86
      71
      66
      87
      62
      77
      65
      63
      58
      58
      58
      58
      55
      56
      41
      54
      53
      52
      46
      36
      48
      58
      43
      30
      36
      37
      30
      42
      30
      28
      33
      45
      26
      27
      38
      30
      31
      36
      29
      16
      19
      26
      27
      23
      31
      40
      27
      23
      25
      20
      13
      19
      29
      17
      27
      25
      16
      16
      20
      20
      12
      17
      17
      24
      14
      21
      18
      13
      17
      19
      20
      14
       7
      12
      13
      16
      11
      11
      13
       8
       4
      10
      12
      12
       4
       8
       7
       9
       6
      11
      13
      15
       8
       2
       6
       9
       6
       8
       4
       8
       7
       8
       8
       6
       9
       8
       4
       2
       4
       2
       3
       3
      10
       4
       5
      10
       6
       8
       3
       4
       3
       8
       2
       2
       4
       5
       4
       6
       2
       4
       6
       8
       7
       6
       3
       1
       1
       2
       1
       3
       5
       4
       2
       7
       3
       1
       3
       3
       4
       3
       3
       1
       1
       0
       1
       1
       4
       4
       5
       3
       1
       3
       1
       0
       4
       3
       4
       1
       3
       2
       2
       4
       1
       3
       2
       3
       4
       3
       4
       3
       2
       5
       0
       2
       2
       1
       1
       1
       2
       1
       3
       2
       1
       1
       0
       1
       1
       4
       2
       3
       2
       2
       4
       2
       2
       1
       3
       6
       1
       4
       1
       1
       2
       1
       3
       0
       7
       2
       3
       2
       4
       7
       4
       2
       3
       3
       0
       1
       3
       2
       3
       4
       4
       1
       3
       2
       3
       1
       3
       2
       2
       5
       1
       3
       5
       1
       2
       3
       2
       3
       2
       4
       4
       5
       3
       4
       7
       4
       5
       4
       7
       5
       2
       7
       4
      10
       3
       4
       3
       4
       4
       8
       9
       6
       3
       7
       6
       7
       2
      12
       5
       5
      11
       3
      11
       4
      10
       7
       6
      13
       9
       9
      11
       9
       9
       6
       6
      14
       8
       7
      14
       9
      10
       8
      15
       9
       7
       9
       9
      12
      12
      12
       9
      10
      10
      17
      11
      13
       8
       9
       9
      13
       9
      11
       7
      10
      10
      10
      12
      16
       4
       9
       8
       5
       5
       8
       9
       4
       4
      12
       7
       4
       7
       4
       7
       5
       6
       7
       7
       8
       5
       5
       3
       7
       5
       3
       4
       3
       3
       4
       2
       1
       2
       5
       0
       4
       2
       2
       2
       2
       3
       2
       0
       2
       4
       1
       4
       0
       3
       1
       4
       3
       0
       3
       0
       1
       2
       1
       1
       0
       2
       1
       0
       1
       1
       1
       1
       1
       1
       1
       1
       0
       1
       0
       0
       0
       0
       3
       0
       1
       1
       0
       0
       2
       0
       1
       2
       1
       1
       0
       2
       0
       0
       1
       0
       1
       1
       1
       1
       0
       2
       3
       1
       1
       0
       1
       0
       2
       0
       0
       1
       2
       0
       0
       0
       1
       1
       0
       0
       1
       0
       0
       0
       0
       2
       1
       1
       1
       1
       1
       1
       0
       0
       0
       0
       0
       2
       1
       2
       1
       0
       0
       0
       1
       1
       1
       2
       0
       0
       1
       0
       0
       0
       0
       1
       0
       2
       0
       0
       1
       0
       1
       0
       0
       1
       0
       0
       0
       0
       0
       0
       1
       1
       0
       0
       0
       0
       0
       0
       0
       0
       0
       0
       0
       0
       0
       0
       0
       0
       0
       0
       0
       0
       1
       1
       0
       1
       1
       0
       0
       0
       0
       2
       0
       1
       1
       0
       0
       0
       0
       0
       1
       0
       0
       0
       0
       0
       0
       0
       1
       0
       0
       0
       1
       1
       2
       1
       0
       0
       0
       2
       0
       0
       0
       1
       0
       0
       0
       0
       0
       0
       1
       0
       0
       0
       0
       0
       0
       0
       0
       0
       0
       1
       0
       0
       0
       0
       0
       0
       0
       0
       0
       0
       1
       0
       0
       0
       0
       2
       1
       0
       0
       1
       0
       0
       0
       1
       1
       0
       0
       0
       0
       0
       0
       0
       0
       0
       1
       0
       0
       1
       0
       1
       1
       0
       0
       1
       0
       1
       0
       0
       0
       0
       0
       0
       1
       1
       0
       2
       0
       0
       0
       0
       0
       0
       1
       0
       0
       1
       1
       0
       1
       0
       2
       0
       0
       1
       0
       0
       0
       0
       0
       0
       0
       1
       0
       0
       0
       1
       1
       1
       0
       0
       0
       0
       0
       0
       1
       0
       0
       1
       0
       3
       1
       1
       0
       2
       0
       0
       0
       0
       0
       0
       0
       0
       0
       0
       0
       0
       1
       1
       0
       1
       1
       0
       0
       0
       0
       0
       0
       0
       0
       0
       0
       1
       0
       0
       0
       0
       0
       1
       1
       1
       0
       0
       0
       0
       0
       0
       0
       0
       0
       1
       0
       0
       0
       0
       0
       0
       0
       0
       0
       0
       1
       0
       0
       0
       0
       2
       0
       0
       1
       1
       0
       0
       0
       0
       1
       0
       0
       0
       0
       1
       0
       0
       1
       0
       0
       0
       0
       0
       0
       0
       0
       0
       1
       0
       0
       0
       0
       1
       0
       0
       0
       0
       1
       0
       0
       0
       0
       0
       0
       0
       0
       0
       0
       0
       0
       0
       0
       0
       0
       0
       0
       1
       0
       0
       0
       0
       0
       0
       0
       0
       0
       0
       0
       0
       0
       1
       0
       0
       0
       0
       1
       1
       0
       0
       0
       0
       0
       0
       0
       0
       0
       2
       0
       0
       0
       0
       0
       0
       0
       0
       1
       0
       0
       0
       0
       0
       0
       0
       1
       0
       0
       0
       0
       0
       1
       0
       1
       0
       0
       1
       0
       0
       0
       0
       1
       0
       0
       0
       0
       0
       0
       0
       0
       0
       0
       0
       0
       0
       0
       0
       0
       1
       1
       1
       0
       0
       1
       0
       0
       1
       1
       0
       0
       1
       0
       0
       0
       1
       0
       0
       0
       0
       1
       0
       0
       0
       0
       0
       0
       0
       0
       1
       0
       0
       0
       0
       0
       1
       0
       0
       0
       0
       0
       0
       0
       0
       0
       0
       0
       0
       0
       0
       0
       0
       1
       0
       0
       0
       0
       0
       0
       0
       0
       0
       0
       0
       0
       0
       0
       0
       0
       0
       0
       0
       0
       0
       0
       0
       0
       0
       0
       0
       0
       0
       0
       0
       0
       1
       0
       0
       0
       0
       0
       0
       0
       0
       0
       0
       0
       0
       0
       0
       0
       0
       0
       0
       0
       1
       0
       0
       0
       0
       0
       0
       0
       0
       0
       0
       0
       0
       0
       0
       0
       0
       1
       0
       0
       0
       0
       0
       1
       0
       0
       0
       0
       0
       0
       0
       0
       0
       0
       0
       0
       0
       0
       0
       0
       0
       0
       0
       0
       0
       0
       0
       0
       0
       0
       0
       1
       0
       0
       0
       0
       0
       0
       0
       0
       1
       0
       0
       0
       0
       0
       0
       0
       0
       0
       0
       0
       0
       0
       1
       0
       0
       0
       0
       0
       0
       1
       0
       0
       0
       0
       0
       0
       0
       0
       0
       0
       0
       0
       0
       0
       0
       0
       0
       1
       0
       0
       0
       0
       0
       0
       0
       0
       1
       0
       0
       0
       0
       0
       0
       0
       0
       0
       0
       0
       0
       0
       0
       0
       0
       0
       0
       0
       0
       0
       0
       0
       0
       0
       0
       0
       0
       0
       0
       0
       0
       0
       0
       0
       0
       0
       0
       0
       0
       0
       0
       0
       0
       0
       0
       0
       0
       0
       0
       0
       0
       0
       0
       0
       0
       0
       0
       0
       0
       0
       1
       0
       0
       0
       0
       0
       0
       0
       0
       0
       0
       0
       0
       0
       0
       0
       0
       0
       0
       0
       0
       0
       0
       0
       1
       0
       0
       0
       0
       0
       0
       0
       0
       0
       0
       0
       1
       0
       1
       0
       0
       0
       0
       0
       0
       0
       0
       0
       0
       0
       0
       0
       0
       0
       0
       0
       0
       0
       0
       0
       0
       0
       0
       0
       0
       0
       0
       0
       0
       0
       0
       1
       0
       0
       0
       0
       0
       0
       0
       0
       0
       0
       0
       0
       0
       0
       0
       0
       2
       0
       0
       0
       0
       0
       0
       0
       0
       0
       0
       0
       0
       0
       0
       0
       0
       0
       0
       0
       1
       0
       0
       0
       0
       0
       0
       0
       0
       0
       0
       0
       0
       0
       1
       0
       0
       0
       0
       1
       0
       0
       0
       0
       0
       0
       1
       0
       0
       0
       0
       0
       0
       0
       0
       0
       0
       0
       0
       0
       0
       0
       1
       0
       0
       0
       0
       0
       0
       0
       1
       0
       0
       0
       0
       0
       0
       0
       0
       0
       0
       0
       0
       0
       0
       0
       1
       0
       0
       0
       0
       0
       0
       0
       0
       0
       0
       0
       0
       0
       0
       1
       0
       0
       0
       0
       0
       0
       1
       0
       1
       0
       0
       0
       0
       0
       0
       0
       0
       0
       0
       0
       0
       0
       0
       0
       0
       0
       0
       0
       0
       0
       0
       0
       0
       0
       0
       0
       0
       0
       0
       0
       0
       0
       0
       0
       1
       1
       0
       0
       0
       0
       0
       0
       0
       0
       0
       0
       0
       0
       0
       0
       0
       0
       0
       0
       0
       0
       0
       0
       0
       0
       0
       0
       1
       0
       0
       0
       0
       0
       0
       0
       0
       0
       0
       0
       1
       0
       0
       0
       0
       0
       0
       0
       0
       0
       0
       0
       0
       0
       0
       0
       0
       0
       0
       0
       0
       0
       0
       0
       0
       0
       0
       0
       0
       0
       0
       0
       0
       0
       0
       0
       0
       0
       0
$ROI:
1
921 1079
$PRESETS:
None
0
0
$ENER_FIT:
0.000000 6.583851
$MCA_CAL:
3
0.000000E+000 6.583851E+000 0.000000E+000 keV
$SHAPE_CAL:
3
0.000000E+000 0.000000E+000 0.000000E+000
