$SPEC_ID:
Run 608, Background
$SPEC_REM:
DET# 1
DETDESC# Electrostatic MCA
AP# Maestro Version 6.08
$DATE_MEA:
09/24/2020 16:21:39
$MEAS_TIM:
787652 1008076
$DATA:
0 2047
       0
       0
       0
       1
       0
       0
       0
       0
       0
       0
       0
       0
       0
       0
       0
       0
       0
       0
       1
       0
       1
       0
       0
       0
       0
       0
       0
       0
       0
       0
       0
       0
       0
       0
       0
       0
       0
       0
       0
       0
       0
       1
       0
       0
       0
       0
       0
       1
       0
       0
       0
       0
       0
       0
       0
       0
       0
       0
       0
       0
       0
       1
       0
       0
       0
       0
       7
       3
      13
  540494
191265433
245898309
243243974
240862705
238555125
236432506
234400428
232436847
230511924
228667951
226900915
225143463
223450783
221691397
219993122
218256010
216559252
214782094
213034957
211227180
209453219
207607759
205744706
203845762
201957290
200018339
198041821
196036772
193993952
191966601
189896075
187787054
185676650
183499050
181349787
179146541
176943643
174712871
172490499
170246157
167987348
165710549
163433149
161115710
158824436
156506228
154222719
151925966
149591781
147296573
145020480
142703691
140403055
138108839
135834514
133540747
131292592
129040519
126786576
124561587
122336954
120137089
117943042
115767365
113600896
111475985
109365530
107253666
105166886
103094322
101049570
99043512
97040448
95076839
93126592
91180563
89283216
87417904
85567778
83723839
81909890
80137233
78374852
76643426
74944324
73277582
71625231
69983472
68395346
66821732
65266554
63769985
62260251
60789669
59368447
57940770
56548563
55189855
53852898
52549514
51250030
49993091
48749105
47540554
46348108
45187771
44063348
42925335
41852870
40785107
39746636
38717461
37703263
36741785
35778752
34843851
33925735
33035626
32169447
31306013
30479870
29666420
28883238
28102348
27335461
26604429
25886643
25186673
24496415
23832097
23188058
22538521
21930809
21316290
20726918
20168513
19602365
19052965
18516066
18006997
17497838
17001256
16537465
16067495
15612514
15170517
14747729
14322076
13915888
13513911
13139648
12763499
12394415
12042185
11691945
11356904
11030822
10712770
10407976
10104745
 9812687
 9526185
 9250495
 8983867
 8720551
 8468572
 8224600
 7983481
 7745209
 7522642
 7301031
 7091474
 6883282
 6673573
 6482711
 6286322
 6103556
 5928754
 5751997
 5578408
 5412382
 5250870
 5098467
 4945957
 4800521
 4653989
 4518201
 4382886
 4249699
 4123372
 4002144
 3883205
 3763727
 3652660
 3541560
 3435878
 3331729
 3235363
 3135961
 3040570
 2951779
 2864916
 2776324
 2688619
 2609477
 2530499
 2455442
 2379409
 2305702
 2239069
 2168878
 2107085
 2042589
 1976735
 1917979
 1859497
 1802494
 1748569
 1694699
 1638886
 1589011
 1543977
 1492692
 1448296
 1406080
 1360812
 1318987
 1278279
 1237811
 1200560
 1162593
 1126949
 1091930
 1058290
 1024023
  992995
  961092
  931027
  903017
  874653
  847283
  822169
  794435
  768205
  744986
  721024
  698625
  676360
  653111
  634158
  615096
  594418
  575113
  556922
  537926
  521926
  504995
  489107
  473317
  458344
  441846
  428802
  415817
  400679
  388448
  375103
  362297
  350823
  339736
  329310
  317086
  308492
  295529
  287639
  277144
  267719
  259524
  250471
  242564
  234162
  226735
  218508
  211386
  204444
  197117
  190296
  183329
  177539
  171317
  165373
  159680
  154567
  149075
  143927
  139628
  134048
  129972
  125654
  120554
  116907
  112293
  108499
  105117
  100833
   96959
   94027
   90946
   86919
   84543
   81665
   78518
   76065
   73425
   70417
   68047
   65603
   62899
   61128
   59222
   56211
   54894
   52576
   50720
   48939
   47318
   45164
   43624
   42134
   40680
   38913
   37575
   35916
   35154
   33828
   32237
   30941
   30237
   28887
   27793
   26499
   25804
   25166
   23874
   22850
   22056
   21484
   20402
   19924
   19072
   18261
   17536
   16691
   16145
   15827
   14959
   14464
   13683
   13240
   13003
   12338
   11852
   11470
   10894
   10587
   10259
    9706
    9433
    9133
    8613
    8478
    7888
    7635
    7288
    6902
    6827
    6577
    6376
    6034
    5822
    5505
    5382
    5029
    4881
    4716
    4530
    4224
    4296
    4145
    3877
    3786
    3621
    3479
    3278
    3172
    3079
    2956
    2883
    2733
    2557
    2509
    2288
    2242
    2228
    2088
    1998
    1952
    1883
    1747
    1677
    1639
    1557
    1546
    1413
    1365
    1322
    1285
    1169
    1182
    1128
    1039
    1043
     966
     946
     895
     877
     839
     833
     752
     756
     679
     704
     634
     642
     612
     573
     551
     541
     489
     484
     499
     436
     403
     444
     417
     391
     365
     356
     351
     354
     358
     291
     321
     262
     287
     269
     249
     246
     239
     190
     216
     232
     213
     199
     192
     168
     178
     178
     169
     151
     146
     151
     157
     118
     119
     139
     119
     133
     131
     114
     118
     114
     102
     100
      97
      86
      78
     100
      86
      89
      75
      88
      77
      89
      76
      76
      69
      73
      63
      68
      80
      62
      61
      47
      67
      62
      63
      57
      43
      64
      51
      59
      52
      45
      42
      49
      49
      41
      41
      46
      34
      45
      41
      47
      40
      27
      42
      49
      36
      25
      29
      32
      26
      33
      28
      19
      28
      37
      24
      24
      37
      26
      24
      32
      26
      14
      18
      25
      25
      22
      28
      38
      24
      22
      20
      20
      12
      18
      27
      16
      25
      25
      15
      15
      19
      18
      12
      17
      16
      22
      14
      20
      17
      13
      16
      18
      19
      10
       7
      11
      12
      15
       9
      11
      13
       7
       4
       9
      10
      11
       4
       8
       7
       8
       5
      11
      12
      14
       8
       2
       6
       8
       5
       8
       3
       7
       7
       8
       7
       6
       7
       7
       4
       2
       4
       2
       3
       3
      10
       3
       5
      10
       6
       7
       3
       4
       3
       8
       2
       2
       4
       5
       4
       5
       2
       2
       6
       8
       7
       6
       3
       1
       1
       2
       1
       3
       5
       4
       2
       7
       3
       1
       2
       2
       4
       3
       3
       1
       1
       0
       1
       1
       3
       4
       4
       3
       1
       2
       0
       0
       4
       3
       4
       1
       3
       2
       2
       4
       1
       3
       2
       3
       4
       3
       4
       3
       2
       4
       0
       2
       2
       1
       1
       1
       2
       1
       2
       2
       1
       0
       0
       1
       0
       4
       2
       3
       2
       1
       4
       2
       2
       1
       2
       4
       1
       4
       1
       0
       2
       1
       3
       0
       6
       2
       3
       2
       4
       5
       3
       2
       2
       3
       0
       1
       3
       2
       2
       4
       3
       1
       2
       2
       3
       1
       3
       1
       2
       3
       1
       3
       5
       1
       2
       3
       2
       2
       1
       4
       3
       5
       3
       4
       5
       4
       4
       4
       7
       5
       2
       7
       4
       9
       3
       4
       3
       2
       4
       8
       8
       5
       3
       7
       5
       7
       2
      11
       4
       5
      11
       3
       9
       3
       9
       7
       6
      12
       8
       9
      11
       9
       9
       6
       6
      14
       7
       7
      14
       9
      10
       8
      14
       9
       7
       8
       7
      12
      12
      12
       9
       9
       8
      16
      10
      12
       6
       8
       9
      13
       9
      11
       7
      10
      10
      10
      11
      14
       4
       9
       7
       5
       5
       7
       9
       3
       4
      11
       7
       4
       7
       4
       6
       5
       6
       7
       7
       8
       5
       5
       3
       7
       5
       3
       4
       3
       2
       4
       1
       0
       2
       5
       0
       3
       2
       2
       2
       2
       3
       2
       0
       2
       3
       1
       4
       0
       1
       1
       4
       2
       0
       2
       0
       1
       2
       1
       1
       0
       2
       1
       0
       0
       1
       1
       0
       1
       1
       0
       1
       0
       1
       0
       0
       0
       0
       3
       0
       1
       0
       0
       0
       2
       0
       1
       2
       1
       0
       0
       1
       0
       0
       1
       0
       1
       1
       1
       1
       0
       2
       3
       1
       1
       0
       1
       0
       2
       0
       0
       1
       1
       0
       0
       0
       1
       1
       0
       0
       1
       0
       0
       0
       0
       2
       1
       1
       1
       1
       1
       1
       0
       0
       0
       0
       0
       2
       1
       1
       1
       0
       0
       0
       1
       1
       1
       2
       0
       0
       1
       0
       0
       0
       0
       1
       0
       1
       0
       0
       1
       0
       1
       0
       0
       1
       0
       0
       0
       0
       0
       0
       1
       1
       0
       0
       0
       0
       0
       0
       0
       0
       0
       0
       0
       0
       0
       0
       0
       0
       0
       0
       0
       0
       1
       1
       0
       1
       1
       0
       0
       0
       0
       2
       0
       1
       1
       0
       0
       0
       0
       0
       1
       0
       0
       0
       0
       0
       0
       0
       0
       0
       0
       0
       1
       1
       1
       1
       0
       0
       0
       2
       0
       0
       0
       1
       0
       0
       0
       0
       0
       0
       1
       0
       0
       0
       0
       0
       0
       0
       0
       0
       0
       1
       0
       0
       0
       0
       0
       0
       0
       0
       0
       0
       1
       0
       0
       0
       0
       2
       0
       0
       0
       1
       0
       0
       0
       1
       1
       0
       0
       0
       0
       0
       0
       0
       0
       0
       1
       0
       0
       0
       0
       1
       1
       0
       0
       0
       0
       1
       0
       0
       0
       0
       0
       0
       1
       1
       0
       2
       0
       0
       0
       0
       0
       0
       1
       0
       0
       1
       1
       0
       1
       0
       2
       0
       0
       1
       0
       0
       0
       0
       0
       0
       0
       1
       0
       0
       0
       1
       0
       1
       0
       0
       0
       0
       0
       0
       1
       0
       0
       1
       0
       3
       1
       1
       0
       2
       0
       0
       0
       0
       0
       0
       0
       0
       0
       0
       0
       0
       1
       1
       0
       1
       1
       0
       0
       0
       0
       0
       0
       0
       0
       0
       0
       1
       0
       0
       0
       0
       0
       1
       1
       1
       0
       0
       0
       0
       0
       0
       0
       0
       0
       1
       0
       0
       0
       0
       0
       0
       0
       0
       0
       0
       1
       0
       0
       0
       0
       2
       0
       0
       1
       1
       0
       0
       0
       0
       1
       0
       0
       0
       0
       1
       0
       0
       1
       0
       0
       0
       0
       0
       0
       0
       0
       0
       1
       0
       0
       0
       0
       1
       0
       0
       0
       0
       1
       0
       0
       0
       0
       0
       0
       0
       0
       0
       0
       0
       0
       0
       0
       0
       0
       0
       0
       1
       0
       0
       0
       0
       0
       0
       0
       0
       0
       0
       0
       0
       0
       1
       0
       0
       0
       0
       1
       1
       0
       0
       0
       0
       0
       0
       0
       0
       0
       2
       0
       0
       0
       0
       0
       0
       0
       0
       1
       0
       0
       0
       0
       0
       0
       0
       1
       0
       0
       0
       0
       0
       1
       0
       1
       0
       0
       0
       0
       0
       0
       0
       1
       0
       0
       0
       0
       0
       0
       0
       0
       0
       0
       0
       0
       0
       0
       0
       0
       1
       1
       1
       0
       0
       1
       0
       0
       1
       1
       0
       0
       1
       0
       0
       0
       1
       0
       0
       0
       0
       1
       0
       0
       0
       0
       0
       0
       0
       0
       1
       0
       0
       0
       0
       0
       1
       0
       0
       0
       0
       0
       0
       0
       0
       0
       0
       0
       0
       0
       0
       0
       0
       1
       0
       0
       0
       0
       0
       0
       0
       0
       0
       0
       0
       0
       0
       0
       0
       0
       0
       0
       0
       0
       0
       0
       0
       0
       0
       0
       0
       0
       0
       0
       0
       0
       1
       0
       0
       0
       0
       0
       0
       0
       0
       0
       0
       0
       0
       0
       0
       0
       0
       0
       0
       0
       1
       0
       0
       0
       0
       0
       0
       0
       0
       0
       0
       0
       0
       0
       0
       0
       0
       1
       0
       0
       0
       0
       0
       0
       0
       0
       0
       0
       0
       0
       0
       0
       0
       0
       0
       0
       0
       0
       0
       0
       0
       0
       0
       0
       0
       0
       0
       0
       0
       0
       0
       1
       0
       0
       0
       0
       0
       0
       0
       0
       1
       0
       0
       0
       0
       0
       0
       0
       0
       0
       0
       0
       0
       0
       1
       0
       0
       0
       0
       0
       0
       1
       0
       0
       0
       0
       0
       0
       0
       0
       0
       0
       0
       0
       0
       0
       0
       0
       0
       1
       0
       0
       0
       0
       0
       0
       0
       0
       1
       0
       0
       0
       0
       0
       0
       0
       0
       0
       0
       0
       0
       0
       0
       0
       0
       0
       0
       0
       0
       0
       0
       0
       0
       0
       0
       0
       0
       0
       0
       0
       0
       0
       0
       0
       0
       0
       0
       0
       0
       0
       0
       0
       0
       0
       0
       0
       0
       0
       0
       0
       0
       0
       0
       0
       0
       0
       0
       0
       0
       0
       1
       0
       0
       0
       0
       0
       0
       0
       0
       0
       0
       0
       0
       0
       0
       0
       0
       0
       0
       0
       0
       0
       0
       0
       0
       0
       0
       0
       0
       0
       0
       0
       0
       0
       0
       0
       1
       0
       1
       0
       0
       0
       0
       0
       0
       0
       0
       0
       0
       0
       0
       0
       0
       0
       0
       0
       0
       0
       0
       0
       0
       0
       0
       0
       0
       0
       0
       0
       0
       0
       0
       1
       0
       0
       0
       0
       0
       0
       0
       0
       0
       0
       0
       0
       0
       0
       0
       0
       2
       0
       0
       0
       0
       0
       0
       0
       0
       0
       0
       0
       0
       0
       0
       0
       0
       0
       0
       0
       1
       0
       0
       0
       0
       0
       0
       0
       0
       0
       0
       0
       0
       0
       1
       0
       0
       0
       0
       1
       0
       0
       0
       0
       0
       0
       1
       0
       0
       0
       0
       0
       0
       0
       0
       0
       0
       0
       0
       0
       0
       0
       1
       0
       0
       0
       0
       0
       0
       0
       1
       0
       0
       0
       0
       0
       0
       0
       0
       0
       0
       0
       0
       0
       0
       0
       1
       0
       0
       0
       0
       0
       0
       0
       0
       0
       0
       0
       0
       0
       0
       1
       0
       0
       0
       0
       0
       0
       1
       0
       1
       0
       0
       0
       0
       0
       0
       0
       0
       0
       0
       0
       0
       0
       0
       0
       0
       0
       0
       0
       0
       0
       0
       0
       0
       0
       0
       0
       0
       0
       0
       0
       0
       0
       0
       0
       0
       1
       0
       0
       0
       0
       0
       0
       0
       0
       0
       0
       0
       0
       0
       0
       0
       0
       0
       0
       0
       0
       0
       0
       0
       0
       0
       0
       1
       0
       0
       0
       0
       0
       0
       0
       0
       0
       0
       0
       1
       0
       0
       0
       0
       0
       0
       0
       0
       0
       0
       0
       0
       0
       0
       0
       0
       0
       0
       0
       0
       0
       0
       0
       0
       0
       0
       0
       0
       0
       0
       0
       0
       0
       0
       0
       0
       0
       0
$ROI:
1
921 1079
$PRESETS:
None
0
0
$ENER_FIT:
0.000000 6.583851
$MCA_CAL:
3
0.000000E+000 6.583851E+000 0.000000E+000 keV
$SHAPE_CAL:
3
0.000000E+000 0.000000E+000 0.000000E+000
