$SPEC_ID:
Run 608, Background
$SPEC_REM:
DET# 1
DETDESC# Electrostatic MCA
AP# Maestro Version 6.08
$DATE_MEA:
09/24/2020 16:21:39
$MEAS_TIM:
819492 1065680
$DATA:
0 2047
       0
       0
       0
       1
       0
       0
       0
       0
       0
       0
       0
       0
       0
       0
       0
       0
       0
       0
       1
       0
       1
       0
       0
       0
       0
       0
       0
       0
       0
       0
       0
       0
       0
       0
       0
       0
       0
       0
       0
       0
       0
       1
       0
       0
       0
       0
       0
       1
       0
       0
       0
       0
       0
       0
       0
       0
       0
       0
       0
       0
       0
       1
       0
       0
       0
       0
       7
       3
      14
  702395
212806900
272276440
269618668
267238174
264925408
262790345
260742316
258752638
256800244
254915614
253104016
251295849
249556073
247736966
245972667
244155105
242380729
240522572
238698146
236793646
234921670
232971387
231004744
228991575
226980438
224922301
222825375
220674443
218508726
216346126
214131466
211876783
209611082
207278480
204964873
202599294
200238139
197833746
195444178
193027756
190587349
188130532
185675038
183167367
180690762
178181302
175710299
173218771
170679254
168198144
165714523
163202310
160697758
158186502
155709433
153205892
150747259
148287364
145825010
143393088
140945644
138539812
136127818
133742248
131361802
129025622
126687729
124371308
122061843
119772045
117512893
115298460
113075412
110896727
108730749
106574580
104465425
102375382
100325340
98272973
96250895
94263407
92282585
90345254
88451688
86574528
84720573
82870856
81084938
79315985
77556356
75861205
74161029
72495182
70893055
69260534
67680356
66135183
64602312
63125981
61642644
60195907
58779499
57390625
56027356
54696828
53401658
52095818
50854762
49619739
48415808
47222978
46050898
44935697
43815404
42725090
41659315
40618096
39602830
38590049
37622257
36670205
35745489
34830613
33924499
33061194
32211805
31383071
30564576
29773319
29003942
28237585
27507205
26772466
26069058
25397105
24718651
24057432
23413009
22799722
22187801
21588338
21022739
20454410
19899258
19362559
18849934
18328674
17834042
17342654
16879196
16415305
15967838
15531772
15099449
14685723
14279234
13887473
13508191
13129995
12770238
12412781
12064881
11734626
11404222
11085637
10778509
10477880
10179902
 9895364
 9615291
 9350885
 9084353
 8822897
 8581574
 8331194
 8097948
 7874084
 7648505
 7425589
 7212678
 7003331
 6809130
 6612166
 6425202
 6235369
 6059300
 5886127
 5712123
 5548023
 5390157
 5235329
 5080137
 4933462
 4789765
 4653786
 4516059
 4387485
 4257292
 4133783
 4017079
 3899836
 3784045
 3669422
 3562777
 3458411
 3358215
 3256936
 3161407
 3071624
 2977869
 2895252
 2807926
 2722760
 2641951
 2565413
 2487256
 2413559
 2340369
 2269316
 2200267
 2138543
 2070777
 2009455
 1953326
 1891614
 1834326
 1778967
 1725119
 1672541
 1622201
 1572772
 1525239
 1479282
 1432542
 1389238
 1347173
 1305326
 1265866
 1226898
 1190347
 1154841
 1116754
 1081374
 1049096
 1016647
  984361
  954635
  922226
  895745
  869156
  841193
  814482
  789402
  763884
  740365
  716631
  694982
  672589
  651154
  628929
  610946
  591084
  570934
  553912
  536039
  518562
  502020
  485877
  471566
  454415
  442444
  424901
  412227
  399337
  385765
  373641
  360814
  349508
  337353
  327359
  315697
  305990
  295533
  285259
  275905
  266231
  257901
  249074
  240645
  233033
  224845
  217602
  210279
  203460
  195964
  190053
  184049
  176948
  171155
  164826
  159143
  154438
  148905
  143513
  138693
  134422
  128776
  125495
  120757
  116854
  113069
  109293
  104812
  101693
   97832
   93968
   91197
   88748
   84694
   82211
   78810
   76249
   73541
   71162
   68132
   65953
   63761
   61533
   59126
   57316
   54492
   53219
   51322
   49083
   47438
   46056
   44000
   42680
   40700
   39645
   38389
   36908
   35148
   34074
   33123
   31509
   30800
   29567
   28275
   27159
   26260
   25256
   24482
   23475
   22691
   21554
   20847
   20565
   19436
   18694
   18236
   17366
   16873
   16284
   15583
   15084
   14345
   13740
   13371
   12741
   12217
   11611
   11197
   11017
   10454
   10172
    9830
    9329
    8853
    8798
    8210
    7989
    7805
    7342
    7029
    6938
    6707
    6324
    6181
    5915
    5651
    5347
    5246
    5038
    4849
    4698
    4489
    4279
    4130
    3821
    3690
    3650
    3560
    3344
    3268
    3065
    2983
    2870
    2746
    2626
    2622
    2397
    2371
    2197
    2171
    2000
    1985
    1906
    1790
    1767
    1635
    1657
    1536
    1503
    1433
    1417
    1283
    1271
    1189
    1206
    1081
    1055
    1022
     952
     956
     889
     866
     845
     859
     739
     698
     758
     680
     670
     632
     623
     599
     571
     571
     471
     505
     454
     479
     442
     428
     404
     398
     344
     360
     388
     340
     325
     305
     278
     297
     298
     273
     236
     249
     244
     255
     209
     176
     202
     204
     196
     197
     177
     179
     181
     158
     152
     139
     125
     114
     148
     139
     133
     121
     135
     104
     129
     108
     105
      96
      98
      97
      82
     102
      90
      79
      69
      84
      77
      86
      71
      66
      87
      62
      77
      65
      63
      58
      58
      58
      58
      55
      56
      41
      54
      53
      52
      46
      36
      48
      58
      43
      30
      36
      37
      30
      42
      30
      27
      33
      45
      26
      27
      38
      30
      31
      36
      29
      16
      19
      26
      27
      23
      31
      40
      27
      23
      25
      20
      13
      19
      29
      17
      27
      25
      16
      16
      20
      20
      12
      17
      17
      24
      14
      21
      18
      13
      17
      19
      20
      14
       7
      12
      13
      16
      11
      11
      13
       8
       4
      10
      11
      12
       4
       8
       7
       9
       6
      11
      12
      15
       8
       2
       6
       9
       6
       8
       4
       8
       7
       8
       7
       6
       9
       8
       4
       2
       4
       2
       3
       3
      10
       4
       5
      10
       6
       8
       3
       4
       3
       8
       2
       2
       4
       5
       4
       6
       2
       3
       6
       8
       7
       6
       3
       1
       1
       2
       1
       3
       5
       4
       2
       7
       3
       1
       3
       3
       4
       3
       3
       1
       1
       0
       1
       1
       4
       4
       5
       3
       1
       3
       1
       0
       4
       3
       4
       1
       3
       2
       2
       4
       1
       3
       2
       3
       4
       3
       4
       3
       2
       5
       0
       2
       2
       1
       1
       1
       2
       1
       3
       2
       1
       1
       0
       1
       1
       4
       2
       3
       2
       2
       4
       2
       2
       1
       3
       6
       1
       4
       1
       1
       2
       1
       3
       0
       7
       2
       3
       2
       4
       5
       4
       2
       3
       3
       0
       1
       3
       2
       2
       4
       4
       1
       3
       2
       3
       1
       3
       2
       2
       5
       1
       3
       5
       1
       2
       3
       2
       3
       2
       4
       4
       5
       3
       4
       7
       4
       5
       4
       7
       5
       2
       7
       4
      10
       3
       4
       3
       3
       4
       8
       9
       6
       3
       7
       6
       7
       2
      12
       5
       5
      11
       3
      11
       4
      10
       7
       6
      12
       9
       9
      11
       9
       9
       6
       6
      14
       8
       7
      14
       9
      10
       8
      14
       9
       7
       9
       8
      12
      12
      12
       9
      10
       9
      17
      11
      13
       7
       8
       9
      13
       9
      11
       7
      10
      10
      10
      12
      16
       4
       9
       7
       5
       5
       7
       9
       3
       4
      11
       7
       4
       7
       4
       7
       5
       6
       7
       7
       8
       5
       5
       3
       7
       5
       3
       4
       3
       3
       4
       2
       1
       2
       5
       0
       3
       2
       2
       2
       2
       3
       2
       0
       2
       4
       1
       4
       0
       3
       1
       4
       3
       0
       2
       0
       1
       2
       1
       1
       0
       2
       1
       0
       1
       1
       1
       0
       1
       1
       0
       1
       0
       1
       0
       0
       0
       0
       3
       0
       1
       1
       0
       0
       2
       0
       1
       2
       1
       1
       0
       2
       0
       0
       1
       0
       1
       1
       1
       1
       0
       2
       3
       1
       1
       0
       1
       0
       2
       0
       0
       1
       1
       0
       0
       0
       1
       1
       0
       0
       1
       0
       0
       0
       0
       2
       1
       1
       1
       1
       1
       1
       0
       0
       0
       0
       0
       2
       1
       2
       1
       0
       0
       0
       1
       1
       1
       2
       0
       0
       1
       0
       0
       0
       0
       1
       0
       1
       0
       0
       1
       0
       1
       0
       0
       1
       0
       0
       0
       0
       0
       0
       1
       1
       0
       0
       0
       0
       0
       0
       0
       0
       0
       0
       0
       0
       0
       0
       0
       0
       0
       0
       0
       0
       1
       1
       0
       1
       1
       0
       0
       0
       0
       2
       0
       1
       1
       0
       0
       0
       0
       0
       1
       0
       0
       0
       0
       0
       0
       0
       0
       0
       0
       0
       1
       1
       2
       1
       0
       0
       0
       2
       0
       0
       0
       1
       0
       0
       0
       0
       0
       0
       1
       0
       0
       0
       0
       0
       0
       0
       0
       0
       0
       1
       0
       0
       0
       0
       0
       0
       0
       0
       0
       0
       1
       0
       0
       0
       0
       2
       1
       0
       0
       1
       0
       0
       0
       1
       1
       0
       0
       0
       0
       0
       0
       0
       0
       0
       1
       0
       0
       1
       0
       1
       1
       0
       0
       0
       0
       1
       0
       0
       0
       0
       0
       0
       1
       1
       0
       2
       0
       0
       0
       0
       0
       0
       1
       0
       0
       1
       1
       0
       1
       0
       2
       0
       0
       1
       0
       0
       0
       0
       0
       0
       0
       1
       0
       0
       0
       1
       1
       1
       0
       0
       0
       0
       0
       0
       1
       0
       0
       1
       0
       3
       1
       1
       0
       2
       0
       0
       0
       0
       0
       0
       0
       0
       0
       0
       0
       0
       1
       1
       0
       1
       1
       0
       0
       0
       0
       0
       0
       0
       0
       0
       0
       1
       0
       0
       0
       0
       0
       1
       1
       1
       0
       0
       0
       0
       0
       0
       0
       0
       0
       1
       0
       0
       0
       0
       0
       0
       0
       0
       0
       0
       1
       0
       0
       0
       0
       2
       0
       0
       1
       1
       0
       0
       0
       0
       1
       0
       0
       0
       0
       1
       0
       0
       1
       0
       0
       0
       0
       0
       0
       0
       0
       0
       1
       0
       0
       0
       0
       1
       0
       0
       0
       0
       1
       0
       0
       0
       0
       0
       0
       0
       0
       0
       0
       0
       0
       0
       0
       0
       0
       0
       0
       1
       0
       0
       0
       0
       0
       0
       0
       0
       0
       0
       0
       0
       0
       1
       0
       0
       0
       0
       1
       1
       0
       0
       0
       0
       0
       0
       0
       0
       0
       2
       0
       0
       0
       0
       0
       0
       0
       0
       1
       0
       0
       0
       0
       0
       0
       0
       1
       0
       0
       0
       0
       0
       1
       0
       1
       0
       0
       1
       0
       0
       0
       0
       1
       0
       0
       0
       0
       0
       0
       0
       0
       0
       0
       0
       0
       0
       0
       0
       0
       1
       1
       1
       0
       0
       1
       0
       0
       1
       1
       0
       0
       1
       0
       0
       0
       1
       0
       0
       0
       0
       1
       0
       0
       0
       0
       0
       0
       0
       0
       1
       0
       0
       0
       0
       0
       1
       0
       0
       0
       0
       0
       0
       0
       0
       0
       0
       0
       0
       0
       0
       0
       0
       1
       0
       0
       0
       0
       0
       0
       0
       0
       0
       0
       0
       0
       0
       0
       0
       0
       0
       0
       0
       0
       0
       0
       0
       0
       0
       0
       0
       0
       0
       0
       0
       0
       1
       0
       0
       0
       0
       0
       0
       0
       0
       0
       0
       0
       0
       0
       0
       0
       0
       0
       0
       0
       1
       0
       0
       0
       0
       0
       0
       0
       0
       0
       0
       0
       0
       0
       0
       0
       0
       1
       0
       0
       0
       0
       0
       1
       0
       0
       0
       0
       0
       0
       0
       0
       0
       0
       0
       0
       0
       0
       0
       0
       0
       0
       0
       0
       0
       0
       0
       0
       0
       0
       0
       1
       0
       0
       0
       0
       0
       0
       0
       0
       1
       0
       0
       0
       0
       0
       0
       0
       0
       0
       0
       0
       0
       0
       1
       0
       0
       0
       0
       0
       0
       1
       0
       0
       0
       0
       0
       0
       0
       0
       0
       0
       0
       0
       0
       0
       0
       0
       0
       1
       0
       0
       0
       0
       0
       0
       0
       0
       1
       0
       0
       0
       0
       0
       0
       0
       0
       0
       0
       0
       0
       0
       0
       0
       0
       0
       0
       0
       0
       0
       0
       0
       0
       0
       0
       0
       0
       0
       0
       0
       0
       0
       0
       0
       0
       0
       0
       0
       0
       0
       0
       0
       0
       0
       0
       0
       0
       0
       0
       0
       0
       0
       0
       0
       0
       0
       0
       0
       0
       0
       1
       0
       0
       0
       0
       0
       0
       0
       0
       0
       0
       0
       0
       0
       0
       0
       0
       0
       0
       0
       0
       0
       0
       0
       1
       0
       0
       0
       0
       0
       0
       0
       0
       0
       0
       0
       1
       0
       1
       0
       0
       0
       0
       0
       0
       0
       0
       0
       0
       0
       0
       0
       0
       0
       0
       0
       0
       0
       0
       0
       0
       0
       0
       0
       0
       0
       0
       0
       0
       0
       0
       1
       0
       0
       0
       0
       0
       0
       0
       0
       0
       0
       0
       0
       0
       0
       0
       0
       2
       0
       0
       0
       0
       0
       0
       0
       0
       0
       0
       0
       0
       0
       0
       0
       0
       0
       0
       0
       1
       0
       0
       0
       0
       0
       0
       0
       0
       0
       0
       0
       0
       0
       1
       0
       0
       0
       0
       1
       0
       0
       0
       0
       0
       0
       1
       0
       0
       0
       0
       0
       0
       0
       0
       0
       0
       0
       0
       0
       0
       0
       1
       0
       0
       0
       0
       0
       0
       0
       1
       0
       0
       0
       0
       0
       0
       0
       0
       0
       0
       0
       0
       0
       0
       0
       1
       0
       0
       0
       0
       0
       0
       0
       0
       0
       0
       0
       0
       0
       0
       1
       0
       0
       0
       0
       0
       0
       1
       0
       1
       0
       0
       0
       0
       0
       0
       0
       0
       0
       0
       0
       0
       0
       0
       0
       0
       0
       0
       0
       0
       0
       0
       0
       0
       0
       0
       0
       0
       0
       0
       0
       0
       0
       0
       0
       1
       1
       0
       0
       0
       0
       0
       0
       0
       0
       0
       0
       0
       0
       0
       0
       0
       0
       0
       0
       0
       0
       0
       0
       0
       0
       0
       0
       1
       0
       0
       0
       0
       0
       0
       0
       0
       0
       0
       0
       1
       0
       0
       0
       0
       0
       0
       0
       0
       0
       0
       0
       0
       0
       0
       0
       0
       0
       0
       0
       0
       0
       0
       0
       0
       0
       0
       0
       0
       0
       0
       0
       0
       0
       0
       0
       0
       0
       0
$ROI:
1
921 1079
$PRESETS:
None
0
0
$ENER_FIT:
0.000000 6.583851
$MCA_CAL:
3
0.000000E+000 6.583851E+000 0.000000E+000 keV
$SHAPE_CAL:
3
0.000000E+000 0.000000E+000 0.000000E+000
