$SPEC_ID:
Run 608, Background
$SPEC_REM:
DET# 1
DETDESC# Electrostatic MCA
AP# Maestro Version 6.08
$DATE_MEA:
09/24/2020 16:21:39
$MEAS_TIM:
730244 903668
$DATA:
0 2047
       0
       0
       0
       1
       0
       0
       0
       0
       0
       0
       0
       0
       0
       0
       0
       0
       0
       0
       1
       0
       1
       0
       0
       0
       0
       0
       0
       0
       0
       0
       0
       0
       0
       0
       0
       0
       0
       0
       0
       0
       0
       1
       0
       0
       0
       0
       0
       1
       0
       0
       0
       0
       0
       0
       0
       0
       0
       0
       0
       0
       0
       1
       0
       0
       0
       0
       7
       2
       9
  220890
152000726
198020390
195346018
192931454
190630304
188495212
186477534
184542939
182654617
180855540
179150167
177458274
175820360
174174445
172562034
170940111
169340707
167699034
166079157
164430835
162792673
161118262
159433549
157721928
156021072
154267112
152497805
150708885
148881150
147072267
145249041
143367502
141506507
139608867
137707259
135780561
133862636
131911527
129974430
128033517
126065146
124098704
122133734
120141929
118171812
116168157
114226545
112256562
110282402
108328120
106384701
104434762
102488502
100556354
98634018
96715972
94817852
92943398
91056105
89212326
87368215
85552081
83734154
81941313
80156030
78414613
76693753
74969178
73274940
71588915
69935150
68307856
66707253
65120696
63565099
62010767
60497360
59016526
57555902
56104439
54674468
53289018
51915179
50562414
49246611
47945802
46665842
45405370
44196612
42995582
41810010
40676188
39542806
38429597
37363270
36303647
35267440
34256414
33272749
32307430
31360671
30441512
29542735
28670285
27811582
26975611
26177356
25370783
24607160
23855645
23126004
22407837
21704427
21043514
20379023
19734900
19118273
18510432
17922989
17349049
16795647
16250882
15736114
15227420
14724931
14245007
13787072
13336099
12894637
12472146
12064858
11651469
11273240
10894107
10531197
10188115
 9841162
 9512679
 9184802
 8881715
 8576277
 8283112
 8011608
 7735609
 7469982
 7219717
 6974335
 6732831
 6501578
 6278644
 6067078
 5859475
 5653815
 5458478
 5268240
 5087322
 4911113
 4740764
 4579404
 4420533
 4265713
 4115875
 3977249
 3835636
 3704787
 3570682
 3449868
 3332062
 3211253
 3102610
 2993828
 2887627
 2789711
 2688359
 2598562
 2501715
 2416119
 2334534
 2250798
 2172123
 2093172
 2020887
 1951801
 1883018
 1819914
 1751486
 1693015
 1631042
 1573493
 1520015
 1464463
 1415501
 1364328
 1316905
 1270090
 1226298
 1182409
 1142846
 1100810
 1060503
 1025220
  989533
  953790
  919053
  887336
  856106
  826476
  796836
  767637
  742481
  716003
  690316
  666872
  641604
  619211
  598946
  576880
  558735
  538261
  517843
  499136
  481520
  463979
  448981
  432889
  416418
  401805
  389200
  372810
  361647
  347528
  336721
  324171
  312776
  300633
  290929
  280097
  270001
  260699
  251058
  242259
  233704
  224477
  216869
  208916
  201842
  193710
  187175
  180129
  174469
  167906
  161722
  154911
  150171
  143507
  138875
  133654
  128911
  124708
  119444
  115400
  111644
  106905
  102747
   99387
   95571
   92101
   87768
   85604
   81922
   78925
   76516
   72510
   70336
   67829
   64455
   62701
   60092
   57885
   56416
   53607
   51785
   49332
   48010
   46055
   43992
   42022
   40896
   39225
   37957
   36258
   34757
   33626
   32429
   31392
   29699
   28859
   27543
   26344
   25526
   24222
   23555
   22883
   21543
   20786
   20074
   19257
   18309
   18023
   16979
   16217
   15622
   15090
   14585
   13899
   13441
   12765
   12458
   11965
   11247
   11121
   10687
   10101
    9738
    9299
    8852
    8514
    8181
    8038
    7633
    7254
    6974
    6870
    6667
    6209
    6143
    5755
    5566
    5440
    5095
    4999
    4687
    4591
    4384
    4148
    4082
    3824
    3822
    3630
    3535
    3234
    3241
    3119
    2997
    2885
    2761
    2595
    2492
    2486
    2323
    2255
    2196
    2048
    2083
    2008
    1911
    1782
    1843
    1677
    1662
    1587
    1519
    1422
    1446
    1411
    1260
    1261
    1162
    1182
    1101
    1099
    1008
     967
     958
     922
     905
     877
     851
     773
     792
     790
     728
     712
     645
     660
     656
     641
     599
     553
     549
     536
     490
     470
     494
     488
     429
     459
     422
     416
     363
     335
     364
     322
     352
     339
     297
     280
     313
     278
     274
     284
     265
     241
     249
     239
     234
     205
     218
     226
     176
     192
     196
     175
     180
     186
     151
     145
     136
     143
     165
     140
     117
     133
     116
     122
     115
     115
     106
     114
     129
     101
     111
      81
     100
     108
      83
      87
      82
      76
      77
      90
      80
      82
      72
      70
      64
      76
      81
      67
      60
      76
      76
      55
      47
      56
      52
      57
      59
      55
      60
      45
      43
      49
      53
      45
      34
      57
      40
      55
      39
      45
      43
      47
      41
      30
      40
      45
      33
      40
      38
      31
      34
      24
      37
      39
      32
      32
      22
      35
      27
      32
      31
      21
      20
      33
      34
      24
      24
      26
      20
      23
      26
      32
      25
      12
      22
      28
      20
      12
      13
      16
      10
      15
      16
      11
      17
      19
      13
       7
      24
      13
      13
      23
      17
       7
       5
      13
      18
      12
      15
      23
      19
      16
      11
      10
      10
       9
      16
       3
      17
      16
      10
      10
       8
       9
       5
      12
      13
      15
      11
      13
       8
       7
       8
      15
      11
       8
       2
       4
      10
      12
       6
       7
       8
       4
       1
       7
       5
       8
       3
       6
       2
       5
       4
       8
       7
       6
       6
       1
       4
       5
       3
       7
       2
       3
       5
       4
       4
       4
       7
       5
       1
       2
       3
       1
       3
       2
       5
       2
       3
       5
       4
       3
       3
       1
       0
       5
       2
       2
       2
       2
       3
       2
       1
       2
       4
       7
       5
       5
       3
       0
       1
       1
       1
       0
       3
       4
       2
       6
       0
       0
       0
       1
       2
       2
       3
       1
       0
       0
       1
       0
       2
       3
       4
       2
       1
       2
       0
       0
       4
       0
       2
       1
       2
       1
       2
       3
       0
       2
       2
       2
       1
       2
       3
       1
       2
       3
       0
       2
       1
       1
       1
       1
       2
       1
       1
       2
       1
       0
       0
       1
       0
       3
       2
       3
       1
       1
       4
       2
       1
       0
       2
       3
       1
       1
       1
       0
       2
       0
       3
       0
       6
       2
       3
       1
       3
       3
       2
       2
       1
       3
       0
       1
       3
       1
       1
       3
       2
       1
       1
       1
       2
       0
       2
       0
       0
       2
       1
       2
       5
       1
       2
       3
       2
       1
       1
       2
       3
       5
       3
       3
       5
       4
       4
       3
       5
       4
       2
       7
       3
       7
       2
       3
       3
       1
       4
       6
       7
       5
       3
       5
       5
       7
       2
      10
       4
       5
      11
       3
       9
       2
       9
       7
       6
      12
       8
       8
      11
       9
       9
       6
       6
      14
       6
       7
      12
       9
       9
       8
      12
       8
       7
       8
       7
      11
      12
      12
       8
       9
       7
      15
      10
       9
       6
       7
       9
      11
       9
      10
       7
      10
       9
      10
      11
      13
       4
       9
       7
       4
       5
       6
       9
       3
       3
      10
       6
       4
       7
       3
       6
       5
       5
       5
       7
       7
       5
       4
       3
       6
       5
       3
       4
       3
       2
       4
       1
       0
       2
       4
       0
       3
       1
       2
       2
       1
       2
       2
       0
       2
       3
       1
       2
       0
       1
       0
       3
       2
       0
       2
       0
       0
       1
       1
       0
       0
       2
       1
       0
       0
       1
       0
       0
       1
       1
       0
       0
       0
       1
       0
       0
       0
       0
       3
       0
       1
       0
       0
       0
       2
       0
       0
       1
       1
       0
       0
       1
       0
       0
       0
       0
       1
       1
       1
       1
       0
       2
       2
       1
       1
       0
       0
       0
       1
       0
       0
       1
       0
       0
       0
       0
       1
       1
       0
       0
       1
       0
       0
       0
       0
       2
       1
       1
       1
       0
       1
       1
       0
       0
       0
       0
       0
       2
       1
       0
       1
       0
       0
       0
       1
       1
       1
       1
       0
       0
       0
       0
       0
       0
       0
       1
       0
       1
       0
       0
       0
       0
       1
       0
       0
       0
       0
       0
       0
       0
       0
       0
       1
       1
       0
       0
       0
       0
       0
       0
       0
       0
       0
       0
       0
       0
       0
       0
       0
       0
       0
       0
       0
       0
       1
       0
       0
       1
       1
       0
       0
       0
       0
       2
       0
       1
       1
       0
       0
       0
       0
       0
       1
       0
       0
       0
       0
       0
       0
       0
       0
       0
       0
       0
       1
       1
       1
       1
       0
       0
       0
       2
       0
       0
       0
       0
       0
       0
       0
       0
       0
       0
       0
       0
       0
       0
       0
       0
       0
       0
       0
       0
       0
       1
       0
       0
       0
       0
       0
       0
       0
       0
       0
       0
       1
       0
       0
       0
       0
       0
       0
       0
       0
       1
       0
       0
       0
       1
       0
       0
       0
       0
       0
       0
       0
       0
       0
       0
       0
       0
       0
       0
       0
       0
       1
       0
       0
       0
       0
       1
       0
       0
       0
       0
       0
       0
       1
       1
       0
       2
       0
       0
       0
       0
       0
       0
       1
       0
       0
       1
       1
       0
       1
       0
       2
       0
       0
       1
       0
       0
       0
       0
       0
       0
       0
       1
       0
       0
       0
       1
       0
       0
       0
       0
       0
       0
       0
       0
       1
       0
       0
       1
       0
       3
       1
       1
       0
       2
       0
       0
       0
       0
       0
       0
       0
       0
       0
       0
       0
       0
       1
       1
       0
       1
       1
       0
       0
       0
       0
       0
       0
       0
       0
       0
       0
       0
       0
       0
       0
       0
       0
       1
       0
       1
       0
       0
       0
       0
       0
       0
       0
       0
       0
       1
       0
       0
       0
       0
       0
       0
       0
       0
       0
       0
       1
       0
       0
       0
       0
       2
       0
       0
       1
       1
       0
       0
       0
       0
       1
       0
       0
       0
       0
       1
       0
       0
       1
       0
       0
       0
       0
       0
       0
       0
       0
       0
       1
       0
       0
       0
       0
       1
       0
       0
       0
       0
       1
       0
       0
       0
       0
       0
       0
       0
       0
       0
       0
       0
       0
       0
       0
       0
       0
       0
       0
       0
       0
       0
       0
       0
       0
       0
       0
       0
       0
       0
       0
       0
       0
       1
       0
       0
       0
       0
       1
       1
       0
       0
       0
       0
       0
       0
       0
       0
       0
       1
       0
       0
       0
       0
       0
       0
       0
       0
       1
       0
       0
       0
       0
       0
       0
       0
       0
       0
       0
       0
       0
       0
       1
       0
       1
       0
       0
       0
       0
       0
       0
       0
       1
       0
       0
       0
       0
       0
       0
       0
       0
       0
       0
       0
       0
       0
       0
       0
       0
       1
       1
       1
       0
       0
       1
       0
       0
       1
       1
       0
       0
       1
       0
       0
       0
       1
       0
       0
       0
       0
       1
       0
       0
       0
       0
       0
       0
       0
       0
       1
       0
       0
       0
       0
       0
       0
       0
       0
       0
       0
       0
       0
       0
       0
       0
       0
       0
       0
       0
       0
       0
       0
       1
       0
       0
       0
       0
       0
       0
       0
       0
       0
       0
       0
       0
       0
       0
       0
       0
       0
       0
       0
       0
       0
       0
       0
       0
       0
       0
       0
       0
       0
       0
       0
       0
       1
       0
       0
       0
       0
       0
       0
       0
       0
       0
       0
       0
       0
       0
       0
       0
       0
       0
       0
       0
       1
       0
       0
       0
       0
       0
       0
       0
       0
       0
       0
       0
       0
       0
       0
       0
       0
       1
       0
       0
       0
       0
       0
       0
       0
       0
       0
       0
       0
       0
       0
       0
       0
       0
       0
       0
       0
       0
       0
       0
       0
       0
       0
       0
       0
       0
       0
       0
       0
       0
       0
       1
       0
       0
       0
       0
       0
       0
       0
       0
       1
       0
       0
       0
       0
       0
       0
       0
       0
       0
       0
       0
       0
       0
       1
       0
       0
       0
       0
       0
       0
       1
       0
       0
       0
       0
       0
       0
       0
       0
       0
       0
       0
       0
       0
       0
       0
       0
       0
       1
       0
       0
       0
       0
       0
       0
       0
       0
       1
       0
       0
       0
       0
       0
       0
       0
       0
       0
       0
       0
       0
       0
       0
       0
       0
       0
       0
       0
       0
       0
       0
       0
       0
       0
       0
       0
       0
       0
       0
       0
       0
       0
       0
       0
       0
       0
       0
       0
       0
       0
       0
       0
       0
       0
       0
       0
       0
       0
       0
       0
       0
       0
       0
       0
       0
       0
       0
       0
       0
       0
       1
       0
       0
       0
       0
       0
       0
       0
       0
       0
       0
       0
       0
       0
       0
       0
       0
       0
       0
       0
       0
       0
       0
       0
       0
       0
       0
       0
       0
       0
       0
       0
       0
       0
       0
       0
       1
       0
       1
       0
       0
       0
       0
       0
       0
       0
       0
       0
       0
       0
       0
       0
       0
       0
       0
       0
       0
       0
       0
       0
       0
       0
       0
       0
       0
       0
       0
       0
       0
       0
       0
       1
       0
       0
       0
       0
       0
       0
       0
       0
       0
       0
       0
       0
       0
       0
       0
       0
       2
       0
       0
       0
       0
       0
       0
       0
       0
       0
       0
       0
       0
       0
       0
       0
       0
       0
       0
       0
       1
       0
       0
       0
       0
       0
       0
       0
       0
       0
       0
       0
       0
       0
       1
       0
       0
       0
       0
       1
       0
       0
       0
       0
       0
       0
       1
       0
       0
       0
       0
       0
       0
       0
       0
       0
       0
       0
       0
       0
       0
       0
       1
       0
       0
       0
       0
       0
       0
       0
       1
       0
       0
       0
       0
       0
       0
       0
       0
       0
       0
       0
       0
       0
       0
       0
       1
       0
       0
       0
       0
       0
       0
       0
       0
       0
       0
       0
       0
       0
       0
       1
       0
       0
       0
       0
       0
       0
       0
       0
       1
       0
       0
       0
       0
       0
       0
       0
       0
       0
       0
       0
       0
       0
       0
       0
       0
       0
       0
       0
       0
       0
       0
       0
       0
       0
       0
       0
       0
       0
       0
       0
       0
       0
       0
       0
       0
       1
       0
       0
       0
       0
       0
       0
       0
       0
       0
       0
       0
       0
       0
       0
       0
       0
       0
       0
       0
       0
       0
       0
       0
       0
       0
       0
       1
       0
       0
       0
       0
       0
       0
       0
       0
       0
       0
       0
       0
       0
       0
       0
       0
       0
       0
       0
       0
       0
       0
       0
       0
       0
       0
       0
       0
       0
       0
       0
       0
       0
       0
       0
       0
       0
       0
       0
       0
       0
       0
       0
       0
       0
       0
       0
       0
       0
       0
$ROI:
1
921 1079
$PRESETS:
None
0
0
$ENER_FIT:
0.000000 6.583851
$MCA_CAL:
3
0.000000E+000 6.583851E+000 0.000000E+000 keV
$SHAPE_CAL:
3
0.000000E+000 0.000000E+000 0.000000E+000
