$SPEC_ID:
Run 608, Background
$SPEC_REM:
DET# 1
DETDESC# Electrostatic MCA
AP# Maestro Version 6.08
$DATE_MEA:
09/24/2020 16:21:39
$MEAS_TIM:
659648 777658
$DATA:
0 2047
       0
       0
       0
       1
       0
       0
       0
       0
       0
       0
       0
       0
       0
       0
       0
       0
       0
       0
       1
       0
       1
       0
       0
       0
       0
       0
       0
       0
       0
       0
       0
       0
       0
       0
       0
       0
       0
       0
       0
       0
       0
       1
       0
       0
       0
       0
       0
       1
       0
       0
       0
       0
       0
       0
       0
       0
       0
       0
       0
       0
       0
       1
       0
       0
       0
       0
       6
       1
       6
  107754
100711589
132037209
129505257
127223032
125088006
123127852
121321263
119609416
117981241
116431008
115009835
113629332
112301691
110997511
109722336
108468845
107246300
106006710
104803086
103579191
102401696
101172704
99964926
98725792
97509125
96277446
95022223
93748308
92470239
91194371
89918526
88613686
87331981
86018055
84698262
83348247
82041568
80692428
79377660
78029202
76688786
75347603
74016653
72662543
71329944
69975880
68648153
67324059
65993413
64680570
63372667
62055178
60751666
59465151
58191476
56922538
55647987
54402227
53154230
51925245
50722252
49515545
48321606
47140709
45977069
44840410
43717510
42596458
41496940
40397943
39332268
38280727
37255030
36237819
35241140
34242941
33272840
32332741
31412119
30486033
29592057
28720578
27851877
27015196
26181740
25376065
24589240
23811896
23061872
22323247
21598552
20901768
20213588
19535916
18889324
18258057
17633500
17028780
16445833
15864919
15311951
14773307
14244245
13735292
13235893
12755404
12288839
11833549
11393201
10963755
10553035
10153605
 9763204
 9389430
 9022224
 8671857
 8331610
 7998780
 7681287
 7374320
 7077998
 6787841
 6515530
 6246650
 5984550
 5736219
 5504148
 5273581
 5049040
 4832776
 4630064
 4424754
 4239882
 4053125
 3879094
 3710314
 3544639
 3392062
 3237371
 3094727
 2954879
 2821103
 2695385
 2572420
 2454034
 2343815
 2236163
 2133660
 2033903
 1940209
 1848173
 1761321
 1677683
 1599274
 1521676
 1452126
 1381167
 1315259
 1251940
 1192798
 1135348
 1077333
 1027481
  977608
  928740
  883007
  840750
  798392
  758993
  721063
  685474
  651971
  620412
  588137
  559176
  530686
  505318
  479791
  455001
  432260
  409939
  389689
  369595
  350736
  333998
  315549
  300152
  284910
  270662
  256320
  243661
  232003
  220332
  208977
  198565
  187774
  178013
  169597
  160475
  152764
  145808
  137529
  131216
  123920
  118342
  112841
  107313
  101456
   96895
   91642
   86856
   83471
   78878
   75142
   71476
   68295
   65130
   61731
   58903
   56565
   53510
   51487
   48425
   46633
   44855
   42260
   40230
   38545
   36932
   35513
   33819
   32567
   31347
   29914
   28320
   27457
   26489
   25206
   24384
   23212
   22315
   21345
   20412
   19781
   19222
   18307
   17667
   17164
   16495
   15836
   15375
   14776
   14197
   13858
   13304
   12828
   12446
   12236
   11858
   11362
   10858
   10608
   10346
    9942
    9625
    9652
    9250
    8917
    8551
    8407
    8031
    7938
    7605
    7405
    7281
    6988
    6833
    6638
    6412
    6465
    6075
    5989
    5769
    5709
    5642
    5348
    5320
    5139
    5032
    4879
    4713
    4584
    4522
    4521
    4377
    4271
    4155
    4063
    3937
    3838
    3727
    3607
    3599
    3343
    3357
    3329
    3232
    3055
    3109
    3008
    2857
    2821
    2802
    2776
    2666
    2569
    2559
    2444
    2464
    2277
    2341
    2284
    2245
    2211
    1995
    1966
    1990
    1823
    1883
    1837
    1752
    1781
    1714
    1749
    1618
    1555
    1524
    1528
    1485
    1452
    1369
    1340
    1330
    1257
    1264
    1261
    1184
    1223
    1183
    1118
    1042
    1039
    1015
     998
     971
     953
     910
     865
     858
     841
     814
     805
     801
     743
     758
     726
     662
     715
     642
     655
     651
     596
     571
     564
     585
     517
     526
     488
     493
     480
     467
     418
     403
     393
     398
     412
     378
     348
     365
     353
     355
     321
     301
     286
     283
     287
     278
     263
     247
     245
     231
     218
     209
     220
     207
     200
     205
     189
     170
     150
     141
     156
     132
     173
     145
     129
     112
     140
     112
     125
     104
     108
     105
     103
      94
      95
      87
      90
      85
      67
      67
      75
      62
      68
      70
      58
      59
      57
      59
      53
      48
      31
      43
      33
      45
      42
      33
      35
      40
      38
      29
      30
      30
      28
      35
      20
      26
      23
      24
      18
      25
      23
      23
      19
      27
      14
      18
      19
      11
      12
      12
      14
       8
      10
      12
       9
      13
       9
      13
      12
       7
       9
       5
       8
       4
       5
       6
       3
      10
       8
       3
       4
       1
       1
       1
       5
      11
       3
       5
       3
       3
       4
       5
       6
       3
       2
       1
       0
       3
       0
       3
       2
       4
       0
       2
       4
       1
       1
       3
       0
       1
       2
       2
       1
       2
       1
       1
       2
       0
       0
       0
       3
       1
       2
       0
       0
       1
       1
       0
       3
       4
       0
       2
       0
       1
       1
       3
       0
       3
       2
       3
       0
       1
       1
       0
       2
       0
       0
       0
       3
       1
       1
       1
       1
       2
       1
       0
       2
       5
       1
       1
       1
       3
       0
       2
       0
       4
       1
       0
       1
       2
       1
       0
       0
       2
       0
       1
       1
       1
       1
       1
       0
       0
       1
       0
       0
       1
       0
       0
       1
       2
       1
       1
       0
       0
       0
       0
       1
       1
       0
       3
       0
       0
       0
       0
       0
       2
       1
       0
       1
       1
       2
       1
       0
       0
       0
       2
       1
       0
       1
       0
       0
       0
       0
       0
       2
       2
       0
       3
       0
       0
       1
       0
       0
       0
       1
       3
       1
       4
       0
       0
       0
       1
       2
       1
       1
       1
       0
       0
       1
       0
       0
       2
       2
       2
       0
       0
       0
       0
       3
       0
       0
       0
       0
       1
       2
       3
       0
       2
       0
       1
       0
       1
       2
       0
       2
       1
       0
       0
       1
       1
       1
       1
       2
       0
       1
       2
       1
       0
       0
       1
       0
       2
       1
       3
       1
       0
       2
       2
       1
       0
       2
       3
       1
       0
       1
       0
       2
       0
       2
       0
       5
       1
       1
       1
       1
       1
       2
       2
       1
       3
       0
       1
       1
       1
       1
       3
       2
       1
       1
       0
       0
       0
       1
       0
       0
       2
       1
       2
       5
       0
       0
       2
       2
       1
       0
       2
       3
       4
       2
       3
       5
       4
       1
       3
       4
       2
       2
       7
       3
       7
       2
       3
       3
       1
       3
       6
       7
       4
       3
       4
       3
       6
       1
       7
       4
       4
       8
       3
       6
       2
       9
       7
       5
      10
       8
       8
       9
       9
       8
       6
       4
      13
       5
       7
      11
       8
       9
       8
      12
       7
       7
       8
       5
       8
      10
      11
       7
       9
       5
      15
       9
       8
       5
       7
       9
      10
       8
      10
       7
       6
       9
       9
      11
      11
       4
       6
       6
       4
       5
       6
       7
       3
       3
       6
       5
       4
       6
       3
       4
       4
       5
       5
       6
       7
       5
       4
       2
       4
       4
       2
       4
       3
       1
       4
       0
       0
       1
       4
       0
       3
       1
       2
       1
       1
       1
       1
       0
       0
       2
       1
       1
       0
       0
       0
       3
       2
       0
       2
       0
       0
       1
       1
       0
       0
       2
       1
       0
       0
       1
       0
       0
       1
       1
       0
       0
       0
       1
       0
       0
       0
       0
       3
       0
       0
       0
       0
       0
       1
       0
       0
       1
       1
       0
       0
       1
       0
       0
       0
       0
       1
       1
       1
       1
       0
       1
       1
       1
       1
       0
       0
       0
       1
       0
       0
       1
       0
       0
       0
       0
       0
       1
       0
       0
       1
       0
       0
       0
       0
       2
       1
       1
       1
       0
       1
       1
       0
       0
       0
       0
       0
       1
       1
       0
       0
       0
       0
       0
       1
       1
       1
       1
       0
       0
       0
       0
       0
       0
       0
       0
       0
       1
       0
       0
       0
       0
       1
       0
       0
       0
       0
       0
       0
       0
       0
       0
       1
       1
       0
       0
       0
       0
       0
       0
       0
       0
       0
       0
       0
       0
       0
       0
       0
       0
       0
       0
       0
       0
       1
       0
       0
       1
       1
       0
       0
       0
       0
       2
       0
       1
       0
       0
       0
       0
       0
       0
       0
       0
       0
       0
       0
       0
       0
       0
       0
       0
       0
       0
       1
       1
       1
       1
       0
       0
       0
       2
       0
       0
       0
       0
       0
       0
       0
       0
       0
       0
       0
       0
       0
       0
       0
       0
       0
       0
       0
       0
       0
       1
       0
       0
       0
       0
       0
       0
       0
       0
       0
       0
       1
       0
       0
       0
       0
       0
       0
       0
       0
       1
       0
       0
       0
       1
       0
       0
       0
       0
       0
       0
       0
       0
       0
       0
       0
       0
       0
       0
       0
       0
       1
       0
       0
       0
       0
       1
       0
       0
       0
       0
       0
       0
       1
       1
       0
       1
       0
       0
       0
       0
       0
       0
       0
       0
       0
       1
       1
       0
       1
       0
       1
       0
       0
       1
       0
       0
       0
       0
       0
       0
       0
       1
       0
       0
       0
       0
       0
       0
       0
       0
       0
       0
       0
       0
       1
       0
       0
       1
       0
       2
       0
       1
       0
       1
       0
       0
       0
       0
       0
       0
       0
       0
       0
       0
       0
       0
       1
       1
       0
       1
       1
       0
       0
       0
       0
       0
       0
       0
       0
       0
       0
       0
       0
       0
       0
       0
       0
       1
       0
       1
       0
       0
       0
       0
       0
       0
       0
       0
       0
       1
       0
       0
       0
       0
       0
       0
       0
       0
       0
       0
       1
       0
       0
       0
       0
       1
       0
       0
       0
       1
       0
       0
       0
       0
       1
       0
       0
       0
       0
       1
       0
       0
       1
       0
       0
       0
       0
       0
       0
       0
       0
       0
       1
       0
       0
       0
       0
       1
       0
       0
       0
       0
       1
       0
       0
       0
       0
       0
       0
       0
       0
       0
       0
       0
       0
       0
       0
       0
       0
       0
       0
       0
       0
       0
       0
       0
       0
       0
       0
       0
       0
       0
       0
       0
       0
       1
       0
       0
       0
       0
       1
       0
       0
       0
       0
       0
       0
       0
       0
       0
       0
       0
       0
       0
       0
       0
       0
       0
       0
       0
       1
       0
       0
       0
       0
       0
       0
       0
       0
       0
       0
       0
       0
       0
       1
       0
       0
       0
       0
       0
       0
       0
       0
       0
       1
       0
       0
       0
       0
       0
       0
       0
       0
       0
       0
       0
       0
       0
       0
       0
       0
       0
       1
       1
       0
       0
       1
       0
       0
       0
       1
       0
       0
       0
       0
       0
       0
       1
       0
       0
       0
       0
       1
       0
       0
       0
       0
       0
       0
       0
       0
       1
       0
       0
       0
       0
       0
       0
       0
       0
       0
       0
       0
       0
       0
       0
       0
       0
       0
       0
       0
       0
       0
       0
       1
       0
       0
       0
       0
       0
       0
       0
       0
       0
       0
       0
       0
       0
       0
       0
       0
       0
       0
       0
       0
       0
       0
       0
       0
       0
       0
       0
       0
       0
       0
       0
       0
       1
       0
       0
       0
       0
       0
       0
       0
       0
       0
       0
       0
       0
       0
       0
       0
       0
       0
       0
       0
       1
       0
       0
       0
       0
       0
       0
       0
       0
       0
       0
       0
       0
       0
       0
       0
       0
       1
       0
       0
       0
       0
       0
       0
       0
       0
       0
       0
       0
       0
       0
       0
       0
       0
       0
       0
       0
       0
       0
       0
       0
       0
       0
       0
       0
       0
       0
       0
       0
       0
       0
       1
       0
       0
       0
       0
       0
       0
       0
       0
       1
       0
       0
       0
       0
       0
       0
       0
       0
       0
       0
       0
       0
       0
       1
       0
       0
       0
       0
       0
       0
       1
       0
       0
       0
       0
       0
       0
       0
       0
       0
       0
       0
       0
       0
       0
       0
       0
       0
       1
       0
       0
       0
       0
       0
       0
       0
       0
       1
       0
       0
       0
       0
       0
       0
       0
       0
       0
       0
       0
       0
       0
       0
       0
       0
       0
       0
       0
       0
       0
       0
       0
       0
       0
       0
       0
       0
       0
       0
       0
       0
       0
       0
       0
       0
       0
       0
       0
       0
       0
       0
       0
       0
       0
       0
       0
       0
       0
       0
       0
       0
       0
       0
       0
       0
       0
       0
       0
       0
       0
       0
       0
       0
       0
       0
       0
       0
       0
       0
       0
       0
       0
       0
       0
       0
       0
       0
       0
       0
       0
       0
       0
       0
       0
       0
       0
       0
       0
       0
       0
       0
       0
       0
       0
       0
       0
       1
       0
       1
       0
       0
       0
       0
       0
       0
       0
       0
       0
       0
       0
       0
       0
       0
       0
       0
       0
       0
       0
       0
       0
       0
       0
       0
       0
       0
       0
       0
       0
       0
       0
       0
       1
       0
       0
       0
       0
       0
       0
       0
       0
       0
       0
       0
       0
       0
       0
       0
       0
       0
       0
       0
       0
       0
       0
       0
       0
       0
       0
       0
       0
       0
       0
       0
       0
       0
       0
       0
       0
       0
       0
       0
       0
       0
       0
       0
       0
       0
       0
       0
       0
       0
       0
       1
       0
       0
       0
       0
       1
       0
       0
       0
       0
       0
       0
       1
       0
       0
       0
       0
       0
       0
       0
       0
       0
       0
       0
       0
       0
       0
       0
       1
       0
       0
       0
       0
       0
       0
       0
       1
       0
       0
       0
       0
       0
       0
       0
       0
       0
       0
       0
       0
       0
       0
       0
       1
       0
       0
       0
       0
       0
       0
       0
       0
       0
       0
       0
       0
       0
       0
       1
       0
       0
       0
       0
       0
       0
       0
       0
       1
       0
       0
       0
       0
       0
       0
       0
       0
       0
       0
       0
       0
       0
       0
       0
       0
       0
       0
       0
       0
       0
       0
       0
       0
       0
       0
       0
       0
       0
       0
       0
       0
       0
       0
       0
       0
       1
       0
       0
       0
       0
       0
       0
       0
       0
       0
       0
       0
       0
       0
       0
       0
       0
       0
       0
       0
       0
       0
       0
       0
       0
       0
       0
       0
       0
       0
       0
       0
       0
       0
       0
       0
       0
       0
       0
       0
       0
       0
       0
       0
       0
       0
       0
       0
       0
       0
       0
       0
       0
       0
       0
       0
       0
       0
       0
       0
       0
       0
       0
       0
       0
       0
       0
       0
       0
       0
       0
       0
       0
       0
       0
       0
       0
       0
$ROI:
1
921 1079
$PRESETS:
None
0
0
$ENER_FIT:
0.000000 6.583851
$MCA_CAL:
3
0.000000E+000 6.583851E+000 0.000000E+000 keV
$SHAPE_CAL:
3
0.000000E+000 0.000000E+000 0.000000E+000
