$SPEC_ID:
Run 608, Background
$SPEC_REM:
DET# 1
DETDESC# Electrostatic MCA
AP# Maestro Version 6.08
$DATE_MEA:
09/24/2020 16:21:39
$MEAS_TIM:
653620 766857
$DATA:
0 2047
       0
       0
       0
       1
       0
       0
       0
       0
       0
       0
       0
       0
       0
       0
       0
       0
       0
       0
       1
       0
       1
       0
       0
       0
       0
       0
       0
       0
       0
       0
       0
       0
       0
       0
       0
       0
       0
       0
       0
       0
       0
       1
       0
       0
       0
       0
       0
       1
       0
       0
       0
       0
       0
       0
       0
       0
       0
       0
       0
       0
       0
       1
       0
       0
       0
       0
       6
       1
       6
  100814
96041172
125947026
123429338
121166373
119052514
117117247
115335831
113650844
112047959
110536102
109146438
107799847
106508777
105242929
104002882
102789742
101612887
100416343
99262283
98082597
96958956
95776322
94621250
93437374
92273506
91096711
89895792
88685141
87463056
86250577
85029411
83787769
82569126
81316363
80056288
78772959
77530439
76248177
74999566
73713220
72436435
71162688
69898274
68613517
67348249
66059926
64796755
63538019
62274727
61032809
59787255
58536801
57297249
56081272
54869281
53666943
52455351
51273756
50090279
48926396
47787587
46641125
45512699
44388520
43291114
42211105
41148536
40086070
39044265
38003266
36997137
35997894
35029217
34069458
33123531
32179361
31261167
30372539
29502545
28628973
27782827
26957324
26138715
25346282
24559739
23800054
23055376
22324331
21615153
20917508
20236325
19576502
18928301
18289455
17679575
17085456
16493897
15925078
15377487
14828776
14310784
13801315
13304352
12826179
12355202
11903669
11464240
11037495
10624036
10220739
 9835099
 9457619
 9092582
 8741767
 8397431
 8067643
 7750383
 7437571
 7139822
 6851531
 6575297
 6302413
 6047614
 5796240
 5552737
 5318518
 5101955
 4886158
 4676538
 4474990
 4285146
 4093578
 3921371
 3746939
 3583810
 3426628
 3274058
 3131761
 2986580
 2854237
 2724052
 2599901
 2483588
 2367904
 2258489
 2157356
 2056098
 1962015
 1868893
 1782198
 1696469
 1616518
 1539048
 1465871
 1394508
 1330101
 1265122
 1203595
 1146206
 1091164
 1038064
  984191
  937740
  893057
  847425
  805664
  766882
  727547
  691675
  656807
  624182
  593214
  564225
  534706
  508500
  482125
  459046
  435318
  412773
  392451
  371888
  353316
  334993
  317979
  302693
  285829
  271815
  258172
  244924
  231915
  220304
  209718
  199256
  189033
  179624
  169576
  161065
  153068
  145050
  137977
  131949
  124517
  118551
  112111
  106876
  102019
   97149
   91915
   87684
   82850
   78560
   75536
   71430
   67935
   64749
   61829
   59045
   55923
   53365
   51416
   48602
   46746
   44093
   42415
   40825
   38384
   36614
   35090
   33560
   32408
   30777
   29757
   28602
   27376
   25830
   25190
   24325
   23190
   22336
   21372
   20524
   19669
   18707
   18239
   17648
   16894
   16323
   15863
   15331
   14695
   14271
   13726
   13124
   12829
   12366
   11889
   11569
   11443
   11014
   10601
   10128
    9909
    9688
    9268
    8990
    9008
    8697
    8343
    7976
    7849
    7567
    7433
    7158
    6919
    6828
    6597
    6408
    6238
    6031
    6088
    5729
    5627
    5418
    5361
    5299
    5026
    5017
    4859
    4717
    4565
    4422
    4314
    4240
    4224
    4133
    4022
    3922
    3834
    3727
    3597
    3503
    3400
    3405
    3171
    3141
    3126
    3047
    2906
    2929
    2832
    2687
    2645
    2642
    2592
    2477
    2422
    2418
    2294
    2313
    2124
    2192
    2149
    2112
    2086
    1883
    1850
    1874
    1704
    1792
    1721
    1640
    1668
    1623
    1651
    1546
    1467
    1435
    1446
    1413
    1342
    1296
    1261
    1256
    1184
    1191
    1194
    1105
    1167
    1118
    1055
     978
     973
     949
     928
     908
     887
     857
     812
     813
     799
     765
     762
     760
     708
     720
     679
     618
     674
     603
     616
     593
     564
     529
     525
     549
     488
     486
     460
     456
     453
     444
     394
     385
     371
     369
     393
     348
     326
     341
     338
     333
     301
     281
     262
     262
     271
     260
     241
     237
     219
     214
     203
     195
     201
     199
     194
     192
     176
     159
     137
     129
     146
     120
     163
     133
     120
     106
     130
     105
     112
      96
      97
     102
      96
      88
      88
      83
      85
      75
      64
      61
      71
      61
      65
      65
      51
      57
      55
      55
      49
      44
      27
      41
      30
      41
      37
      33
      31
      38
      32
      27
      28
      29
      26
      33
      19
      24
      22
      22
      16
      24
      21
      19
      17
      25
      11
      16
      16
      10
      12
      11
      14
       7
      10
      11
       8
      13
       9
      13
      11
       5
       9
       5
       8
       4
       4
       5
       3
       8
       8
       3
       4
       1
       1
       1
       5
       7
       2
       4
       2
       3
       4
       5
       6
       3
       1
       1
       0
       2
       0
       3
       1
       3
       0
       2
       4
       1
       1
       3
       0
       1
       2
       1
       1
       2
       1
       1
       2
       0
       0
       0
       3
       1
       2
       0
       0
       1
       1
       0
       3
       4
       0
       1
       0
       1
       1
       3
       0
       3
       1
       3
       0
       1
       1
       0
       2
       0
       0
       0
       3
       1
       1
       1
       1
       1
       1
       0
       2
       5
       1
       1
       1
       3
       0
       2
       0
       4
       1
       0
       1
       2
       1
       0
       0
       2
       0
       1
       1
       1
       1
       1
       0
       0
       1
       0
       0
       1
       0
       0
       1
       2
       1
       1
       0
       0
       0
       0
       1
       1
       0
       3
       0
       0
       0
       0
       0
       2
       1
       0
       1
       1
       2
       1
       0
       0
       0
       2
       1
       0
       1
       0
       0
       0
       0
       0
       2
       2
       0
       3
       0
       0
       1
       0
       0
       0
       1
       3
       1
       4
       0
       0
       0
       1
       2
       1
       1
       1
       0
       0
       1
       0
       0
       2
       1
       2
       0
       0
       0
       0
       3
       0
       0
       0
       0
       1
       1
       3
       0
       2
       0
       1
       0
       1
       2
       0
       2
       1
       0
       0
       1
       1
       1
       1
       2
       0
       1
       1
       1
       0
       0
       1
       0
       1
       1
       3
       1
       0
       2
       2
       1
       0
       2
       3
       1
       0
       1
       0
       2
       0
       2
       0
       5
       1
       1
       1
       1
       1
       2
       2
       1
       3
       0
       1
       1
       1
       1
       3
       2
       1
       0
       0
       0
       0
       1
       0
       0
       2
       1
       2
       5
       0
       0
       2
       2
       1
       0
       1
       3
       3
       2
       3
       4
       4
       1
       3
       4
       2
       2
       7
       3
       7
       2
       3
       3
       1
       3
       6
       7
       4
       3
       4
       3
       6
       1
       7
       4
       4
       8
       3
       6
       2
       9
       7
       5
      10
       7
       8
       9
       9
       8
       6
       4
      12
       5
       6
      11
       8
       9
       8
      12
       7
       7
       8
       5
       8
       9
      10
       7
       9
       5
      15
       9
       8
       5
       7
       9
      10
       7
      10
       7
       6
       9
       9
      11
      11
       3
       6
       6
       4
       4
       6
       7
       3
       3
       6
       5
       4
       6
       3
       4
       4
       5
       5
       6
       6
       5
       4
       2
       4
       4
       2
       4
       3
       1
       4
       0
       0
       1
       3
       0
       3
       1
       2
       1
       1
       1
       1
       0
       0
       2
       1
       1
       0
       0
       0
       3
       2
       0
       2
       0
       0
       1
       0
       0
       0
       2
       1
       0
       0
       1
       0
       0
       1
       1
       0
       0
       0
       1
       0
       0
       0
       0
       3
       0
       0
       0
       0
       0
       1
       0
       0
       1
       1
       0
       0
       1
       0
       0
       0
       0
       1
       1
       1
       1
       0
       1
       1
       1
       1
       0
       0
       0
       1
       0
       0
       1
       0
       0
       0
       0
       0
       1
       0
       0
       1
       0
       0
       0
       0
       2
       1
       1
       1
       0
       1
       1
       0
       0
       0
       0
       0
       1
       1
       0
       0
       0
       0
       0
       1
       1
       1
       1
       0
       0
       0
       0
       0
       0
       0
       0
       0
       1
       0
       0
       0
       0
       1
       0
       0
       0
       0
       0
       0
       0
       0
       0
       1
       1
       0
       0
       0
       0
       0
       0
       0
       0
       0
       0
       0
       0
       0
       0
       0
       0
       0
       0
       0
       0
       1
       0
       0
       1
       1
       0
       0
       0
       0
       2
       0
       1
       0
       0
       0
       0
       0
       0
       0
       0
       0
       0
       0
       0
       0
       0
       0
       0
       0
       0
       1
       1
       1
       1
       0
       0
       0
       2
       0
       0
       0
       0
       0
       0
       0
       0
       0
       0
       0
       0
       0
       0
       0
       0
       0
       0
       0
       0
       0
       1
       0
       0
       0
       0
       0
       0
       0
       0
       0
       0
       1
       0
       0
       0
       0
       0
       0
       0
       0
       1
       0
       0
       0
       1
       0
       0
       0
       0
       0
       0
       0
       0
       0
       0
       0
       0
       0
       0
       0
       0
       1
       0
       0
       0
       0
       1
       0
       0
       0
       0
       0
       0
       1
       1
       0
       1
       0
       0
       0
       0
       0
       0
       0
       0
       0
       1
       1
       0
       1
       0
       1
       0
       0
       0
       0
       0
       0
       0
       0
       0
       0
       1
       0
       0
       0
       0
       0
       0
       0
       0
       0
       0
       0
       0
       1
       0
       0
       1
       0
       2
       0
       1
       0
       0
       0
       0
       0
       0
       0
       0
       0
       0
       0
       0
       0
       0
       1
       1
       0
       1
       1
       0
       0
       0
       0
       0
       0
       0
       0
       0
       0
       0
       0
       0
       0
       0
       0
       1
       0
       1
       0
       0
       0
       0
       0
       0
       0
       0
       0
       1
       0
       0
       0
       0
       0
       0
       0
       0
       0
       0
       1
       0
       0
       0
       0
       1
       0
       0
       0
       1
       0
       0
       0
       0
       1
       0
       0
       0
       0
       1
       0
       0
       1
       0
       0
       0
       0
       0
       0
       0
       0
       0
       1
       0
       0
       0
       0
       1
       0
       0
       0
       0
       1
       0
       0
       0
       0
       0
       0
       0
       0
       0
       0
       0
       0
       0
       0
       0
       0
       0
       0
       0
       0
       0
       0
       0
       0
       0
       0
       0
       0
       0
       0
       0
       0
       1
       0
       0
       0
       0
       1
       0
       0
       0
       0
       0
       0
       0
       0
       0
       0
       0
       0
       0
       0
       0
       0
       0
       0
       0
       1
       0
       0
       0
       0
       0
       0
       0
       0
       0
       0
       0
       0
       0
       1
       0
       0
       0
       0
       0
       0
       0
       0
       0
       1
       0
       0
       0
       0
       0
       0
       0
       0
       0
       0
       0
       0
       0
       0
       0
       0
       0
       0
       1
       0
       0
       1
       0
       0
       0
       1
       0
       0
       0
       0
       0
       0
       1
       0
       0
       0
       0
       1
       0
       0
       0
       0
       0
       0
       0
       0
       1
       0
       0
       0
       0
       0
       0
       0
       0
       0
       0
       0
       0
       0
       0
       0
       0
       0
       0
       0
       0
       0
       0
       1
       0
       0
       0
       0
       0
       0
       0
       0
       0
       0
       0
       0
       0
       0
       0
       0
       0
       0
       0
       0
       0
       0
       0
       0
       0
       0
       0
       0
       0
       0
       0
       0
       1
       0
       0
       0
       0
       0
       0
       0
       0
       0
       0
       0
       0
       0
       0
       0
       0
       0
       0
       0
       1
       0
       0
       0
       0
       0
       0
       0
       0
       0
       0
       0
       0
       0
       0
       0
       0
       1
       0
       0
       0
       0
       0
       0
       0
       0
       0
       0
       0
       0
       0
       0
       0
       0
       0
       0
       0
       0
       0
       0
       0
       0
       0
       0
       0
       0
       0
       0
       0
       0
       0
       1
       0
       0
       0
       0
       0
       0
       0
       0
       1
       0
       0
       0
       0
       0
       0
       0
       0
       0
       0
       0
       0
       0
       1
       0
       0
       0
       0
       0
       0
       1
       0
       0
       0
       0
       0
       0
       0
       0
       0
       0
       0
       0
       0
       0
       0
       0
       0
       1
       0
       0
       0
       0
       0
       0
       0
       0
       1
       0
       0
       0
       0
       0
       0
       0
       0
       0
       0
       0
       0
       0
       0
       0
       0
       0
       0
       0
       0
       0
       0
       0
       0
       0
       0
       0
       0
       0
       0
       0
       0
       0
       0
       0
       0
       0
       0
       0
       0
       0
       0
       0
       0
       0
       0
       0
       0
       0
       0
       0
       0
       0
       0
       0
       0
       0
       0
       0
       0
       0
       0
       0
       0
       0
       0
       0
       0
       0
       0
       0
       0
       0
       0
       0
       0
       0
       0
       0
       0
       0
       0
       0
       0
       0
       0
       0
       0
       0
       0
       0
       0
       0
       0
       0
       0
       0
       1
       0
       1
       0
       0
       0
       0
       0
       0
       0
       0
       0
       0
       0
       0
       0
       0
       0
       0
       0
       0
       0
       0
       0
       0
       0
       0
       0
       0
       0
       0
       0
       0
       0
       0
       1
       0
       0
       0
       0
       0
       0
       0
       0
       0
       0
       0
       0
       0
       0
       0
       0
       0
       0
       0
       0
       0
       0
       0
       0
       0
       0
       0
       0
       0
       0
       0
       0
       0
       0
       0
       0
       0
       0
       0
       0
       0
       0
       0
       0
       0
       0
       0
       0
       0
       0
       1
       0
       0
       0
       0
       1
       0
       0
       0
       0
       0
       0
       1
       0
       0
       0
       0
       0
       0
       0
       0
       0
       0
       0
       0
       0
       0
       0
       1
       0
       0
       0
       0
       0
       0
       0
       1
       0
       0
       0
       0
       0
       0
       0
       0
       0
       0
       0
       0
       0
       0
       0
       1
       0
       0
       0
       0
       0
       0
       0
       0
       0
       0
       0
       0
       0
       0
       1
       0
       0
       0
       0
       0
       0
       0
       0
       1
       0
       0
       0
       0
       0
       0
       0
       0
       0
       0
       0
       0
       0
       0
       0
       0
       0
       0
       0
       0
       0
       0
       0
       0
       0
       0
       0
       0
       0
       0
       0
       0
       0
       0
       0
       0
       1
       0
       0
       0
       0
       0
       0
       0
       0
       0
       0
       0
       0
       0
       0
       0
       0
       0
       0
       0
       0
       0
       0
       0
       0
       0
       0
       0
       0
       0
       0
       0
       0
       0
       0
       0
       0
       0
       0
       0
       0
       0
       0
       0
       0
       0
       0
       0
       0
       0
       0
       0
       0
       0
       0
       0
       0
       0
       0
       0
       0
       0
       0
       0
       0
       0
       0
       0
       0
       0
       0
       0
       0
       0
       0
       0
       0
       0
$ROI:
1
921 1079
$PRESETS:
None
0
0
$ENER_FIT:
0.000000 6.583851
$MCA_CAL:
3
0.000000E+000 6.583851E+000 0.000000E+000 keV
$SHAPE_CAL:
3
0.000000E+000 0.000000E+000 0.000000E+000
