$SPEC_ID:
Run 608, Background
$SPEC_REM:
DET# 1
DETDESC# Electrostatic MCA
AP# Maestro Version 6.08
$DATE_MEA:
09/24/2020 16:21:39
$MEAS_TIM:
635411 734455
$DATA:
0 2047
       0
       0
       0
       1
       0
       0
       0
       0
       0
       0
       0
       0
       0
       0
       0
       0
       0
       0
       1
       0
       1
       0
       0
       0
       0
       0
       0
       0
       0
       0
       0
       0
       0
       0
       0
       0
       0
       0
       0
       0
       0
       1
       0
       0
       0
       0
       0
       1
       0
       0
       0
       0
       0
       0
       0
       0
       0
       0
       0
       0
       0
       1
       0
       0
       0
       0
       6
       0
       6
   83208
81714473
107068530
104607196
102421038
100379917
98529150
96841554
95244975
93745555
92343883
91067522
89848560
88683131
87547249
86440342
85371508
84336960
83304073
82307471
81296614
80323529
79318016
78341121
77335815
76353209
75355768
74347701
73331179
72303697
71285892
70261898
69229438
68211220
67165999
66111012
65052405
64010567
62940891
61900513
60831710
59774633
58713535
57659001
56597688
55541888
54472461
53431364
52381646
51336327
50300390
49272261
48236365
47208448
46202330
45199729
44200155
43202613
42220225
41241218
40279555
39337886
38390546
37460207
36528997
35624522
34732292
33848696
32973136
32116315
31255836
30424240
29600447
28799464
28008512
27230616
26450331
25697420
24961922
24245451
23525577
22826629
22146930
21470587
20818539
20174214
19548656
18932258
18332360
17749119
17173301
16611735
16069331
15538644
15014529
14513564
14025563
13539388
13071638
12619198
12167865
11743354
11326174
10918067
10524836
10137016
 9765725
 9407818
 9056483
 8717389
 8387140
 8067145
 7758988
 7460612
 7172450
 6887402
 6621452
 6359916
 6101610
 5859357
 5622413
 5397683
 5173448
 4963963
 4756642
 4557796
 4367742
 4189717
 4012009
 3841218
 3673497
 3519482
 3361993
 3220659
 3080042
 2943085
 2815494
 2691803
 2575120
 2456700
 2347639
 2241715
 2140330
 2042811
 1947904
 1859506
 1776185
 1694547
 1616460
 1540216
 1468870
 1398733
 1332413
 1268500
 1209074
 1150532
 1098331
 1045111
  993694
  947139
  900924
  857438
  813921
  775803
  739083
  701664
  667614
  635736
  602547
  572975
  544927
  518108
  492438
  468911
  443911
  422658
  400775
  381563
  362129
  343690
  326889
  309569
  294609
  279581
  265373
  252564
  238717
  227584
  216102
  205118
  194085
  184549
  175608
  167059
  158656
  150749
  142466
  135220
  128701
  122121
  116090
  110944
  104842
   99927
   94477
   90360
   86116
   81944
   77689
   74013
   70161
   66342
   64010
   60507
   57579
   54993
   52428
   50120
   47558
   45205
   43743
   41239
   39707
   37552
   36075
   34652
   32560
   31102
   29870
   28738
   27548
   26190
   25285
   24329
   23273
   22129
   21495
   20724
   19666
   18903
   18272
   17500
   16741
   15931
   15528
   15053
   14410
   13837
   13511
   13049
   12506
   12143
   11718
   11160
   10892
   10528
   10121
    9790
    9718
    9294
    9069
    8550
    8402
    8245
    7836
    7620
    7711
    7344
    7039
    6710
    6648
    6359
    6245
    6049
    5855
    5814
    5570
    5388
    5327
    5034
    5077
    4819
    4740
    4530
    4526
    4473
    4249
    4198
    4091
    3934
    3832
    3687
    3583
    3549
    3530
    3475
    3412
    3259
    3226
    3125
    2991
    2898
    2866
    2814
    2654
    2605
    2582
    2490
    2433
    2439
    2366
    2230
    2217
    2201
    2173
    2049
    2021
    2044
    1919
    1928
    1785
    1820
    1786
    1751
    1729
    1580
    1523
    1544
    1442
    1491
    1394
    1346
    1395
    1362
    1378
    1301
    1238
    1191
    1175
    1174
    1117
    1069
    1047
    1030
     979
     973
    1017
     920
     961
     926
     882
     799
     819
     800
     781
     751
     726
     715
     676
     677
     662
     621
     621
     634
     588
     607
     582
     510
     553
     490
     506
     484
     478
     446
     434
     441
     412
     396
     368
     389
     382
     359
     332
     317
     308
     314
     335
     277
     270
     304
     278
     287
     241
     240
     218
     212
     235
     220
     209
     205
     177
     172
     168
     167
     168
     165
     158
     152
     142
     141
     111
     112
     120
     101
     140
     107
      98
      93
     110
      87
      99
      87
      74
      83
      83
      72
      75
      73
      74
      64
      59
      48
      56
      49
      48
      55
      48
      46
      45
      45
      42
      35
      23
      36
      23
      30
      27
      26
      25
      34
      25
      20
      21
      23
      24
      24
      14
      18
      19
      16
      14
      19
      16
      17
      15
      24
      11
      13
      11
       8
       9
      10
      13
       7
       8
      10
       7
      12
       7
       8
       9
       5
       8
       4
       8
       4
       4
       4
       3
       5
       7
       3
       3
       1
       1
       0
       5
       7
       2
       2
       1
       3
       3
       5
       4
       3
       1
       1
       0
       1
       0
       1
       1
       2
       0
       2
       4
       1
       1
       3
       0
       1
       2
       0
       1
       2
       1
       1
       2
       0
       0
       0
       2
       1
       2
       0
       0
       0
       1
       0
       2
       3
       0
       0
       0
       1
       1
       3
       0
       2
       0
       2
       0
       1
       1
       0
       2
       0
       0
       0
       3
       1
       1
       1
       1
       1
       1
       0
       2
       5
       1
       1
       1
       3
       0
       0
       0
       4
       0
       0
       0
       1
       1
       0
       0
       2
       0
       1
       0
       1
       1
       1
       0
       0
       1
       0
       0
       1
       0
       0
       1
       2
       1
       0
       0
       0
       0
       0
       0
       1
       0
       3
       0
       0
       0
       0
       0
       2
       1
       0
       1
       1
       1
       1
       0
       0
       0
       2
       1
       0
       1
       0
       0
       0
       0
       0
       2
       2
       0
       2
       0
       0
       1
       0
       0
       0
       1
       3
       1
       4
       0
       0
       0
       1
       2
       1
       1
       1
       0
       0
       1
       0
       0
       2
       1
       2
       0
       0
       0
       0
       3
       0
       0
       0
       0
       1
       1
       1
       0
       2
       0
       1
       0
       1
       2
       0
       2
       1
       0
       0
       1
       1
       1
       1
       2
       0
       0
       1
       1
       0
       0
       1
       0
       1
       1
       3
       1
       0
       1
       2
       1
       0
       2
       3
       1
       0
       1
       0
       1
       0
       2
       0
       4
       1
       1
       1
       1
       1
       2
       1
       1
       2
       0
       1
       1
       1
       1
       3
       2
       1
       0
       0
       0
       0
       1
       0
       0
       2
       1
       2
       4
       0
       0
       2
       2
       1
       0
       1
       3
       3
       2
       2
       4
       3
       1
       3
       4
       2
       2
       7
       3
       7
       2
       3
       3
       1
       3
       6
       7
       4
       3
       4
       3
       6
       1
       7
       4
       3
       7
       3
       6
       2
       9
       7
       5
      10
       7
       8
       8
       9
       8
       5
       4
      12
       5
       6
      11
       8
       9
       7
      12
       7
       7
       7
       5
       8
       9
      10
       7
       9
       5
      14
       9
       8
       5
       6
       9
      10
       7
       9
       6
       6
       9
       8
      11
      11
       3
       6
       6
       4
       4
       6
       7
       3
       3
       6
       5
       3
       6
       3
       4
       4
       5
       4
       6
       6
       4
       4
       2
       4
       4
       2
       4
       3
       1
       4
       0
       0
       1
       2
       0
       2
       1
       2
       1
       1
       0
       1
       0
       0
       1
       1
       1
       0
       0
       0
       3
       1
       0
       2
       0
       0
       0
       0
       0
       0
       2
       1
       0
       0
       1
       0
       0
       1
       1
       0
       0
       0
       1
       0
       0
       0
       0
       3
       0
       0
       0
       0
       0
       1
       0
       0
       1
       1
       0
       0
       1
       0
       0
       0
       0
       1
       1
       1
       1
       0
       1
       1
       1
       0
       0
       0
       0
       1
       0
       0
       1
       0
       0
       0
       0
       0
       1
       0
       0
       1
       0
       0
       0
       0
       2
       1
       1
       1
       0
       1
       1
       0
       0
       0
       0
       0
       1
       1
       0
       0
       0
       0
       0
       0
       1
       1
       1
       0
       0
       0
       0
       0
       0
       0
       0
       0
       0
       0
       0
       0
       0
       1
       0
       0
       0
       0
       0
       0
       0
       0
       0
       1
       1
       0
       0
       0
       0
       0
       0
       0
       0
       0
       0
       0
       0
       0
       0
       0
       0
       0
       0
       0
       0
       1
       0
       0
       1
       0
       0
       0
       0
       0
       2
       0
       0
       0
       0
       0
       0
       0
       0
       0
       0
       0
       0
       0
       0
       0
       0
       0
       0
       0
       0
       1
       1
       1
       1
       0
       0
       0
       1
       0
       0
       0
       0
       0
       0
       0
       0
       0
       0
       0
       0
       0
       0
       0
       0
       0
       0
       0
       0
       0
       0
       0
       0
       0
       0
       0
       0
       0
       0
       0
       0
       1
       0
       0
       0
       0
       0
       0
       0
       0
       1
       0
       0
       0
       1
       0
       0
       0
       0
       0
       0
       0
       0
       0
       0
       0
       0
       0
       0
       0
       0
       1
       0
       0
       0
       0
       0
       0
       0
       0
       0
       0
       0
       1
       0
       0
       1
       0
       0
       0
       0
       0
       0
       0
       0
       0
       1
       1
       0
       1
       0
       1
       0
       0
       0
       0
       0
       0
       0
       0
       0
       0
       0
       0
       0
       0
       0
       0
       0
       0
       0
       0
       0
       0
       0
       1
       0
       0
       1
       0
       2
       0
       1
       0
       0
       0
       0
       0
       0
       0
       0
       0
       0
       0
       0
       0
       0
       1
       1
       0
       1
       1
       0
       0
       0
       0
       0
       0
       0
       0
       0
       0
       0
       0
       0
       0
       0
       0
       1
       0
       1
       0
       0
       0
       0
       0
       0
       0
       0
       0
       1
       0
       0
       0
       0
       0
       0
       0
       0
       0
       0
       1
       0
       0
       0
       0
       1
       0
       0
       0
       1
       0
       0
       0
       0
       1
       0
       0
       0
       0
       1
       0
       0
       1
       0
       0
       0
       0
       0
       0
       0
       0
       0
       1
       0
       0
       0
       0
       1
       0
       0
       0
       0
       1
       0
       0
       0
       0
       0
       0
       0
       0
       0
       0
       0
       0
       0
       0
       0
       0
       0
       0
       0
       0
       0
       0
       0
       0
       0
       0
       0
       0
       0
       0
       0
       0
       1
       0
       0
       0
       0
       1
       0
       0
       0
       0
       0
       0
       0
       0
       0
       0
       0
       0
       0
       0
       0
       0
       0
       0
       0
       1
       0
       0
       0
       0
       0
       0
       0
       0
       0
       0
       0
       0
       0
       1
       0
       0
       0
       0
       0
       0
       0
       0
       0
       1
       0
       0
       0
       0
       0
       0
       0
       0
       0
       0
       0
       0
       0
       0
       0
       0
       0
       0
       1
       0
       0
       1
       0
       0
       0
       1
       0
       0
       0
       0
       0
       0
       0
       0
       0
       0
       0
       1
       0
       0
       0
       0
       0
       0
       0
       0
       1
       0
       0
       0
       0
       0
       0
       0
       0
       0
       0
       0
       0
       0
       0
       0
       0
       0
       0
       0
       0
       0
       0
       1
       0
       0
       0
       0
       0
       0
       0
       0
       0
       0
       0
       0
       0
       0
       0
       0
       0
       0
       0
       0
       0
       0
       0
       0
       0
       0
       0
       0
       0
       0
       0
       0
       1
       0
       0
       0
       0
       0
       0
       0
       0
       0
       0
       0
       0
       0
       0
       0
       0
       0
       0
       0
       1
       0
       0
       0
       0
       0
       0
       0
       0
       0
       0
       0
       0
       0
       0
       0
       0
       1
       0
       0
       0
       0
       0
       0
       0
       0
       0
       0
       0
       0
       0
       0
       0
       0
       0
       0
       0
       0
       0
       0
       0
       0
       0
       0
       0
       0
       0
       0
       0
       0
       0
       1
       0
       0
       0
       0
       0
       0
       0
       0
       1
       0
       0
       0
       0
       0
       0
       0
       0
       0
       0
       0
       0
       0
       1
       0
       0
       0
       0
       0
       0
       1
       0
       0
       0
       0
       0
       0
       0
       0
       0
       0
       0
       0
       0
       0
       0
       0
       0
       1
       0
       0
       0
       0
       0
       0
       0
       0
       1
       0
       0
       0
       0
       0
       0
       0
       0
       0
       0
       0
       0
       0
       0
       0
       0
       0
       0
       0
       0
       0
       0
       0
       0
       0
       0
       0
       0
       0
       0
       0
       0
       0
       0
       0
       0
       0
       0
       0
       0
       0
       0
       0
       0
       0
       0
       0
       0
       0
       0
       0
       0
       0
       0
       0
       0
       0
       0
       0
       0
       0
       0
       0
       0
       0
       0
       0
       0
       0
       0
       0
       0
       0
       0
       0
       0
       0
       0
       0
       0
       0
       0
       0
       0
       0
       0
       0
       0
       0
       0
       0
       0
       0
       0
       0
       0
       0
       1
       0
       1
       0
       0
       0
       0
       0
       0
       0
       0
       0
       0
       0
       0
       0
       0
       0
       0
       0
       0
       0
       0
       0
       0
       0
       0
       0
       0
       0
       0
       0
       0
       0
       0
       1
       0
       0
       0
       0
       0
       0
       0
       0
       0
       0
       0
       0
       0
       0
       0
       0
       0
       0
       0
       0
       0
       0
       0
       0
       0
       0
       0
       0
       0
       0
       0
       0
       0
       0
       0
       0
       0
       0
       0
       0
       0
       0
       0
       0
       0
       0
       0
       0
       0
       0
       1
       0
       0
       0
       0
       1
       0
       0
       0
       0
       0
       0
       1
       0
       0
       0
       0
       0
       0
       0
       0
       0
       0
       0
       0
       0
       0
       0
       1
       0
       0
       0
       0
       0
       0
       0
       1
       0
       0
       0
       0
       0
       0
       0
       0
       0
       0
       0
       0
       0
       0
       0
       1
       0
       0
       0
       0
       0
       0
       0
       0
       0
       0
       0
       0
       0
       0
       1
       0
       0
       0
       0
       0
       0
       0
       0
       1
       0
       0
       0
       0
       0
       0
       0
       0
       0
       0
       0
       0
       0
       0
       0
       0
       0
       0
       0
       0
       0
       0
       0
       0
       0
       0
       0
       0
       0
       0
       0
       0
       0
       0
       0
       0
       1
       0
       0
       0
       0
       0
       0
       0
       0
       0
       0
       0
       0
       0
       0
       0
       0
       0
       0
       0
       0
       0
       0
       0
       0
       0
       0
       0
       0
       0
       0
       0
       0
       0
       0
       0
       0
       0
       0
       0
       0
       0
       0
       0
       0
       0
       0
       0
       0
       0
       0
       0
       0
       0
       0
       0
       0
       0
       0
       0
       0
       0
       0
       0
       0
       0
       0
       0
       0
       0
       0
       0
       0
       0
       0
       0
       0
       0
$ROI:
1
921 1079
$PRESETS:
None
0
0
$ENER_FIT:
0.000000 6.583851
$MCA_CAL:
3
0.000000E+000 6.583851E+000 0.000000E+000 keV
$SHAPE_CAL:
3
0.000000E+000 0.000000E+000 0.000000E+000
