$SPEC_ID:
Run 608, Background
$SPEC_REM:
DET# 1
DETDESC# Electrostatic MCA
AP# Maestro Version 6.08
$DATE_MEA:
09/24/2020 16:21:39
$MEAS_TIM:
556210 594044
$DATA:
0 2047
       0
       0
       0
       1
       0
       0
       0
       0
       0
       0
       0
       0
       0
       0
       0
       0
       0
       0
       1
       0
       1
       0
       0
       0
       0
       0
       0
       0
       0
       0
       0
       0
       0
       0
       0
       0
       0
       0
       0
       0
       0
       1
       0
       0
       0
       0
       0
       1
       0
       0
       0
       0
       0
       0
       0
       0
       0
       0
       0
       0
       0
       1
       0
       0
       0
       0
       3
       0
       2
    9627
19513854
24974904
22808168
20921402
19250976
17785387
16495231
15341807
14320489
13408702
12635223
11969691
11367801
10836403
10351706
 9920716
 9542787
 9210047
 8906109
 8636095
 8384597
 8158275
 7945514
 7742040
 7561430
 7390086
 7225794
 7067488
 6911551
 6767567
 6625468
 6494071
 6361114
 6235133
 6110038
 5986729
 5861174
 5739825
 5624947
 5511051
 5397600
 5285981
 5178257
 5062506
 4954190
 4845227
 4743758
 4640438
 4536753
 4434816
 4337890
 4234665
 4138932
 4039449
 3946487
 3849524
 3757788
 3666593
 3576702
 3491415
 3404585
 3318663
 3232794
 3148678
 3069440
 2988860
 2911171
 2834490
 2759239
 2683682
 2609554
 2536343
 2470929
 2400757
 2332365
 2269443
 2202990
 2140588
 2077953
 2016650
 1958520
 1899819
 1843868
 1791210
 1738722
 1682741
 1632112
 1581466
 1533699
 1484209
 1441532
 1392388
 1347810
 1307950
 1268346
 1227025
 1186061
 1148130
 1110257
 1072512
 1038581
 1005416
  970418
  938466
  905212
  875735
  847380
  816597
  789555
  762416
  735672
  711129
  687088
  663427
  639636
  616199
  594668
  573518
  553140
  534081
  514947
  496690
  478150
  459979
  443655
  428116
  412517
  398269
  382553
  368913
  355168
  342105
  329847
  317198
  304189
  294993
  282291
  272765
  262241
  252673
  243314
  233731
  224521
  216430
  208325
  200544
  193307
  185855
  178942
  171881
  164942
  157936
  152597
  147219
  140728
  136071
  130460
  125455
  120968
  116127
  111412
  107466
  103409
   99372
   95056
   91705
   88415
   84629
   81194
   78707
   75398
   72438
   69595
   67073
   64106
   61635
   59288
   57080
   54806
   52795
   50151
   48684
   46810
   44789
   43343
   41190
   40155
   38486
   36803
   35260
   33947
   32687
   31767
   30300
   29036
   27727
   26688
   25643
   24443
   23678
   22959
   21898
   21110
   20066
   19403
   18450
   18057
   17128
   16475
   15774
   14823
   14660
   13857
   13236
   12771
   12238
   11730
   11314
   10843
   10544
   10010
    9614
    9090
    8848
    8596
    8057
    7676
    7523
    7206
    6911
    6575
    6368
    6019
    5719
    5591
    5209
    5097
    4795
    4671
    4496
    4245
    4159
    3792
    3722
    3533
    3378
    3345
    3120
    3041
    2942
    2738
    2619
    2563
    2440
    2344
    2252
    2034
    2027
    1994
    1889
    1722
    1714
    1652
    1572
    1525
    1468
    1396
    1310
    1153
    1191
    1131
    1078
    1072
     957
     980
     904
     850
     847
     751
     799
     737
     700
     657
     601
     622
     559
     588
     565
     548
     487
     425
     389
     463
     412
     385
     419
     345
     324
     304
     320
     291
     280
     281
     261
     276
     254
     231
     230
     188
     192
     205
     187
     200
     187
     150
     154
     164
     148
     132
     113
     116
     128
     129
     100
     114
      93
     101
     100
      87
      80
      75
      85
      71
      79
      76
      58
      69
      75
      58
      54
      60
      52
      53
      55
      50
      55
      47
      56
      55
      34
      36
      40
      28
      33
      35
      46
      27
      26
      37
      39
      25
      37
      26
      23
      35
      27
      25
      22
      22
      24
      20
      21
      13
      20
      14
      18
      15
      15
      11
      18
      15
      20
      18
      10
      12
      19
      11
      11
      12
       8
      13
      12
       8
       6
       5
       9
       3
       6
      12
      12
       6
       6
       5
       5
       6
       9
       4
       3
       3
       4
       7
       2
       3
       4
       5
       1
       5
       7
       3
       5
       6
       2
       5
       2
       1
       3
       6
       2
       0
       1
       6
       2
       2
       0
       2
       1
       3
       1
       1
       5
       0
       0
       2
       0
       1
       1
       2
       1
       0
       2
       1
       1
       2
       2
       1
       0
       1
       0
       1
       0
       2
       1
       1
       0
       1
       1
       0
       0
       0
       0
       2
       0
       1
       1
       0
       0
       0
       1
       1
       0
       0
       1
       0
       0
       0
       0
       0
       1
       0
       2
       1
       0
       1
       0
       0
       0
       0
       1
       0
       0
       0
       0
       1
       0
       1
       0
       0
       0
       0
       0
       1
       0
       0
       0
       1
       2
       1
       0
       0
       0
       0
       0
       0
       0
       1
       1
       0
       1
       0
       0
       0
       0
       0
       0
       0
       0
       0
       0
       0
       0
       1
       0
       0
       0
       0
       0
       1
       0
       1
       0
       1
       0
       0
       0
       0
       1
       0
       0
       0
       1
       1
       0
       1
       0
       0
       0
       0
       1
       3
       0
       0
       1
       2
       0
       0
       0
       3
       0
       0
       0
       1
       1
       0
       0
       1
       0
       1
       0
       1
       1
       0
       0
       0
       1
       0
       0
       0
       0
       0
       1
       1
       0
       0
       0
       0
       0
       0
       0
       0
       0
       1
       0
       0
       0
       0
       0
       0
       1
       0
       1
       0
       0
       1
       0
       0
       0
       1
       1
       0
       0
       0
       0
       0
       0
       0
       0
       1
       0
       2
       0
       0
       0
       0
       0
       0
       0
       2
       0
       1
       0
       0
       0
       1
       1
       0
       1
       0
       0
       0
       0
       0
       0
       2
       1
       2
       0
       0
       0
       0
       2
       0
       0
       0
       0
       0
       0
       0
       0
       1
       0
       0
       0
       1
       0
       0
       0
       0
       0
       0
       0
       0
       1
       0
       1
       0
       0
       0
       1
       0
       0
       0
       0
       1
       1
       2
       0
       0
       0
       0
       1
       0
       2
       3
       0
       0
       1
       0
       0
       0
       0
       0
       2
       0
       0
       0
       1
       0
       0
       0
       0
       0
       0
       1
       0
       1
       0
       1
       2
       1
       0
       0
       0
       0
       1
       0
       0
       2
       1
       0
       3
       0
       0
       2
       1
       0
       0
       1
       1
       0
       0
       1
       2
       3
       1
       3
       3
       0
       2
       5
       3
       5
       2
       3
       2
       1
       3
       5
       6
       4
       2
       4
       2
       6
       1
       6
       3
       3
       7
       3
       5
       1
       9
       6
       5
      10
       5
       8
       7
       7
       7
       5
       4
      10
       5
       4
      10
       6
       9
       5
      12
       6
       7
       7
       5
       7
       9
       9
       6
       9
       5
      13
       7
       8
       5
       6
       7
      10
       7
       9
       6
       6
       8
       8
      10
      10
       3
       6
       5
       4
       4
       4
       6
       3
       3
       6
       5
       3
       5
       3
       4
       3
       5
       3
       5
       5
       2
       3
       2
       3
       3
       1
       3
       2
       0
       2
       0
       0
       1
       2
       0
       2
       1
       2
       1
       0
       0
       1
       0
       0
       0
       0
       0
       0
       0
       0
       1
       0
       0
       0
       0
       0
       0
       0
       0
       0
       2
       1
       0
       0
       1
       0
       0
       1
       0
       0
       0
       0
       1
       0
       0
       0
       0
       2
       0
       0
       0
       0
       0
       1
       0
       0
       1
       1
       0
       0
       0
       0
       0
       0
       0
       1
       0
       0
       1
       0
       0
       1
       1
       0
       0
       0
       0
       1
       0
       0
       1
       0
       0
       0
       0
       0
       1
       0
       0
       1
       0
       0
       0
       0
       2
       0
       1
       0
       0
       0
       1
       0
       0
       0
       0
       0
       1
       1
       0
       0
       0
       0
       0
       0
       1
       0
       0
       0
       0
       0
       0
       0
       0
       0
       0
       0
       0
       0
       0
       0
       0
       1
       0
       0
       0
       0
       0
       0
       0
       0
       0
       0
       0
       0
       0
       0
       0
       0
       0
       0
       0
       0
       0
       0
       0
       0
       0
       0
       0
       0
       0
       0
       0
       1
       0
       0
       1
       0
       0
       0
       0
       0
       1
       0
       0
       0
       0
       0
       0
       0
       0
       0
       0
       0
       0
       0
       0
       0
       0
       0
       0
       0
       0
       1
       1
       1
       0
       0
       0
       0
       1
       0
       0
       0
       0
       0
       0
       0
       0
       0
       0
       0
       0
       0
       0
       0
       0
       0
       0
       0
       0
       0
       0
       0
       0
       0
       0
       0
       0
       0
       0
       0
       0
       1
       0
       0
       0
       0
       0
       0
       0
       0
       0
       0
       0
       0
       1
       0
       0
       0
       0
       0
       0
       0
       0
       0
       0
       0
       0
       0
       0
       0
       0
       0
       0
       0
       0
       0
       0
       0
       0
       0
       0
       0
       0
       0
       0
       0
       0
       0
       0
       0
       0
       0
       0
       0
       0
       0
       1
       0
       0
       0
       0
       0
       0
       0
       0
       0
       0
       0
       0
       0
       0
       0
       0
       0
       0
       0
       0
       0
       0
       0
       0
       0
       0
       0
       0
       0
       0
       0
       1
       0
       1
       0
       1
       0
       0
       0
       0
       0
       0
       0
       0
       0
       0
       0
       0
       0
       0
       1
       1
       0
       0
       1
       0
       0
       0
       0
       0
       0
       0
       0
       0
       0
       0
       0
       0
       0
       0
       0
       1
       0
       1
       0
       0
       0
       0
       0
       0
       0
       0
       0
       1
       0
       0
       0
       0
       0
       0
       0
       0
       0
       0
       1
       0
       0
       0
       0
       1
       0
       0
       0
       1
       0
       0
       0
       0
       0
       0
       0
       0
       0
       1
       0
       0
       0
       0
       0
       0
       0
       0
       0
       0
       0
       0
       1
       0
       0
       0
       0
       0
       0
       0
       0
       0
       0
       0
       0
       0
       0
       0
       0
       0
       0
       0
       0
       0
       0
       0
       0
       0
       0
       0
       0
       0
       0
       0
       0
       0
       0
       0
       0
       0
       0
       0
       0
       0
       0
       0
       0
       0
       0
       0
       1
       0
       0
       0
       0
       0
       0
       0
       0
       0
       0
       0
       0
       0
       0
       0
       0
       0
       0
       0
       1
       0
       0
       0
       0
       0
       0
       0
       0
       0
       0
       0
       0
       0
       0
       0
       0
       0
       0
       0
       0
       0
       0
       0
       1
       0
       0
       0
       0
       0
       0
       0
       0
       0
       0
       0
       0
       0
       0
       0
       0
       0
       0
       1
       0
       0
       1
       0
       0
       0
       1
       0
       0
       0
       0
       0
       0
       0
       0
       0
       0
       0
       1
       0
       0
       0
       0
       0
       0
       0
       0
       0
       0
       0
       0
       0
       0
       0
       0
       0
       0
       0
       0
       0
       0
       0
       0
       0
       0
       0
       0
       0
       0
       0
       1
       0
       0
       0
       0
       0
       0
       0
       0
       0
       0
       0
       0
       0
       0
       0
       0
       0
       0
       0
       0
       0
       0
       0
       0
       0
       0
       0
       0
       0
       0
       0
       0
       1
       0
       0
       0
       0
       0
       0
       0
       0
       0
       0
       0
       0
       0
       0
       0
       0
       0
       0
       0
       0
       0
       0
       0
       0
       0
       0
       0
       0
       0
       0
       0
       0
       0
       0
       0
       0
       0
       0
       0
       0
       0
       0
       0
       0
       0
       0
       0
       0
       0
       0
       0
       0
       0
       0
       0
       0
       0
       0
       0
       0
       0
       0
       0
       0
       0
       0
       0
       0
       0
       0
       1
       0
       0
       0
       0
       0
       0
       0
       0
       1
       0
       0
       0
       0
       0
       0
       0
       0
       0
       0
       0
       0
       0
       0
       0
       0
       0
       0
       0
       0
       1
       0
       0
       0
       0
       0
       0
       0
       0
       0
       0
       0
       0
       0
       0
       0
       0
       0
       1
       0
       0
       0
       0
       0
       0
       0
       0
       0
       0
       0
       0
       0
       0
       0
       0
       0
       0
       0
       0
       0
       0
       0
       0
       0
       0
       0
       0
       0
       0
       0
       0
       0
       0
       0
       0
       0
       0
       0
       0
       0
       0
       0
       0
       0
       0
       0
       0
       0
       0
       0
       0
       0
       0
       0
       0
       0
       0
       0
       0
       0
       0
       0
       0
       0
       0
       0
       0
       0
       0
       0
       0
       0
       0
       0
       0
       0
       0
       0
       0
       0
       0
       0
       0
       0
       0
       0
       0
       0
       0
       0
       0
       0
       0
       0
       0
       0
       0
       0
       0
       0
       0
       0
       0
       0
       0
       1
       0
       0
       0
       0
       0
       0
       0
       0
       0
       0
       0
       0
       0
       0
       0
       0
       0
       0
       0
       0
       0
       0
       0
       0
       0
       0
       0
       0
       0
       0
       0
       0
       0
       0
       0
       0
       0
       0
       0
       0
       0
       0
       0
       0
       0
       0
       0
       0
       0
       0
       0
       0
       0
       0
       0
       0
       0
       0
       0
       0
       0
       0
       0
       0
       0
       0
       0
       0
       0
       0
       0
       0
       0
       0
       0
       0
       0
       0
       0
       0
       0
       0
       0
       0
       0
       1
       0
       0
       0
       0
       0
       0
       0
       0
       0
       0
       0
       0
       0
       0
       0
       0
       0
       0
       0
       0
       0
       0
       0
       0
       0
       0
       0
       0
       0
       0
       0
       0
       0
       0
       0
       0
       0
       0
       0
       0
       0
       0
       0
       0
       0
       0
       0
       0
       0
       0
       0
       0
       0
       0
       0
       0
       0
       0
       0
       0
       0
       0
       0
       0
       0
       0
       1
       0
       0
       0
       0
       0
       0
       0
       0
       1
       0
       0
       0
       0
       0
       0
       0
       0
       0
       0
       0
       0
       0
       0
       0
       0
       0
       0
       0
       0
       0
       0
       0
       0
       0
       0
       0
       0
       0
       0
       0
       0
       0
       0
       0
       0
       0
       0
       0
       0
       0
       0
       0
       0
       0
       0
       0
       0
       0
       0
       0
       0
       0
       0
       0
       0
       0
       0
       0
       0
       0
       0
       0
       0
       0
       0
       0
       0
       0
       0
       0
       0
       0
       0
       0
       0
       0
       0
       0
       0
       0
       0
       0
       0
       0
       0
       0
       0
       0
       0
       0
       0
       0
       0
       0
       0
       0
       0
       0
       0
       0
       0
       0
       0
       0
       0
       0
       0
       0
       0
       0
       0
       0
       0
$ROI:
1
921 1079
$PRESETS:
None
0
0
$ENER_FIT:
0.000000 6.583851
$MCA_CAL:
3
0.000000E+000 6.583851E+000 0.000000E+000 keV
$SHAPE_CAL:
3
0.000000E+000 0.000000E+000 0.000000E+000
