$SPEC_ID:
Run 608, Background
$SPEC_REM:
DET# 1
DETDESC# Electrostatic MCA
AP# Maestro Version 6.08
$DATE_MEA:
09/24/2020 16:21:39
$MEAS_TIM:
873418 1162887
$DATA:
0 2047
       0
       0
       0
       1
       0
       0
       0
       0
       0
       0
       0
       0
       0
       0
       0
       0
       0
       0
       1
       0
       1
       0
       0
       0
       0
       0
       0
       0
       0
       0
       0
       0
       0
       0
       0
       0
       0
       0
       0
       0
       0
       1
       0
       0
       0
       0
       0
       1
       0
       0
       0
       0
       0
       0
       0
       0
       0
       0
       0
       0
       0
       1
       0
       0
       0
       0
       7
       3
      15
  992029
248791913
316248324
313609533
311223311
308887447
306714871
304633605
302592275
300573284
298634886
296747600
294855752
293015181
291093088
289206936
287265749
285358715
283357851
281382889
279312826
277274662
275156832
273003813
270792458
268600098
266323656
264014212
261650139
259263985
256861830
254409550
251913828
249392513
246791639
244207236
241581049
238954787
236264886
233593875
230887285
228150230
225395198
222625545
219799519
217032873
214207232
211423850
208601237
205730283
202930066
200118137
197268752
194432063
191575778
188764042
185912059
183126664
180307428
177497303
174724416
171916133
169168900
166410070
163654216
160927130
158250771
155544035
152884641
150222323
147584076
144963430
142397210
139826450
137298924
134783027
132263661
129815858
127366390
124986820
122582647
120223871
117885783
115567559
113280233
111055848
108841188
106657033
104473545
102370418
100259045
98181587
96169888
94141666
92151961
90240227
88297720
86396656
84553813
82710230
80931481
79141692
77399243
75693159
74013964
72366555
70747140
69166403
67588882
66065649
64557557
63083323
61629598
60182803
58809581
57428673
56091702
54778166
53485398
52227000
50970223
49760989
48576650
47419013
46280321
45147029
44053696
42987790
41945704
40910632
39917050
38934819
37964307
37030362
36106220
35201236
34341507
33474691
32630615
31797465
31009319
30217173
29447341
28705053
27972134
27253766
26553419
25880418
25209391
24555642
23915202
23301099
22688399
22105780
21525915
20952964
20411680
19866032
19344750
18839896
18341078
17855974
17373050
16909129
16463515
16022520
15590342
15173168
14768456
14362964
13979011
13598905
13235546
12873863
12519014
12183579
11845562
11520923
11214793
10902125
10599941
10304181
10015455
 9744476
 9469418
 9211316
 8947748
 8705772
 8462050
 8221484
 7992274
 7766614
 7550284
 7334147
 7126122
 6929550
 6733727
 6539050
 6358346
 6175945
 6000370
 5831377
 5665398
 5505424
 5340974
 5190089
 5038177
 4896308
 4754621
 4616338
 4485407
 4351945
 4231746
 4107024
 3986263
 3872008
 3760181
 3648233
 3543027
 3436298
 3334161
 3237592
 3143628
 3047534
 2958003
 2874930
 2787763
 2705787
 2623742
 2546944
 2470353
 2395597
 2324762
 2254850
 2187470
 2120509
 2056666
 1995963
 1935195
 1876968
 1821715
 1766067
 1712916
 1658296
 1607447
 1558617
 1513055
 1465521
 1420446
 1375843
 1335909
 1295180
 1256186
 1215448
 1179890
 1141870
 1107269
 1071984
 1040030
 1006391
  975948
  943558
  916375
  887480
  857659
  833167
  806472
  779978
  756427
  731811
  710383
  686305
  666671
  641874
  623210
  603407
  583480
  565918
  545685
  529435
  512155
  496547
  479102
  464090
  449249
  433948
  420765
  405762
  393001
  380235
  368723
  356084
  344391
  332606
  321994
  312768
  301034
  291257
  281913
  272496
  264157
  254005
  245842
  238293
  230571
  222175
  214898
  207748
  199751
  193971
  187453
  181031
  175357
  169836
  163140
  158193
  152396
  146423
  142600
  138415
  132385
  128616
  123616
  119816
  115462
  111824
  107579
  103879
  100579
   97376
   93018
   90366
   86691
   84052
   81362
   78179
   75302
   73113
   70138
   68132
   64825
   63375
   61110
   58811
   56452
   54570
   52896
   50495
   49342
   47560
   45693
   43721
   42450
   40951
   39317
   38044
   36589
   34844
   33855
   33042
   31610
   30268
   29402
   28197
   27441
   26530
   25321
   24412
   23441
   22489
   21808
   20754
   19921
   19122
   18510
   17931
   17199
   16608
   16079
   15320
   14700
   14459
   13490
   13188
   12694
   12179
   11651
   11288
   11029
   10439
   10107
    9709
    9225
    8979
    8701
    8223
    8063
    7655
    7348
    6957
    6791
    6422
    6082
    6030
    5811
    5552
    5380
    5125
    4924
    4826
    4496
    4398
    4259
    4005
    3877
    3681
    3503
    3339
    3248
    3138
    2989
    2945
    2710
    2748
    2542
    2468
    2381
    2271
    2153
    2057
    1949
    1923
    1838
    1714
    1655
    1664
    1522
    1431
    1383
    1435
    1360
    1253
    1142
    1178
    1088
    1102
     985
     987
     986
     920
     870
     780
     779
     775
     762
     710
     653
     622
     616
     559
     582
     586
     528
     487
     453
     439
     447
     438
     439
     358
     389
     375
     355
     316
     283
     289
     303
     292
     291
     257
     247
     262
     221
     219
     190
     203
     175
     195
     191
     186
     161
     184
     141
     174
     141
     132
     129
     134
     139
     113
     130
     125
     118
      97
     105
      95
     105
      87
      80
     102
      77
     101
      80
      76
      74
      75
      70
      65
      70
      64
      54
      61
      66
      68
      55
      40
      57
      64
      54
      38
      44
      42
      39
      48
      36
      38
      39
      50
      33
      38
      43
      35
      33
      40
      32
      16
      22
      29
      28
      27
      32
      43
      30
      29
      26
      22
      14
      23
      33
      20
      28
      25
      20
      18
      22
      22
      14
      17
      17
      27
      14
      24
      18
      13
      18
      19
      20
      14
       9
      13
      13
      18
      11
      11
      13
       8
       5
      11
      14
      12
       4
       8
       7
       9
       6
      11
      14
      15
       8
       2
       7
       9
       7
       9
       4
       8
       7
       8
       8
       6
      10
       8
       5
       3
       4
       2
       3
       4
      10
       4
       5
      10
       7
       8
       3
       4
       4
       8
       2
       2
       5
       6
       4
       6
       2
       4
       6
       8
       7
       6
       3
       1
       1
       2
       1
       3
       5
       4
       2
       8
       3
       1
       3
       3
       4
       3
       3
       2
       1
       0
       1
       1
       4
       4
       5
       3
       1
       3
       1
       0
       4
       3
       4
       1
       3
       2
       2
       5
       2
       3
       2
       3
       4
       3
       5
       3
       2
       6
       1
       2
       2
       1
       2
       2
       3
       2
       5
       2
       1
       1
       0
       1
       2
       4
       2
       3
       2
       2
       5
       2
       2
       1
       3
       6
       1
       4
       1
       1
       2
       1
       4
       0
       8
       2
       3
       2
       4
       7
       4
       2
       3
       3
       0
       2
       3
       3
       3
       5
       4
       1
       4
       2
       3
       1
       3
       2
       2
       6
       2
       4
       5
       2
       2
       3
       2
       3
       3
       4
       4
       5
       4
       4
       8
       4
       5
       5
       8
       5
       3
       7
       5
      10
       3
       4
       3
       5
       4
       8
       9
       6
       3
       9
       6
       7
       2
      12
       5
       6
      11
       4
      11
       4
      10
       8
       7
      13
      10
       9
      11
       9
       9
       7
       6
      15
       8
       7
      14
       9
      14
       9
      15
       9
       7
       9
       9
      12
      12
      12
       9
      10
      10
      18
      11
      13
       8
       9
       9
      13
       9
      11
       7
      11
      10
      10
      12
      17
       4
      10
       8
       5
       6
       9
       9
       4
       5
      12
       7
       4
       7
       4
       9
       5
       6
       7
       8
       8
       5
       5
       3
       7
       5
       3
       4
       3
       3
       4
       2
       1
       2
       5
       0
       4
       3
       2
       3
       2
       3
       3
       0
       2
       4
       1
       4
       0
       3
       1
       4
       3
       0
       3
       0
       2
       3
       1
       1
       1
       2
       1
       1
       1
       1
       1
       2
       2
       2
       2
       1
       0
       1
       0
       0
       0
       0
       3
       0
       1
       1
       0
       0
       2
       0
       1
       2
       1
       1
       0
       2
       1
       0
       1
       0
       1
       1
       1
       1
       0
       2
       3
       1
       2
       0
       1
       0
       2
       0
       0
       1
       2
       0
       0
       0
       1
       1
       0
       0
       1
       0
       0
       0
       0
       2
       1
       1
       1
       1
       1
       1
       0
       0
       0
       0
       0
       2
       1
       2
       1
       0
       0
       0
       1
       1
       1
       2
       0
       0
       1
       0
       0
       0
       0
       1
       0
       2
       0
       0
       1
       0
       1
       0
       0
       1
       0
       0
       0
       0
       0
       0
       1
       1
       0
       0
       0
       0
       0
       0
       0
       0
       0
       0
       0
       0
       0
       0
       0
       0
       0
       0
       0
       0
       1
       1
       0
       1
       1
       0
       0
       0
       0
       2
       0
       1
       1
       0
       0
       0
       0
       0
       1
       0
       0
       0
       0
       0
       0
       0
       1
       0
       0
       0
       1
       1
       2
       1
       0
       0
       0
       2
       0
       0
       0
       1
       0
       0
       0
       0
       0
       0
       1
       0
       0
       0
       0
       0
       0
       0
       0
       0
       0
       1
       0
       0
       0
       0
       0
       0
       0
       0
       0
       0
       1
       1
       0
       0
       0
       2
       1
       0
       0
       1
       0
       0
       0
       1
       1
       0
       1
       0
       0
       0
       0
       0
       1
       0
       1
       0
       0
       1
       0
       1
       1
       0
       0
       1
       0
       1
       0
       0
       0
       0
       0
       0
       1
       1
       0
       2
       0
       0
       0
       0
       0
       0
       1
       0
       0
       1
       1
       0
       1
       0
       2
       0
       0
       1
       0
       0
       0
       0
       0
       0
       0
       1
       0
       0
       0
       1
       1
       1
       0
       0
       0
       0
       0
       0
       1
       0
       0
       1
       0
       3
       1
       1
       0
       2
       0
       0
       0
       0
       0
       0
       0
       0
       0
       0
       0
       0
       1
       1
       0
       1
       1
       0
       0
       0
       0
       0
       0
       0
       0
       0
       0
       1
       0
       0
       0
       0
       0
       1
       1
       1
       0
       0
       0
       0
       0
       0
       0
       0
       0
       1
       0
       0
       0
       0
       0
       0
       0
       0
       0
       0
       1
       0
       0
       0
       0
       2
       0
       0
       1
       1
       0
       0
       0
       0
       1
       0
       0
       0
       0
       1
       0
       0
       1
       0
       0
       0
       0
       0
       0
       0
       0
       0
       1
       0
       0
       0
       0
       1
       0
       0
       0
       0
       1
       0
       0
       0
       0
       0
       0
       0
       0
       0
       0
       0
       0
       0
       0
       0
       0
       0
       0
       1
       0
       0
       0
       0
       0
       0
       0
       0
       0
       0
       0
       0
       0
       1
       0
       0
       0
       0
       1
       1
       0
       0
       0
       0
       0
       0
       0
       0
       0
       2
       0
       0
       0
       0
       0
       0
       0
       0
       1
       0
       0
       0
       0
       0
       0
       0
       1
       0
       0
       0
       0
       0
       1
       0
       1
       0
       0
       1
       0
       0
       0
       0
       1
       0
       0
       0
       0
       0
       0
       0
       0
       0
       0
       0
       0
       0
       0
       0
       0
       1
       1
       1
       0
       0
       1
       0
       0
       1
       1
       0
       0
       1
       0
       0
       0
       1
       0
       0
       0
       0
       1
       0
       0
       0
       0
       0
       0
       0
       0
       1
       0
       0
       0
       0
       0
       1
       0
       0
       0
       0
       0
       0
       0
       0
       0
       0
       0
       0
       0
       0
       0
       0
       1
       0
       0
       0
       0
       0
       0
       0
       0
       0
       0
       0
       0
       0
       0
       0
       0
       0
       0
       0
       0
       0
       0
       0
       0
       0
       0
       0
       0
       0
       0
       0
       0
       1
       0
       0
       0
       0
       0
       0
       0
       0
       0
       0
       0
       1
       0
       0
       0
       0
       0
       0
       0
       1
       0
       0
       0
       0
       0
       0
       0
       0
       0
       0
       0
       0
       0
       0
       0
       0
       1
       0
       0
       0
       0
       0
       1
       0
       0
       0
       0
       0
       0
       0
       0
       0
       0
       0
       0
       0
       0
       0
       0
       0
       0
       0
       0
       0
       0
       0
       0
       0
       0
       0
       1
       0
       0
       0
       0
       0
       0
       0
       0
       1
       0
       0
       0
       0
       0
       0
       0
       0
       0
       0
       0
       0
       0
       1
       0
       0
       0
       0
       0
       0
       1
       0
       0
       0
       0
       0
       0
       0
       0
       0
       0
       0
       0
       0
       0
       0
       0
       0
       1
       0
       0
       0
       0
       0
       0
       0
       0
       1
       0
       0
       0
       0
       0
       0
       0
       0
       0
       0
       0
       0
       0
       0
       0
       0
       0
       0
       0
       0
       0
       0
       0
       0
       0
       0
       0
       0
       0
       0
       0
       0
       0
       0
       0
       0
       0
       0
       0
       0
       0
       0
       0
       0
       0
       0
       0
       0
       0
       0
       0
       0
       0
       0
       0
       0
       0
       0
       0
       0
       0
       1
       0
       0
       0
       0
       0
       0
       0
       0
       0
       0
       0
       0
       0
       0
       0
       0
       0
       0
       0
       0
       0
       0
       0
       1
       0
       0
       0
       0
       0
       0
       0
       0
       0
       0
       0
       1
       0
       1
       0
       0
       0
       0
       0
       0
       0
       0
       0
       0
       0
       0
       0
       0
       0
       0
       0
       0
       0
       0
       0
       0
       0
       0
       0
       0
       0
       0
       0
       0
       0
       0
       1
       0
       0
       0
       0
       0
       0
       0
       0
       0
       0
       0
       0
       0
       0
       0
       0
       2
       0
       0
       0
       0
       0
       0
       0
       0
       0
       0
       0
       0
       0
       0
       0
       0
       0
       0
       0
       1
       0
       0
       0
       0
       0
       0
       0
       0
       0
       0
       0
       0
       0
       1
       0
       0
       0
       0
       1
       0
       0
       0
       0
       0
       0
       1
       0
       0
       0
       0
       0
       0
       0
       0
       0
       0
       0
       0
       0
       0
       0
       1
       0
       0
       0
       0
       0
       0
       0
       1
       0
       0
       0
       0
       0
       0
       0
       0
       0
       0
       0
       0
       0
       0
       0
       1
       0
       0
       0
       0
       0
       0
       0
       0
       0
       0
       0
       0
       0
       0
       1
       0
       0
       0
       0
       0
       0
       1
       0
       1
       0
       0
       0
       0
       0
       0
       0
       0
       0
       0
       0
       0
       0
       0
       0
       0
       0
       0
       0
       0
       0
       0
       0
       0
       0
       0
       0
       0
       0
       0
       0
       0
       0
       0
       0
       1
       1
       0
       0
       0
       0
       0
       0
       0
       0
       0
       0
       0
       0
       0
       0
       0
       0
       0
       0
       0
       0
       0
       0
       0
       0
       0
       0
       1
       0
       0
       0
       0
       0
       0
       0
       0
       0
       0
       0
       1
       0
       0
       0
       0
       0
       0
       0
       0
       0
       0
       0
       0
       0
       0
       0
       0
       0
       0
       0
       0
       0
       0
       0
       0
       0
       0
       0
       0
       0
       0
       0
       0
       0
       0
       0
       0
       0
       0
$ROI:
1
921 1079
$PRESETS:
None
0
0
$ENER_FIT:
0.000000 6.583851
$MCA_CAL:
3
0.000000E+000 6.583851E+000 0.000000E+000 keV
$SHAPE_CAL:
3
0.000000E+000 0.000000E+000 0.000000E+000
