$SPEC_ID:
Run 608, Background
$SPEC_REM:
DET# 1
DETDESC# Electrostatic MCA
AP# Maestro Version 6.08
$DATE_MEA:
09/24/2020 16:21:39
$MEAS_TIM:
748232 936070
$DATA:
0 2047
       0
       0
       0
       1
       0
       0
       0
       0
       0
       0
       0
       0
       0
       0
       0
       0
       0
       0
       1
       0
       1
       0
       0
       0
       0
       0
       0
       0
       0
       0
       0
       0
       0
       0
       0
       0
       0
       0
       0
       0
       0
       1
       0
       0
       0
       0
       0
       1
       0
       0
       0
       0
       0
       0
       0
       0
       0
       0
       0
       0
       0
       1
       0
       0
       0
       0
       7
       2
       9
  265030
163713823
212650977
209984751
207581393
205278009
203145395
201127259
199186861
197287281
195480371
193750522
192041474
190392993
188703699
187071251
185416059
183782267
182103686
180444859
178749445
177077336
175352678
173606934
171844456
170084381
168269411
166440255
164587156
162688882
160822532
158922287
156971571
155036044
153048789
151073376
149062718
147063253
145021177
143004016
140970654
138914401
136852107
134790874
132699896
130628223
128525553
126483908
124417536
122334192
120277253
118232522
116169535
114113506
112058804
110034159
108003478
105996393
104005511
102010135
100049251
98080221
96152864
94218576
92304493
90400658
88541244
86699862
84856790
83044376
81236747
79462210
77715684
75988913
74285179
72603593
70938943
69298279
67699500
66117818
64547568
62995203
61488726
59991902
58527010
57088072
55674792
54277214
52899597
51570526
50255640
48953504
47703803
46453577
45230094
44054283
42879221
41730712
40605473
39511783
38442439
37385031
36364440
35357730
34378822
33414161
32476003
31577550
30663248
29805873
28954508
28127974
27311690
26510101
25755334
24989451
24260926
23546241
22850004
22173494
21511810
20871250
20243094
19646627
19044959
18462113
17901127
17365609
16837216
16316043
15817216
15340346
14845071
14400045
13943912
13514455
13100876
12682826
12287650
11892523
11525674
11156027
10799479
10469019
10131819
 9804919
 9497658
 9196375
 8895879
 8610720
 8331462
 8071109
 7810492
 7554290
 7310090
 7070537
 6842184
 6617710
 6402943
 6198619
 5994884
 5796202
 5606436
 5424276
 5245356
 5073859
 4902721
 4742443
 4590087
 4432213
 4288691
 4148298
 4007630
 3876749
 3743343
 3624002
 3496458
 3381442
 3271831
 3161458
 3053931
 2948727
 2848966
 2755698
 2663365
 2574540
 2483527
 2403633
 2320320
 2239298
 2167137
 2090987
 2021692
 1950955
 1885393
 1819810
 1759489
 1697898
 1642475
 1584245
 1529044
 1479077
 1427815
 1377869
 1327924
 1282740
 1238579
 1197142
 1154309
 1113188
 1078286
 1039584
 1003899
  968951
  933012
  901144
  870177
  839674
  812245
  783420
  753167
  727639
  702137
  676427
  653820
  631508
  607112
  585627
  566864
  544222
  527275
  507739
  490529
  472125
  455655
  437800
  423568
  407980
  393624
  379568
  365615
  352748
  340225
  326535
  314942
  303972
  293137
  281142
  271761
  260882
  252659
  243162
  234326
  224812
  217365
  208292
  200788
  193406
  186326
  180472
  172743
  166429
  160976
  154359
  147989
  143115
  137304
  131950
  126468
  122369
  117799
  113117
  109717
  103884
  100455
   96855
   92533
   89384
   85860
   82647
   79916
   76418
   73429
   70424
   67949
   65038
   62242
   59628
   57614
   55318
   53388
   50954
   49028
   47134
   45342
   43905
   41717
   40339
   38544
   36835
   35730
   33886
   32640
   31731
   30012
   28851
   27865
   26549
   25275
   24678
   23494
   22676
   21470
   20860
   19975
   19031
   18283
   17512
   16921
   16377
   15399
   15189
   14336
   13737
   13113
   12694
   12015
   11637
   11211
   10824
   10202
    9805
    9483
    9185
    8938
    8295
    8142
    7753
    7372
    7251
    6785
    6607
    6315
    6100
    5757
    5502
    5441
    5081
    5021
    4780
    4632
    4334
    4192
    4074
    3879
    3737
    3611
    3405
    3216
    3248
    3032
    2962
    2880
    2681
    2686
    2568
    2452
    2328
    2366
    2153
    2147
    2080
    1980
    1827
    1825
    1790
    1613
    1624
    1546
    1511
    1423
    1381
    1304
    1247
    1222
    1166
    1144
    1119
    1104
     985
    1004
     993
     943
     901
     858
     844
     833
     808
     787
     721
     727
     685
     646
     615
     630
     624
     561
     590
     527
     537
     482
     454
     481
     425
     458
     423
     399
     369
     394
     366
     363
     365
     352
     318
     323
     312
     306
     278
     283
     281
     255
     259
     257
     234
     238
     236
     221
     196
     183
     199
     213
     191
     168
     176
     161
     170
     154
     156
     139
     159
     185
     139
     152
     111
     137
     141
     129
     123
     120
      97
     108
     124
     106
     112
     102
      96
      89
     104
     104
      92
      83
     100
     102
      79
      72
      83
      81
      85
      88
      71
      86
      70
      64
      66
      66
      59
      44
      79
      57
      68
      55
      67
      56
      69
      56
      44
      53
      60
      56
      56
      55
      45
      49
      37
      57
      50
      50
      44
      32
      51
      38
      53
      45
      38
      35
      47
      42
      33
      34
      37
      29
      39
      38
      44
      37
      22
      36
      44
      27
      22
      24
      28
      25
      29
      24
      18
      25
      35
      22
      19
      35
      22
      23
      31
      23
      14
      15
      21
      24
      21
      25
      37
      22
      19
      17
      20
      12
      16
      26
      14
      24
      25
      13
      15
      18
      16
       9
      16
      15
      21
      14
      20
      17
      12
      16
      17
      16
      10
       6
      11
      11
      13
       8
      10
      12
       7
       3
       8
      10
      11
       4
       8
       7
       6
       5
      11
      11
      12
       7
       1
       6
       7
       5
       7
       3
       6
       7
       8
       7
       5
       7
       7
       4
       2
       4
       2
       3
       3
       9
       3
       5
      10
       6
       7
       3
       4
       2
       8
       2
       2
       4
       5
       3
       3
       2
       2
       6
       8
       6
       6
       3
       1
       1
       2
       1
       3
       5
       4
       2
       7
       3
       0
       2
       1
       3
       2
       3
       1
       1
       0
       1
       0
       3
       4
       4
       3
       1
       2
       0
       0
       4
       3
       4
       1
       3
       2
       2
       4
       1
       2
       2
       3
       3
       2
       4
       2
       2
       4
       0
       2
       1
       1
       1
       1
       2
       1
       2
       2
       1
       0
       0
       1
       0
       3
       2
       3
       2
       1
       4
       2
       2
       1
       2
       4
       1
       1
       1
       0
       2
       0
       3
       0
       6
       2
       3
       2
       3
       4
       2
       2
       1
       3
       0
       1
       3
       2
       1
       4
       2
       1
       1
       1
       3
       1
       3
       0
       1
       2
       1
       3
       5
       1
       2
       3
       2
       1
       1
       2
       3
       5
       3
       3
       5
       4
       4
       3
       6
       4
       2
       7
       4
       8
       2
       3
       3
       1
       4
       7
       7
       5
       3
       5
       5
       7
       2
      10
       4
       5
      11
       3
       9
       3
       9
       7
       6
      12
       8
       9
      11
       9
       9
       6
       6
      14
       7
       7
      12
       9
       9
       8
      13
       8
       7
       8
       7
      12
      12
      12
       8
       9
       8
      15
      10
      11
       6
       7
       9
      13
       9
      10
       7
      10
       9
      10
      11
      14
       4
       9
       7
       4
       5
       7
       9
       3
       3
      10
       7
       4
       7
       4
       6
       5
       5
       5
       7
       7
       5
       4
       3
       7
       5
       3
       4
       3
       2
       4
       1
       0
       2
       5
       0
       3
       2
       2
       2
       1
       2
       2
       0
       2
       3
       1
       3
       0
       1
       0
       3
       2
       0
       2
       0
       0
       1
       1
       0
       0
       2
       1
       0
       0
       1
       1
       0
       1
       1
       0
       0
       0
       1
       0
       0
       0
       0
       3
       0
       1
       0
       0
       0
       2
       0
       0
       1
       1
       0
       0
       1
       0
       0
       0
       0
       1
       1
       1
       1
       0
       2
       2
       1
       1
       0
       1
       0
       1
       0
       0
       1
       0
       0
       0
       0
       1
       1
       0
       0
       1
       0
       0
       0
       0
       2
       1
       1
       1
       0
       1
       1
       0
       0
       0
       0
       0
       2
       1
       0
       1
       0
       0
       0
       1
       1
       1
       1
       0
       0
       1
       0
       0
       0
       0
       1
       0
       1
       0
       0
       0
       0
       1
       0
       0
       1
       0
       0
       0
       0
       0
       0
       1
       1
       0
       0
       0
       0
       0
       0
       0
       0
       0
       0
       0
       0
       0
       0
       0
       0
       0
       0
       0
       0
       1
       1
       0
       1
       1
       0
       0
       0
       0
       2
       0
       1
       1
       0
       0
       0
       0
       0
       1
       0
       0
       0
       0
       0
       0
       0
       0
       0
       0
       0
       1
       1
       1
       1
       0
       0
       0
       2
       0
       0
       0
       0
       0
       0
       0
       0
       0
       0
       1
       0
       0
       0
       0
       0
       0
       0
       0
       0
       0
       1
       0
       0
       0
       0
       0
       0
       0
       0
       0
       0
       1
       0
       0
       0
       0
       2
       0
       0
       0
       1
       0
       0
       0
       1
       0
       0
       0
       0
       0
       0
       0
       0
       0
       0
       0
       0
       0
       0
       0
       1
       1
       0
       0
       0
       0
       1
       0
       0
       0
       0
       0
       0
       1
       1
       0
       2
       0
       0
       0
       0
       0
       0
       1
       0
       0
       1
       1
       0
       1
       0
       2
       0
       0
       1
       0
       0
       0
       0
       0
       0
       0
       1
       0
       0
       0
       1
       0
       1
       0
       0
       0
       0
       0
       0
       1
       0
       0
       1
       0
       3
       1
       1
       0
       2
       0
       0
       0
       0
       0
       0
       0
       0
       0
       0
       0
       0
       1
       1
       0
       1
       1
       0
       0
       0
       0
       0
       0
       0
       0
       0
       0
       0
       0
       0
       0
       0
       0
       1
       0
       1
       0
       0
       0
       0
       0
       0
       0
       0
       0
       1
       0
       0
       0
       0
       0
       0
       0
       0
       0
       0
       1
       0
       0
       0
       0
       2
       0
       0
       1
       1
       0
       0
       0
       0
       1
       0
       0
       0
       0
       1
       0
       0
       1
       0
       0
       0
       0
       0
       0
       0
       0
       0
       1
       0
       0
       0
       0
       1
       0
       0
       0
       0
       1
       0
       0
       0
       0
       0
       0
       0
       0
       0
       0
       0
       0
       0
       0
       0
       0
       0
       0
       0
       0
       0
       0
       0
       0
       0
       0
       0
       0
       0
       0
       0
       0
       1
       0
       0
       0
       0
       1
       1
       0
       0
       0
       0
       0
       0
       0
       0
       0
       1
       0
       0
       0
       0
       0
       0
       0
       0
       1
       0
       0
       0
       0
       0
       0
       0
       0
       0
       0
       0
       0
       0
       1
       0
       1
       0
       0
       0
       0
       0
       0
       0
       1
       0
       0
       0
       0
       0
       0
       0
       0
       0
       0
       0
       0
       0
       0
       0
       0
       1
       1
       1
       0
       0
       1
       0
       0
       1
       1
       0
       0
       1
       0
       0
       0
       1
       0
       0
       0
       0
       1
       0
       0
       0
       0
       0
       0
       0
       0
       1
       0
       0
       0
       0
       0
       0
       0
       0
       0
       0
       0
       0
       0
       0
       0
       0
       0
       0
       0
       0
       0
       0
       1
       0
       0
       0
       0
       0
       0
       0
       0
       0
       0
       0
       0
       0
       0
       0
       0
       0
       0
       0
       0
       0
       0
       0
       0
       0
       0
       0
       0
       0
       0
       0
       0
       1
       0
       0
       0
       0
       0
       0
       0
       0
       0
       0
       0
       0
       0
       0
       0
       0
       0
       0
       0
       1
       0
       0
       0
       0
       0
       0
       0
       0
       0
       0
       0
       0
       0
       0
       0
       0
       1
       0
       0
       0
       0
       0
       0
       0
       0
       0
       0
       0
       0
       0
       0
       0
       0
       0
       0
       0
       0
       0
       0
       0
       0
       0
       0
       0
       0
       0
       0
       0
       0
       0
       1
       0
       0
       0
       0
       0
       0
       0
       0
       1
       0
       0
       0
       0
       0
       0
       0
       0
       0
       0
       0
       0
       0
       1
       0
       0
       0
       0
       0
       0
       1
       0
       0
       0
       0
       0
       0
       0
       0
       0
       0
       0
       0
       0
       0
       0
       0
       0
       1
       0
       0
       0
       0
       0
       0
       0
       0
       1
       0
       0
       0
       0
       0
       0
       0
       0
       0
       0
       0
       0
       0
       0
       0
       0
       0
       0
       0
       0
       0
       0
       0
       0
       0
       0
       0
       0
       0
       0
       0
       0
       0
       0
       0
       0
       0
       0
       0
       0
       0
       0
       0
       0
       0
       0
       0
       0
       0
       0
       0
       0
       0
       0
       0
       0
       0
       0
       0
       0
       0
       1
       0
       0
       0
       0
       0
       0
       0
       0
       0
       0
       0
       0
       0
       0
       0
       0
       0
       0
       0
       0
       0
       0
       0
       0
       0
       0
       0
       0
       0
       0
       0
       0
       0
       0
       0
       1
       0
       1
       0
       0
       0
       0
       0
       0
       0
       0
       0
       0
       0
       0
       0
       0
       0
       0
       0
       0
       0
       0
       0
       0
       0
       0
       0
       0
       0
       0
       0
       0
       0
       0
       1
       0
       0
       0
       0
       0
       0
       0
       0
       0
       0
       0
       0
       0
       0
       0
       0
       2
       0
       0
       0
       0
       0
       0
       0
       0
       0
       0
       0
       0
       0
       0
       0
       0
       0
       0
       0
       1
       0
       0
       0
       0
       0
       0
       0
       0
       0
       0
       0
       0
       0
       1
       0
       0
       0
       0
       1
       0
       0
       0
       0
       0
       0
       1
       0
       0
       0
       0
       0
       0
       0
       0
       0
       0
       0
       0
       0
       0
       0
       1
       0
       0
       0
       0
       0
       0
       0
       1
       0
       0
       0
       0
       0
       0
       0
       0
       0
       0
       0
       0
       0
       0
       0
       1
       0
       0
       0
       0
       0
       0
       0
       0
       0
       0
       0
       0
       0
       0
       1
       0
       0
       0
       0
       0
       0
       0
       0
       1
       0
       0
       0
       0
       0
       0
       0
       0
       0
       0
       0
       0
       0
       0
       0
       0
       0
       0
       0
       0
       0
       0
       0
       0
       0
       0
       0
       0
       0
       0
       0
       0
       0
       0
       0
       0
       1
       0
       0
       0
       0
       0
       0
       0
       0
       0
       0
       0
       0
       0
       0
       0
       0
       0
       0
       0
       0
       0
       0
       0
       0
       0
       0
       1
       0
       0
       0
       0
       0
       0
       0
       0
       0
       0
       0
       0
       0
       0
       0
       0
       0
       0
       0
       0
       0
       0
       0
       0
       0
       0
       0
       0
       0
       0
       0
       0
       0
       0
       0
       0
       0
       0
       0
       0
       0
       0
       0
       0
       0
       0
       0
       0
       0
       0
$ROI:
1
921 1079
$PRESETS:
None
0
0
$ENER_FIT:
0.000000 6.583851
$MCA_CAL:
3
0.000000E+000 6.583851E+000 0.000000E+000 keV
$SHAPE_CAL:
3
0.000000E+000 0.000000E+000 0.000000E+000
