$SPEC_ID:
Run 608, Background
$SPEC_REM:
DET# 1
DETDESC# Electrostatic MCA
AP# Maestro Version 6.08
$DATE_MEA:
09/24/2020 16:21:39
$MEAS_TIM:
795391 1022477
$DATA:
0 2047
       0
       0
       0
       1
       0
       0
       0
       0
       0
       0
       0
       0
       0
       0
       0
       0
       0
       0
       1
       0
       1
       0
       0
       0
       0
       0
       0
       0
       0
       0
       0
       0
       0
       0
       0
       0
       0
       0
       0
       0
       0
       1
       0
       0
       0
       0
       0
       1
       0
       0
       0
       0
       0
       0
       0
       0
       0
       0
       0
       0
       0
       1
       0
       0
       0
       0
       7
       3
      13
  582559
197279234
253281382
250625103
248244519
245936550
243808141
241773676
239801967
237864188
236010204
234231144
232454044
230746139
228973298
227250724
225496081
223768790
221968811
220196508
218360164
216554744
214677682
212781198
210851126
208918826
206946079
204929928
202878775
200798416
198732549
196613095
194457299
192303730
190078643
187877480
185619466
183367933
181085232
178808826
176513283
174196061
171860969
169531073
167157000
164809351
162427068
160085501
157731365
155331413
152980373
150638478
148263077
145893993
143536676
141199215
138844706
136528751
134211058
131895313
129600724
127309534
125047855
122784685
120545519
118314731
116125084
113947161
111771115
109614341
107475845
105365592
103293985
101228337
99193447
97182678
95170940
93208255
91276873
89368887
87456726
85581240
83746542
81917912
80127174
78367189
76635278
74923440
73221828
71576147
69942932
68322426
66771553
65205385
63676022
62203642
60714605
59267895
57855744
56459890
55106634
53754678
52440393
51147587
49888649
48646828
47436461
46264807
45079630
43958262
42843549
41757524
40682215
39625229
38622800
37614200
36636518
35676340
34744139
33836147
32930604
32067940
31214491
30394271
29576760
28772667
28006382
27252272
26520254
25795595
25097223
24419835
23738956
23100125
22454845
21835651
21246966
20652007
20075472
19512249
18974763
18441072
17919202
17429002
16933431
16454555
15989305
15545260
15096114
14668150
14244459
13849268
13452333
13065619
12692898
12324098
11969258
11625795
11289249
10969374
10648552
10340989
10038504
 9747543
 9465391
 9187847
 8922442
 8664236
 8409433
 8157043
 7922735
 7687775
 7467029
 7247164
 7026455
 6824713
 6618347
 6424489
 6239288
 6053555
 5869364
 5694732
 5523540
 5362993
 5202815
 5048230
 4893446
 4749737
 4607694
 4466987
 4333804
 4205451
 4079376
 3954146
 3836513
 3719529
 3607631
 3498028
 3396301
 3291975
 3191175
 3096982
 3004991
 2911994
 2820014
 2736548
 2652816
 2572969
 2493876
 2416019
 2345869
 2271527
 2207079
 2138521
 2069768
 2007534
 1946191
 1885584
 1829097
 1771987
 1714128
 1661292
 1613838
 1559980
 1513355
 1468555
 1421221
 1377398
 1334355
 1291691
 1252344
 1212807
 1175361
 1138892
 1103048
 1067173
 1034402
 1001375
  969872
  940309
  910441
  881759
  855439
  826622
  798967
  774691
  749710
  725956
  702698
  678440
  658627
  638784
  616980
  596737
  577847
  558125
  541487
  523711
  507184
  490498
  474713
  457805
  444203
  430329
  414491
  401949
  387901
  374813
  362814
  351092
  340200
  327462
  318489
  305167
  296922
  285910
  276202
  267748
  258336
  250082
  241265
  233499
  225108
  217656
  210475
  203019
  195791
  188769
  182627
  176162
  170015
  164217
  158860
  153206
  147778
  143383
  137536
  133460
  128928
  123637
  119794
  115072
  111243
  107634
  103308
   99290
   96307
   93093
   88944
   86540
   83537
   80298
   77705
   75099
   71987
   69532
   66977
   64169
   62372
   60533
   57409
   56025
   53684
   51767
   49906
   48285
   45978
   44486
   42886
   41390
   39644
   38293
   36567
   35759
   34436
   32789
   31457
   30733
   29396
   28246
   26919
   26209
   25537
   24274
   23181
   22372
   21794
   20694
   20176
   19309
   18508
   17769
   16930
   16336
   16014
   15158
   14628
   13899
   13406
   13152
   12495
   11990
   11609
   11037
   10717
   10379
    9814
    9549
    9245
    8711
    8584
    7969
    7707
    7367
    6972
    6897
    6638
    6431
    6099
    5884
    5566
    5424
    5061
    4925
    4744
    4567
    4259
    4317
    4179
    3910
    3808
    3654
    3506
    3311
    3196
    3102
    2976
    2903
    2746
    2579
    2527
    2298
    2258
    2241
    2103
    2010
    1961
    1894
    1766
    1685
    1649
    1564
    1556
    1420
    1373
    1328
    1295
    1176
    1190
    1130
    1045
    1048
     970
     950
     899
     882
     843
     837
     755
     757
     682
     710
     637
     644
     613
     577
     552
     543
     490
     486
     501
     437
     405
     445
     419
     393
     370
     357
     353
     357
     361
     291
     321
     262
     288
     269
     251
     247
     239
     190
     217
     233
     213
     199
     193
     169
     178
     178
     169
     151
     146
     154
     157
     118
     119
     139
     120
     133
     131
     114
     118
     116
     102
     100
      98
      86
      79
     101
      86
      89
      75
      88
      77
      89
      77
      76
      70
      73
      63
      69
      80
      62
      61
      47
      67
      62
      63
      57
      43
      64
      52
      59
      52
      45
      42
      49
      49
      41
      41
      47
      34
      45
      41
      47
      40
      27
      42
      49
      36
      25
      29
      33
      26
      33
      28
      19
      28
      37
      24
      24
      37
      26
      24
      33
      26
      14
      18
      25
      25
      22
      28
      38
      24
      22
      20
      20
      12
      18
      27
      16
      25
      25
      15
      15
      19
      18
      12
      17
      16
      22
      14
      20
      17
      13
      16
      18
      19
      12
       7
      11
      12
      15
       9
      11
      13
       7
       4
       9
      10
      11
       4
       8
       7
       8
       6
      11
      12
      15
       8
       2
       6
       8
       5
       8
       3
       7
       7
       8
       7
       6
       7
       7
       4
       2
       4
       2
       3
       3
      10
       3
       5
      10
       6
       7
       3
       4
       3
       8
       2
       2
       4
       5
       4
       5
       2
       2
       6
       8
       7
       6
       3
       1
       1
       2
       1
       3
       5
       4
       2
       7
       3
       1
       2
       2
       4
       3
       3
       1
       1
       0
       1
       1
       3
       4
       4
       3
       1
       2
       0
       0
       4
       3
       4
       1
       3
       2
       2
       4
       1
       3
       2
       3
       4
       3
       4
       3
       2
       4
       0
       2
       2
       1
       1
       1
       2
       1
       2
       2
       1
       0
       0
       1
       1
       4
       2
       3
       2
       1
       4
       2
       2
       1
       2
       4
       1
       4
       1
       0
       2
       1
       3
       0
       7
       2
       3
       2
       4
       5
       3
       2
       2
       3
       0
       1
       3
       2
       2
       4
       3
       1
       2
       2
       3
       1
       3
       1
       2
       4
       1
       3
       5
       1
       2
       3
       2
       2
       1
       4
       3
       5
       3
       4
       6
       4
       4
       4
       7
       5
       2
       7
       4
      10
       3
       4
       3
       2
       4
       8
       8
       5
       3
       7
       5
       7
       2
      11
       4
       5
      11
       3
       9
       4
      10
       7
       6
      12
       8
       9
      11
       9
       9
       6
       6
      14
       7
       7
      14
       9
      10
       8
      14
       9
       7
       8
       7
      12
      12
      12
       9
      10
       8
      16
      10
      13
       7
       8
       9
      13
       9
      11
       7
      10
      10
      10
      12
      15
       4
       9
       7
       5
       5
       7
       9
       3
       4
      11
       7
       4
       7
       4
       7
       5
       6
       7
       7
       8
       5
       5
       3
       7
       5
       3
       4
       3
       3
       4
       1
       0
       2
       5
       0
       3
       2
       2
       2
       2
       3
       2
       0
       2
       3
       1
       4
       0
       3
       1
       4
       3
       0
       2
       0
       1
       2
       1
       1
       0
       2
       1
       0
       0
       1
       1
       0
       1
       1
       0
       1
       0
       1
       0
       0
       0
       0
       3
       0
       1
       0
       0
       0
       2
       0
       1
       2
       1
       0
       0
       2
       0
       0
       1
       0
       1
       1
       1
       1
       0
       2
       3
       1
       1
       0
       1
       0
       2
       0
       0
       1
       1
       0
       0
       0
       1
       1
       0
       0
       1
       0
       0
       0
       0
       2
       1
       1
       1
       1
       1
       1
       0
       0
       0
       0
       0
       2
       1
       1
       1
       0
       0
       0
       1
       1
       1
       2
       0
       0
       1
       0
       0
       0
       0
       1
       0
       1
       0
       0
       1
       0
       1
       0
       0
       1
       0
       0
       0
       0
       0
       0
       1
       1
       0
       0
       0
       0
       0
       0
       0
       0
       0
       0
       0
       0
       0
       0
       0
       0
       0
       0
       0
       0
       1
       1
       0
       1
       1
       0
       0
       0
       0
       2
       0
       1
       1
       0
       0
       0
       0
       0
       1
       0
       0
       0
       0
       0
       0
       0
       0
       0
       0
       0
       1
       1
       1
       1
       0
       0
       0
       2
       0
       0
       0
       1
       0
       0
       0
       0
       0
       0
       1
       0
       0
       0
       0
       0
       0
       0
       0
       0
       0
       1
       0
       0
       0
       0
       0
       0
       0
       0
       0
       0
       1
       0
       0
       0
       0
       2
       0
       0
       0
       1
       0
       0
       0
       1
       1
       0
       0
       0
       0
       0
       0
       0
       0
       0
       1
       0
       0
       1
       0
       1
       1
       0
       0
       0
       0
       1
       0
       0
       0
       0
       0
       0
       1
       1
       0
       2
       0
       0
       0
       0
       0
       0
       1
       0
       0
       1
       1
       0
       1
       0
       2
       0
       0
       1
       0
       0
       0
       0
       0
       0
       0
       1
       0
       0
       0
       1
       0
       1
       0
       0
       0
       0
       0
       0
       1
       0
       0
       1
       0
       3
       1
       1
       0
       2
       0
       0
       0
       0
       0
       0
       0
       0
       0
       0
       0
       0
       1
       1
       0
       1
       1
       0
       0
       0
       0
       0
       0
       0
       0
       0
       0
       1
       0
       0
       0
       0
       0
       1
       1
       1
       0
       0
       0
       0
       0
       0
       0
       0
       0
       1
       0
       0
       0
       0
       0
       0
       0
       0
       0
       0
       1
       0
       0
       0
       0
       2
       0
       0
       1
       1
       0
       0
       0
       0
       1
       0
       0
       0
       0
       1
       0
       0
       1
       0
       0
       0
       0
       0
       0
       0
       0
       0
       1
       0
       0
       0
       0
       1
       0
       0
       0
       0
       1
       0
       0
       0
       0
       0
       0
       0
       0
       0
       0
       0
       0
       0
       0
       0
       0
       0
       0
       1
       0
       0
       0
       0
       0
       0
       0
       0
       0
       0
       0
       0
       0
       1
       0
       0
       0
       0
       1
       1
       0
       0
       0
       0
       0
       0
       0
       0
       0
       2
       0
       0
       0
       0
       0
       0
       0
       0
       1
       0
       0
       0
       0
       0
       0
       0
       1
       0
       0
       0
       0
       0
       1
       0
       1
       0
       0
       0
       0
       0
       0
       0
       1
       0
       0
       0
       0
       0
       0
       0
       0
       0
       0
       0
       0
       0
       0
       0
       0
       1
       1
       1
       0
       0
       1
       0
       0
       1
       1
       0
       0
       1
       0
       0
       0
       1
       0
       0
       0
       0
       1
       0
       0
       0
       0
       0
       0
       0
       0
       1
       0
       0
       0
       0
       0
       1
       0
       0
       0
       0
       0
       0
       0
       0
       0
       0
       0
       0
       0
       0
       0
       0
       1
       0
       0
       0
       0
       0
       0
       0
       0
       0
       0
       0
       0
       0
       0
       0
       0
       0
       0
       0
       0
       0
       0
       0
       0
       0
       0
       0
       0
       0
       0
       0
       0
       1
       0
       0
       0
       0
       0
       0
       0
       0
       0
       0
       0
       0
       0
       0
       0
       0
       0
       0
       0
       1
       0
       0
       0
       0
       0
       0
       0
       0
       0
       0
       0
       0
       0
       0
       0
       0
       1
       0
       0
       0
       0
       0
       0
       0
       0
       0
       0
       0
       0
       0
       0
       0
       0
       0
       0
       0
       0
       0
       0
       0
       0
       0
       0
       0
       0
       0
       0
       0
       0
       0
       1
       0
       0
       0
       0
       0
       0
       0
       0
       1
       0
       0
       0
       0
       0
       0
       0
       0
       0
       0
       0
       0
       0
       1
       0
       0
       0
       0
       0
       0
       1
       0
       0
       0
       0
       0
       0
       0
       0
       0
       0
       0
       0
       0
       0
       0
       0
       0
       1
       0
       0
       0
       0
       0
       0
       0
       0
       1
       0
       0
       0
       0
       0
       0
       0
       0
       0
       0
       0
       0
       0
       0
       0
       0
       0
       0
       0
       0
       0
       0
       0
       0
       0
       0
       0
       0
       0
       0
       0
       0
       0
       0
       0
       0
       0
       0
       0
       0
       0
       0
       0
       0
       0
       0
       0
       0
       0
       0
       0
       0
       0
       0
       0
       0
       0
       0
       0
       0
       0
       1
       0
       0
       0
       0
       0
       0
       0
       0
       0
       0
       0
       0
       0
       0
       0
       0
       0
       0
       0
       0
       0
       0
       0
       0
       0
       0
       0
       0
       0
       0
       0
       0
       0
       0
       0
       1
       0
       1
       0
       0
       0
       0
       0
       0
       0
       0
       0
       0
       0
       0
       0
       0
       0
       0
       0
       0
       0
       0
       0
       0
       0
       0
       0
       0
       0
       0
       0
       0
       0
       0
       1
       0
       0
       0
       0
       0
       0
       0
       0
       0
       0
       0
       0
       0
       0
       0
       0
       2
       0
       0
       0
       0
       0
       0
       0
       0
       0
       0
       0
       0
       0
       0
       0
       0
       0
       0
       0
       1
       0
       0
       0
       0
       0
       0
       0
       0
       0
       0
       0
       0
       0
       1
       0
       0
       0
       0
       1
       0
       0
       0
       0
       0
       0
       1
       0
       0
       0
       0
       0
       0
       0
       0
       0
       0
       0
       0
       0
       0
       0
       1
       0
       0
       0
       0
       0
       0
       0
       1
       0
       0
       0
       0
       0
       0
       0
       0
       0
       0
       0
       0
       0
       0
       0
       1
       0
       0
       0
       0
       0
       0
       0
       0
       0
       0
       0
       0
       0
       0
       1
       0
       0
       0
       0
       0
       0
       1
       0
       1
       0
       0
       0
       0
       0
       0
       0
       0
       0
       0
       0
       0
       0
       0
       0
       0
       0
       0
       0
       0
       0
       0
       0
       0
       0
       0
       0
       0
       0
       0
       0
       0
       0
       0
       0
       0
       1
       0
       0
       0
       0
       0
       0
       0
       0
       0
       0
       0
       0
       0
       0
       0
       0
       0
       0
       0
       0
       0
       0
       0
       0
       0
       0
       1
       0
       0
       0
       0
       0
       0
       0
       0
       0
       0
       0
       1
       0
       0
       0
       0
       0
       0
       0
       0
       0
       0
       0
       0
       0
       0
       0
       0
       0
       0
       0
       0
       0
       0
       0
       0
       0
       0
       0
       0
       0
       0
       0
       0
       0
       0
       0
       0
       0
       0
$ROI:
1
921 1079
$PRESETS:
None
0
0
$ENER_FIT:
0.000000 6.583851
$MCA_CAL:
3
0.000000E+000 6.583851E+000 0.000000E+000 keV
$SHAPE_CAL:
3
0.000000E+000 0.000000E+000 0.000000E+000
