$SPEC_ID:
Run 608, Background
$SPEC_REM:
DET# 1
DETDESC# Electrostatic MCA
AP# Maestro Version 6.08
$DATE_MEA:
09/24/2020 16:21:39
$MEAS_TIM:
615142 698452
$DATA:
0 2047
       0
       0
       0
       1
       0
       0
       0
       0
       0
       0
       0
       0
       0
       0
       0
       0
       0
       0
       1
       0
       1
       0
       0
       0
       0
       0
       0
       0
       0
       0
       0
       0
       0
       0
       0
       0
       0
       0
       0
       0
       0
       1
       0
       0
       0
       0
       0
       1
       0
       0
       0
       0
       0
       0
       0
       0
       0
       0
       0
       0
       0
       1
       0
       0
       0
       0
       5
       0
       5
   64077
65813946
86109770
83718201
81607035
79653976
77899424
76297945
74814254
73437603
72155083
71001111
69925483
68896959
67909841
66949192
66043766
65177817
64312339
63491641
62665243
61880996
61065545
60277240
59470898
58691330
57901723
57098000
56300289
55491507
54691741
53898595
53082672
52285261
51476432
50655686
49825327
49016388
48183884
47380472
46550842
45740593
44918940
44096249
43280286
42467762
41640154
40832210
40022255
39214836
38415701
37623825
36826977
36032944
35258912
34487634
33725870
32949513
32202597
31451045
30711555
29987198
29258729
28544209
27830085
27140548
26449407
25772631
25110407
24452897
23787373
23152100
22521850
21910558
21306383
20710812
20117015
19537639
18981152
18432938
17882777
17347246
16828313
16315449
15814426
15325171
14847089
14379035
13921073
13477170
13036357
12610989
12199396
11795798
11398695
11014908
10642556
10275023
 9921464
 9574152
 9232690
 8910638
 8592971
 8285114
 7986535
 7689768
 7407080
 7138466
 6870228
 6612976
 6362542
 6121113
 5886276
 5659974
 5443952
 5225362
 5023121
 4824143
 4630704
 4446150
 4267263
 4097610
 3926440
 3769170
 3610822
 3461074
 3318142
 3183305
 3047662
 2919431
 2792406
 2675776
 2555956
 2448969
 2342405
 2238967
 2141599
 2047556
 1961146
 1871621
 1787707
 1707025
 1631542
 1557158
 1484544
 1418473
 1355148
 1292668
 1234166
 1175782
 1122246
 1069866
 1018550
  970157
  925705
  880702
  841278
  800253
  761994
  726605
  691637
  658057
  624860
  596055
  568823
  539520
  514175
  489426
  464296
  441321
  420975
  399737
  380520
  362415
  343274
  327141
  310070
  295136
  280835
  266186
  254194
  239997
  228873
  217358
  206262
  196794
  186071
  177457
  168648
  160308
  151880
  144683
  137469
  130892
  124318
  118329
  111943
  106314
  101013
   96168
   91397
   87647
   82694
   79088
   74701
   71488
   68272
   64783
   61562
   58686
   55881
   52524
   50687
   48027
   45954
   43696
   41754
   39918
   37941
   36124
   34948
   33004
   31615
   29998
   28766
   27827
   26113
   25127
   24029
   22992
   22153
   21032
   20249
   19573
   18770
   17793
   17350
   16665
   15763
   15174
   14770
   14001
   13473
   12792
   12482
   12045
   11492
   11130
   10848
   10418
   10044
    9714
    9386
    8967
    8786
    8335
    8121
    7774
    7688
    7465
    7155
    6736
    6656
    6470
    6203
    6039
    6118
    5794
    5582
    5262
    5245
    5017
    4899
    4755
    4607
    4565
    4359
    4270
    4166
    3950
    3994
    3764
    3702
    3575
    3519
    3539
    3246
    3295
    3173
    3040
    3014
    2877
    2778
    2780
    2722
    2644
    2641
    2532
    2495
    2392
    2326
    2241
    2227
    2147
    2016
    2015
    1986
    1914
    1874
    1863
    1762
    1722
    1677
    1696
    1660
    1587
    1536
    1590
    1503
    1480
    1370
    1417
    1354
    1318
    1334
    1209
    1138
    1204
    1107
    1129
    1068
    1014
    1085
    1019
    1059
    1011
     953
     934
     913
     913
     825
     806
     806
     800
     746
     749
     757
     692
     754
     728
     678
     604
     626
     586
     599
     562
     538
     537
     516
     507
     510
     462
     481
     497
     463
     474
     444
     406
     427
     374
     385
     380
     370
     344
     321
     333
     316
     304
     299
     298
     283
     275
     266
     235
     237
     247
     256
     210
     215
     232
     209
     222
     176
     192
     169
     164
     182
     163
     172
     166
     141
     126
     137
     131
     124
     130
     116
     121
      96
     107
      79
      78
      97
      68
     107
      80
      73
      76
      90
      70
      80
      74
      52
      66
      64
      56
      57
      55
      55
      49
      43
      39
      41
      36
      41
      43
      37
      37
      34
      32
      35
      28
      20
      32
      18
      19
      20
      23
      18
      25
      22
      16
      16
      19
      17
      23
      11
      14
      14
      13
      11
      17
      11
      14
       9
      18
       9
       8
       8
       6
       7
       9
      13
       7
       6
       7
       4
       9
       7
       7
       8
       5
       5
       4
       6
       4
       3
       4
       2
       3
       7
       2
       2
       1
       1
       0
       4
       6
       1
       1
       0
       2
       3
       4
       3
       3
       1
       1
       0
       1
       0
       1
       0
       2
       0
       2
       4
       1
       1
       2
       0
       0
       0
       0
       1
       2
       1
       1
       1
       0
       0
       0
       2
       1
       2
       0
       0
       0
       1
       0
       2
       3
       0
       0
       0
       0
       0
       3
       0
       2
       0
       2
       0
       0
       1
       0
       2
       0
       0
       0
       3
       1
       1
       1
       1
       1
       1
       0
       2
       4
       0
       1
       1
       3
       0
       0
       0
       4
       0
       0
       0
       1
       1
       0
       0
       2
       0
       1
       0
       1
       1
       1
       0
       0
       1
       0
       0
       0
       0
       0
       1
       1
       1
       0
       0
       0
       0
       0
       0
       0
       0
       3
       0
       0
       0
       0
       0
       1
       1
       0
       1
       1
       1
       1
       0
       0
       0
       2
       1
       0
       1
       0
       0
       0
       0
       0
       1
       2
       0
       2
       0
       0
       1
       0
       0
       0
       1
       3
       1
       3
       0
       0
       0
       1
       1
       1
       1
       1
       0
       0
       0
       0
       0
       2
       1
       2
       0
       0
       0
       0
       3
       0
       0
       0
       0
       0
       1
       1
       0
       2
       0
       1
       0
       1
       2
       0
       1
       0
       0
       0
       1
       0
       1
       1
       2
       0
       0
       1
       1
       0
       0
       1
       0
       1
       1
       3
       1
       0
       1
       1
       1
       0
       2
       3
       1
       0
       1
       0
       0
       0
       2
       0
       4
       0
       1
       0
       1
       0
       0
       1
       0
       1
       0
       1
       1
       1
       0
       2
       2
       1
       0
       0
       0
       0
       1
       0
       0
       2
       1
       1
       4
       0
       0
       2
       2
       1
       0
       1
       3
       3
       2
       2
       3
       3
       1
       3
       4
       2
       2
       7
       3
       7
       2
       3
       3
       1
       3
       6
       6
       4
       3
       4
       3
       6
       1
       7
       4
       3
       7
       3
       6
       2
       9
       7
       5
      10
       6
       8
       8
       9
       8
       5
       4
      12
       5
       5
      11
       8
       9
       6
      12
       7
       7
       7
       5
       8
       9
      10
       7
       9
       5
      14
       9
       8
       5
       6
       9
      10
       7
       9
       6
       6
       9
       8
      11
      10
       3
       6
       5
       4
       4
       6
       6
       3
       3
       6
       5
       3
       5
       3
       4
       4
       5
       3
       6
       6
       4
       4
       2
       4
       3
       2
       4
       3
       1
       4
       0
       0
       1
       2
       0
       2
       1
       2
       1
       1
       0
       1
       0
       0
       1
       1
       1
       0
       0
       0
       3
       1
       0
       1
       0
       0
       0
       0
       0
       0
       2
       1
       0
       0
       1
       0
       0
       1
       1
       0
       0
       0
       1
       0
       0
       0
       0
       3
       0
       0
       0
       0
       0
       1
       0
       0
       1
       1
       0
       0
       1
       0
       0
       0
       0
       1
       1
       0
       1
       0
       1
       1
       1
       0
       0
       0
       0
       1
       0
       0
       1
       0
       0
       0
       0
       0
       1
       0
       0
       1
       0
       0
       0
       0
       2
       1
       1
       1
       0
       1
       1
       0
       0
       0
       0
       0
       1
       1
       0
       0
       0
       0
       0
       0
       1
       1
       1
       0
       0
       0
       0
       0
       0
       0
       0
       0
       0
       0
       0
       0
       0
       1
       0
       0
       0
       0
       0
       0
       0
       0
       0
       1
       1
       0
       0
       0
       0
       0
       0
       0
       0
       0
       0
       0
       0
       0
       0
       0
       0
       0
       0
       0
       0
       1
       0
       0
       1
       0
       0
       0
       0
       0
       1
       0
       0
       0
       0
       0
       0
       0
       0
       0
       0
       0
       0
       0
       0
       0
       0
       0
       0
       0
       0
       1
       1
       1
       1
       0
       0
       0
       1
       0
       0
       0
       0
       0
       0
       0
       0
       0
       0
       0
       0
       0
       0
       0
       0
       0
       0
       0
       0
       0
       0
       0
       0
       0
       0
       0
       0
       0
       0
       0
       0
       1
       0
       0
       0
       0
       0
       0
       0
       0
       0
       0
       0
       0
       1
       0
       0
       0
       0
       0
       0
       0
       0
       0
       0
       0
       0
       0
       0
       0
       0
       1
       0
       0
       0
       0
       0
       0
       0
       0
       0
       0
       0
       1
       0
       0
       1
       0
       0
       0
       0
       0
       0
       0
       0
       0
       1
       1
       0
       0
       0
       1
       0
       0
       0
       0
       0
       0
       0
       0
       0
       0
       0
       0
       0
       0
       0
       0
       0
       0
       0
       0
       0
       0
       0
       1
       0
       0
       1
       0
       1
       0
       1
       0
       0
       0
       0
       0
       0
       0
       0
       0
       0
       0
       0
       0
       0
       1
       1
       0
       1
       1
       0
       0
       0
       0
       0
       0
       0
       0
       0
       0
       0
       0
       0
       0
       0
       0
       1
       0
       1
       0
       0
       0
       0
       0
       0
       0
       0
       0
       1
       0
       0
       0
       0
       0
       0
       0
       0
       0
       0
       1
       0
       0
       0
       0
       1
       0
       0
       0
       1
       0
       0
       0
       0
       1
       0
       0
       0
       0
       1
       0
       0
       0
       0
       0
       0
       0
       0
       0
       0
       0
       0
       1
       0
       0
       0
       0
       1
       0
       0
       0
       0
       1
       0
       0
       0
       0
       0
       0
       0
       0
       0
       0
       0
       0
       0
       0
       0
       0
       0
       0
       0
       0
       0
       0
       0
       0
       0
       0
       0
       0
       0
       0
       0
       0
       0
       0
       0
       0
       0
       1
       0
       0
       0
       0
       0
       0
       0
       0
       0
       0
       0
       0
       0
       0
       0
       0
       0
       0
       0
       1
       0
       0
       0
       0
       0
       0
       0
       0
       0
       0
       0
       0
       0
       1
       0
       0
       0
       0
       0
       0
       0
       0
       0
       1
       0
       0
       0
       0
       0
       0
       0
       0
       0
       0
       0
       0
       0
       0
       0
       0
       0
       0
       1
       0
       0
       1
       0
       0
       0
       1
       0
       0
       0
       0
       0
       0
       0
       0
       0
       0
       0
       1
       0
       0
       0
       0
       0
       0
       0
       0
       1
       0
       0
       0
       0
       0
       0
       0
       0
       0
       0
       0
       0
       0
       0
       0
       0
       0
       0
       0
       0
       0
       0
       1
       0
       0
       0
       0
       0
       0
       0
       0
       0
       0
       0
       0
       0
       0
       0
       0
       0
       0
       0
       0
       0
       0
       0
       0
       0
       0
       0
       0
       0
       0
       0
       0
       1
       0
       0
       0
       0
       0
       0
       0
       0
       0
       0
       0
       0
       0
       0
       0
       0
       0
       0
       0
       1
       0
       0
       0
       0
       0
       0
       0
       0
       0
       0
       0
       0
       0
       0
       0
       0
       1
       0
       0
       0
       0
       0
       0
       0
       0
       0
       0
       0
       0
       0
       0
       0
       0
       0
       0
       0
       0
       0
       0
       0
       0
       0
       0
       0
       0
       0
       0
       0
       0
       0
       1
       0
       0
       0
       0
       0
       0
       0
       0
       1
       0
       0
       0
       0
       0
       0
       0
       0
       0
       0
       0
       0
       0
       1
       0
       0
       0
       0
       0
       0
       1
       0
       0
       0
       0
       0
       0
       0
       0
       0
       0
       0
       0
       0
       0
       0
       0
       0
       1
       0
       0
       0
       0
       0
       0
       0
       0
       1
       0
       0
       0
       0
       0
       0
       0
       0
       0
       0
       0
       0
       0
       0
       0
       0
       0
       0
       0
       0
       0
       0
       0
       0
       0
       0
       0
       0
       0
       0
       0
       0
       0
       0
       0
       0
       0
       0
       0
       0
       0
       0
       0
       0
       0
       0
       0
       0
       0
       0
       0
       0
       0
       0
       0
       0
       0
       0
       0
       0
       0
       0
       0
       0
       0
       0
       0
       0
       0
       0
       0
       0
       0
       0
       0
       0
       0
       0
       0
       0
       0
       0
       0
       0
       0
       0
       0
       0
       0
       0
       0
       0
       0
       0
       0
       0
       0
       1
       0
       1
       0
       0
       0
       0
       0
       0
       0
       0
       0
       0
       0
       0
       0
       0
       0
       0
       0
       0
       0
       0
       0
       0
       0
       0
       0
       0
       0
       0
       0
       0
       0
       0
       1
       0
       0
       0
       0
       0
       0
       0
       0
       0
       0
       0
       0
       0
       0
       0
       0
       0
       0
       0
       0
       0
       0
       0
       0
       0
       0
       0
       0
       0
       0
       0
       0
       0
       0
       0
       0
       0
       0
       0
       0
       0
       0
       0
       0
       0
       0
       0
       0
       0
       0
       1
       0
       0
       0
       0
       0
       0
       0
       0
       0
       0
       0
       1
       0
       0
       0
       0
       0
       0
       0
       0
       0
       0
       0
       0
       0
       0
       0
       1
       0
       0
       0
       0
       0
       0
       0
       0
       0
       0
       0
       0
       0
       0
       0
       0
       0
       0
       0
       0
       0
       0
       0
       1
       0
       0
       0
       0
       0
       0
       0
       0
       0
       0
       0
       0
       0
       0
       1
       0
       0
       0
       0
       0
       0
       0
       0
       1
       0
       0
       0
       0
       0
       0
       0
       0
       0
       0
       0
       0
       0
       0
       0
       0
       0
       0
       0
       0
       0
       0
       0
       0
       0
       0
       0
       0
       0
       0
       0
       0
       0
       0
       0
       0
       1
       0
       0
       0
       0
       0
       0
       0
       0
       0
       0
       0
       0
       0
       0
       0
       0
       0
       0
       0
       0
       0
       0
       0
       0
       0
       0
       0
       0
       0
       0
       0
       0
       0
       0
       0
       0
       0
       0
       0
       0
       0
       0
       0
       0
       0
       0
       0
       0
       0
       0
       0
       0
       0
       0
       0
       0
       0
       0
       0
       0
       0
       0
       0
       0
       0
       0
       0
       0
       0
       0
       0
       0
       0
       0
       0
       0
       0
$ROI:
1
921 1079
$PRESETS:
None
0
0
$ENER_FIT:
0.000000 6.583851
$MCA_CAL:
3
0.000000E+000 6.583851E+000 0.000000E+000 keV
$SHAPE_CAL:
3
0.000000E+000 0.000000E+000 0.000000E+000
