$SPEC_ID:
Run 608, Background
$SPEC_REM:
DET# 1
DETDESC# Electrostatic MCA
AP# Maestro Version 6.08
$DATE_MEA:
09/24/2020 16:21:39
$MEAS_TIM:
865581 1148486
$DATA:
0 2047
       0
       0
       0
       1
       0
       0
       0
       0
       0
       0
       0
       0
       0
       0
       0
       0
       0
       0
       1
       0
       1
       0
       0
       0
       0
       0
       0
       0
       0
       0
       0
       0
       0
       0
       0
       0
       0
       0
       0
       0
       0
       1
       0
       0
       0
       0
       0
       1
       0
       0
       0
       0
       0
       0
       0
       0
       0
       0
       0
       0
       0
       1
       0
       0
       0
       0
       7
       3
      14
  950136
243164451
309414981
306767974
304383320
302050497
299876764
297802574
295757495
293756556
291820320
289940691
288058985
286230385
284325447
282451782
280526253
278637685
276661145
274703897
272658205
270643951
268547478
266419934
264243211
262076370
259835528
257552259
255219789
252866521
250498318
248081590
245625321
243132295
240580499
238036451
235447411
232862223
230213469
227589408
224926124
222232328
219525351
216808725
214028131
211305233
208531735
205793011
203021365
200207911
197451388
194694650
191896494
189115309
186313687
183550562
180755367
178020638
175261651
172503555
169788788
167039393
164345695
161640626
158945152
156274591
153649007
151005635
148400645
145797598
143212854
140653555
138145260
135628953
133159974
130698659
128240738
125846887
123454554
121130746
118781154
116478111
114196664
111933779
109705053
107540723
105376360
103245322
101118585
99068546
97014009
94986910
93028705
91052379
89115443
87259407
85365878
83516265
81726511
79933011
78204648
76464363
74773176
73111549
71483790
69881699
68309472
66774673
65242833
63768819
62305141
60873170
59463131
58061793
56730508
55394419
54097080
52824467
51572694
50354020
49137231
47967685
46821362
45701803
44600822
43504752
42446547
41418924
40409728
39410728
38448673
37501479
36565059
35663671
34768380
33898295
33068542
32233172
31416238
30613925
29856032
29091290
28347930
27633121
26926264
26231732
25559528
24911302
24266256
23635396
23018276
22427257
21838871
21278712
20720136
20167830
19646422
19121455
18621480
18135799
17655365
17188216
16725692
16278956
15851098
15425485
15009658
14608831
14222655
13830849
13460781
13096591
12746591
12399719
12058254
11734206
11410752
11099701
10804968
10505543
10213831
 9929907
 9652998
 9391737
 9129123
 8880276
 8626539
 8394774
 8159680
 7928435
 7708746
 7491886
 7285283
 7075691
 6876558
 6687252
 6498866
 6311993
 6138499
 5962266
 5793120
 5631510
 5472638
 5317852
 5159294
 5014563
 4867969
 4732224
 4594966
 4462470
 4336625
 4208289
 4092989
 3972253
 3855941
 3745922
 3638796
 3530589
 3429193
 3326265
 3228154
 3134926
 3044608
 2951674
 2865373
 2785562
 2701202
 2622811
 2543115
 2469441
 2396095
 2323558
 2254938
 2187585
 2122670
 2057901
 1995775
 1936995
 1878219
 1822435
 1768953
 1715584
 1664577
 1611549
 1562083
 1515273
 1470923
 1424895
 1381447
 1338411
 1299763
 1260227
 1222398
 1183186
 1148603
 1111932
 1078239
 1044346
 1013367
  980693
  951377
  919646
  893435
  865592
  836449
  812480
  786809
  761268
  738627
  714246
  693663
  670147
  651318
  627084
  609079
  589797
  570523
  553289
  533778
  517897
  501106
  485878
  469039
  454450
  439933
  424884
  412210
  397575
  385221
  372470
  361614
  349020
  337770
  326316
  316000
  306947
  295573
  285946
  276882
  267722
  259447
  249626
  241443
  234144
  226693
  218493
  211469
  204425
  196621
  191027
  184645
  178223
  172717
  167370
  160759
  155909
  150286
  144375
  140598
  136505
  130576
  126939
  122014
  118239
  113986
  110488
  106323
  102682
   99354
   96245
   91950
   89361
   85712
   83116
   80473
   77358
   74540
   72358
   69455
   67485
   64216
   62777
   60572
   58251
   55917
   54070
   52453
   50087
   48918
   47148
   45310
   43388
   42129
   40612
   39032
   37757
   36318
   34588
   33610
   32818
   31379
   30074
   29211
   28022
   27303
   26357
   25189
   24282
   23301
   22369
   21691
   20627
   19807
   19027
   18426
   17845
   17114
   16519
   16001
   15251
   14638
   14406
   13439
   13152
   12630
   12135
   11612
   11254
   10993
   10403
   10081
    9674
    9198
    8950
    8683
    8194
    8039
    7629
    7324
    6932
    6769
    6405
    6072
    6013
    5801
    5545
    5363
    5114
    4908
    4814
    4489
    4386
    4243
    3997
    3867
    3672
    3495
    3335
    3243
    3132
    2981
    2941
    2709
    2746
    2536
    2462
    2374
    2267
    2149
    2051
    1947
    1921
    1835
    1711
    1651
    1661
    1518
    1428
    1382
    1434
    1359
    1252
    1142
    1176
    1088
    1099
     985
     986
     985
     919
     870
     779
     779
     775
     761
     710
     650
     621
     614
     559
     582
     586
     528
     486
     453
     439
     446
     438
     439
     357
     388
     375
     355
     316
     283
     289
     303
     292
     291
     257
     247
     262
     221
     219
     190
     203
     175
     195
     191
     185
     161
     184
     141
     174
     141
     132
     129
     134
     139
     113
     130
     125
     118
      97
     105
      95
     105
      87
      80
     102
      77
     101
      80
      76
      74
      75
      70
      65
      70
      64
      54
      60
      66
      68
      55
      40
      57
      64
      54
      38
      44
      42
      39
      48
      36
      38
      39
      50
      33
      38
      43
      35
      33
      40
      32
      16
      22
      29
      28
      27
      32
      43
      30
      29
      26
      22
      14
      23
      33
      20
      28
      25
      20
      18
      22
      22
      14
      17
      17
      27
      14
      24
      18
      13
      18
      19
      20
      14
       9
      13
      13
      17
      11
      11
      13
       8
       5
      11
      14
      12
       4
       8
       7
       9
       6
      11
      14
      15
       8
       2
       6
       9
       7
       9
       4
       8
       7
       8
       8
       6
      10
       8
       5
       3
       4
       2
       3
       4
      10
       4
       5
      10
       7
       8
       3
       4
       4
       8
       2
       2
       5
       6
       4
       6
       2
       4
       6
       8
       7
       6
       3
       1
       1
       2
       1
       3
       5
       4
       2
       8
       3
       1
       3
       3
       4
       3
       3
       2
       1
       0
       1
       1
       4
       4
       5
       3
       1
       3
       1
       0
       4
       3
       4
       1
       3
       2
       2
       4
       2
       3
       2
       3
       4
       3
       5
       3
       2
       6
       1
       2
       2
       1
       2
       2
       3
       2
       5
       2
       1
       1
       0
       1
       2
       4
       2
       3
       2
       2
       4
       2
       2
       1
       3
       6
       1
       4
       1
       1
       2
       1
       3
       0
       8
       2
       3
       2
       4
       7
       4
       2
       3
       3
       0
       2
       3
       2
       3
       5
       4
       1
       4
       2
       3
       1
       3
       2
       2
       6
       2
       4
       5
       2
       2
       3
       2
       3
       2
       4
       4
       5
       4
       4
       8
       4
       5
       5
       8
       5
       3
       7
       5
      10
       3
       4
       3
       4
       4
       8
       9
       6
       3
       8
       6
       7
       2
      12
       5
       6
      11
       4
      11
       4
      10
       8
       6
      13
      10
       9
      11
       9
       9
       7
       6
      15
       8
       7
      14
       9
      12
       8
      15
       9
       7
       9
       9
      12
      12
      12
       9
      10
      10
      18
      11
      13
       8
       9
       9
      13
       9
      11
       7
      11
      10
      10
      12
      17
       4
      10
       8
       5
       6
       8
       9
       4
       5
      12
       7
       4
       7
       4
       9
       5
       6
       7
       8
       8
       5
       5
       3
       7
       5
       3
       4
       3
       3
       4
       2
       1
       2
       5
       0
       4
       3
       2
       3
       2
       3
       3
       0
       2
       4
       1
       4
       0
       3
       1
       4
       3
       0
       3
       0
       1
       3
       1
       1
       0
       2
       1
       1
       1
       1
       1
       1
       1
       2
       2
       1
       0
       1
       0
       0
       0
       0
       3
       0
       1
       1
       0
       0
       2
       0
       1
       2
       1
       1
       0
       2
       1
       0
       1
       0
       1
       1
       1
       1
       0
       2
       3
       1
       2
       0
       1
       0
       2
       0
       0
       1
       2
       0
       0
       0
       1
       1
       0
       0
       1
       0
       0
       0
       0
       2
       1
       1
       1
       1
       1
       1
       0
       0
       0
       0
       0
       2
       1
       2
       1
       0
       0
       0
       1
       1
       1
       2
       0
       0
       1
       0
       0
       0
       0
       1
       0
       2
       0
       0
       1
       0
       1
       0
       0
       1
       0
       0
       0
       0
       0
       0
       1
       1
       0
       0
       0
       0
       0
       0
       0
       0
       0
       0
       0
       0
       0
       0
       0
       0
       0
       0
       0
       0
       1
       1
       0
       1
       1
       0
       0
       0
       0
       2
       0
       1
       1
       0
       0
       0
       0
       0
       1
       0
       0
       0
       0
       0
       0
       0
       1
       0
       0
       0
       1
       1
       2
       1
       0
       0
       0
       2
       0
       0
       0
       1
       0
       0
       0
       0
       0
       0
       1
       0
       0
       0
       0
       0
       0
       0
       0
       0
       0
       1
       0
       0
       0
       0
       0
       0
       0
       0
       0
       0
       1
       1
       0
       0
       0
       2
       1
       0
       0
       1
       0
       0
       0
       1
       1
       0
       0
       0
       0
       0
       0
       0
       1
       0
       1
       0
       0
       1
       0
       1
       1
       0
       0
       1
       0
       1
       0
       0
       0
       0
       0
       0
       1
       1
       0
       2
       0
       0
       0
       0
       0
       0
       1
       0
       0
       1
       1
       0
       1
       0
       2
       0
       0
       1
       0
       0
       0
       0
       0
       0
       0
       1
       0
       0
       0
       1
       1
       1
       0
       0
       0
       0
       0
       0
       1
       0
       0
       1
       0
       3
       1
       1
       0
       2
       0
       0
       0
       0
       0
       0
       0
       0
       0
       0
       0
       0
       1
       1
       0
       1
       1
       0
       0
       0
       0
       0
       0
       0
       0
       0
       0
       1
       0
       0
       0
       0
       0
       1
       1
       1
       0
       0
       0
       0
       0
       0
       0
       0
       0
       1
       0
       0
       0
       0
       0
       0
       0
       0
       0
       0
       1
       0
       0
       0
       0
       2
       0
       0
       1
       1
       0
       0
       0
       0
       1
       0
       0
       0
       0
       1
       0
       0
       1
       0
       0
       0
       0
       0
       0
       0
       0
       0
       1
       0
       0
       0
       0
       1
       0
       0
       0
       0
       1
       0
       0
       0
       0
       0
       0
       0
       0
       0
       0
       0
       0
       0
       0
       0
       0
       0
       0
       1
       0
       0
       0
       0
       0
       0
       0
       0
       0
       0
       0
       0
       0
       1
       0
       0
       0
       0
       1
       1
       0
       0
       0
       0
       0
       0
       0
       0
       0
       2
       0
       0
       0
       0
       0
       0
       0
       0
       1
       0
       0
       0
       0
       0
       0
       0
       1
       0
       0
       0
       0
       0
       1
       0
       1
       0
       0
       1
       0
       0
       0
       0
       1
       0
       0
       0
       0
       0
       0
       0
       0
       0
       0
       0
       0
       0
       0
       0
       0
       1
       1
       1
       0
       0
       1
       0
       0
       1
       1
       0
       0
       1
       0
       0
       0
       1
       0
       0
       0
       0
       1
       0
       0
       0
       0
       0
       0
       0
       0
       1
       0
       0
       0
       0
       0
       1
       0
       0
       0
       0
       0
       0
       0
       0
       0
       0
       0
       0
       0
       0
       0
       0
       1
       0
       0
       0
       0
       0
       0
       0
       0
       0
       0
       0
       0
       0
       0
       0
       0
       0
       0
       0
       0
       0
       0
       0
       0
       0
       0
       0
       0
       0
       0
       0
       0
       1
       0
       0
       0
       0
       0
       0
       0
       0
       0
       0
       0
       1
       0
       0
       0
       0
       0
       0
       0
       1
       0
       0
       0
       0
       0
       0
       0
       0
       0
       0
       0
       0
       0
       0
       0
       0
       1
       0
       0
       0
       0
       0
       1
       0
       0
       0
       0
       0
       0
       0
       0
       0
       0
       0
       0
       0
       0
       0
       0
       0
       0
       0
       0
       0
       0
       0
       0
       0
       0
       0
       1
       0
       0
       0
       0
       0
       0
       0
       0
       1
       0
       0
       0
       0
       0
       0
       0
       0
       0
       0
       0
       0
       0
       1
       0
       0
       0
       0
       0
       0
       1
       0
       0
       0
       0
       0
       0
       0
       0
       0
       0
       0
       0
       0
       0
       0
       0
       0
       1
       0
       0
       0
       0
       0
       0
       0
       0
       1
       0
       0
       0
       0
       0
       0
       0
       0
       0
       0
       0
       0
       0
       0
       0
       0
       0
       0
       0
       0
       0
       0
       0
       0
       0
       0
       0
       0
       0
       0
       0
       0
       0
       0
       0
       0
       0
       0
       0
       0
       0
       0
       0
       0
       0
       0
       0
       0
       0
       0
       0
       0
       0
       0
       0
       0
       0
       0
       0
       0
       0
       1
       0
       0
       0
       0
       0
       0
       0
       0
       0
       0
       0
       0
       0
       0
       0
       0
       0
       0
       0
       0
       0
       0
       0
       1
       0
       0
       0
       0
       0
       0
       0
       0
       0
       0
       0
       1
       0
       1
       0
       0
       0
       0
       0
       0
       0
       0
       0
       0
       0
       0
       0
       0
       0
       0
       0
       0
       0
       0
       0
       0
       0
       0
       0
       0
       0
       0
       0
       0
       0
       0
       1
       0
       0
       0
       0
       0
       0
       0
       0
       0
       0
       0
       0
       0
       0
       0
       0
       2
       0
       0
       0
       0
       0
       0
       0
       0
       0
       0
       0
       0
       0
       0
       0
       0
       0
       0
       0
       1
       0
       0
       0
       0
       0
       0
       0
       0
       0
       0
       0
       0
       0
       1
       0
       0
       0
       0
       1
       0
       0
       0
       0
       0
       0
       1
       0
       0
       0
       0
       0
       0
       0
       0
       0
       0
       0
       0
       0
       0
       0
       1
       0
       0
       0
       0
       0
       0
       0
       1
       0
       0
       0
       0
       0
       0
       0
       0
       0
       0
       0
       0
       0
       0
       0
       1
       0
       0
       0
       0
       0
       0
       0
       0
       0
       0
       0
       0
       0
       0
       1
       0
       0
       0
       0
       0
       0
       1
       0
       1
       0
       0
       0
       0
       0
       0
       0
       0
       0
       0
       0
       0
       0
       0
       0
       0
       0
       0
       0
       0
       0
       0
       0
       0
       0
       0
       0
       0
       0
       0
       0
       0
       0
       0
       0
       1
       1
       0
       0
       0
       0
       0
       0
       0
       0
       0
       0
       0
       0
       0
       0
       0
       0
       0
       0
       0
       0
       0
       0
       0
       0
       0
       0
       1
       0
       0
       0
       0
       0
       0
       0
       0
       0
       0
       0
       1
       0
       0
       0
       0
       0
       0
       0
       0
       0
       0
       0
       0
       0
       0
       0
       0
       0
       0
       0
       0
       0
       0
       0
       0
       0
       0
       0
       0
       0
       0
       0
       0
       0
       0
       0
       0
       0
       0
$ROI:
1
921 1079
$PRESETS:
None
0
0
$ENER_FIT:
0.000000 6.583851
$MCA_CAL:
3
0.000000E+000 6.583851E+000 0.000000E+000 keV
$SHAPE_CAL:
3
0.000000E+000 0.000000E+000 0.000000E+000
