$SPEC_ID:
Run 608, Background
$SPEC_REM:
DET# 1
DETDESC# Electrostatic MCA
AP# Maestro Version 6.08
$DATE_MEA:
09/24/2020 16:21:39
$MEAS_TIM:
773932 982874
$DATA:
0 2047
       0
       0
       0
       1
       0
       0
       0
       0
       0
       0
       0
       0
       0
       0
       0
       0
       0
       0
       1
       0
       1
       0
       0
       0
       0
       0
       0
       0
       0
       0
       0
       0
       0
       0
       0
       0
       0
       0
       0
       0
       0
       1
       0
       0
       0
       0
       0
       1
       0
       0
       0
       0
       0
       0
       0
       0
       0
       0
       0
       0
       0
       1
       0
       0
       0
       0
       7
       3
      11
  463030
181397670
233862479
231203440
228809877
226509683
224385286
222353201
220405102
218481529
216661349
214909621
213165271
211494668
209762550
208089810
206387182
204708322
202968469
201256073
199497574
197760628
195956792
194140319
192286288
190451699
188563391
186643480
184698269
182708186
180741478
178735083
176684293
174643073
172541208
170461421
168327980
166199721
164040601
161899240
159735077
157550706
155358597
153159951
150935468
148721922
146490076
144289497
142087252
139844907
137642304
135452969
133235155
131025975
128820532
126641140
124450229
122291958
120138169
117982154
115854669
113726642
111626100
109533100
107455059
105388928
103364976
101355019
99340147
97362081
95389275
93444195
91534508
89638268
87767287
85917466
84076478
82278701
80512697
78759870
77025948
75303332
73631730
71967537
70336097
68734204
67161792
65606763
64061220
62565688
61091278
59629584
58226914
56808637
55429308
54100686
52764426
51465744
50189667
48941485
47726977
46516569
45344104
44187056
43064386
41956181
40879118
39832568
38776874
37784009
36795209
35832595
34884667
33948540
33062307
32169655
31308188
30462494
29644476
28847352
28056813
27296919
26549789
25833971
25116276
24412695
23744992
23093831
22455505
21823208
21218877
20633798
20040210
19488914
18929479
18394096
17889865
17376797
16881652
16396913
15935564
15474235
15029141
14609257
14186656
13774816
13380676
12998842
12618958
12253387
11892854
11558427
11223814
10890549
10576617
10264693
 9964652
 9673319
 9392437
 9120565
 8850778
 8590201
 8337442
 8090516
 7855147
 7622561
 7397917
 7181501
 6968546
 6757833
 6561959
 6367281
 6179146
 5996169
 5811791
 5642711
 5469845
 5310933
 5156651
 4999265
 4848350
 4702669
 4559622
 4427300
 4293770
 4164535
 4037691
 3918818
 3800134
 3684187
 3575136
 3467041
 3363944
 3259769
 3163149
 3067045
 2973532
 2882782
 2798835
 2711711
 2629157
 2552947
 2476828
 2399932
 2323328
 2254042
 2185659
 2120434
 2054437
 1990244
 1933269
 1870463
 1817994
 1762945
 1705067
 1654403
 1603863
 1555113
 1508098
 1461765
 1412677
 1370362
 1331378
 1287001
 1249313
 1212322
 1173064
 1137131
 1101856
 1066961
 1035617
 1001503
  971585
  941178
  912648
  882141
  856373
  828734
  803031
  778546
  754359
  731106
  708902
  685193
  662751
  642344
  622735
  602796
  583841
  562972
  547274
  530765
  513867
  496670
  481182
  464830
  450868
  436324
  422925
  409177
  395873
  382247
  371049
  359606
  346393
  336147
  324640
  313774
  303711
  294545
  285190
  274935
  267946
  256246
  249257
  240611
  232622
  225694
  217845
  210638
  203899
  196870
  190305
  183941
  177847
  171876
  165835
  159534
  155009
  149652
  144349
  139472
  134986
  130225
  125843
  122245
  117433
  113747
  110373
  105830
  102688
   98635
   95276
   92311
   88660
   85340
   82951
   80041
   76462
   74607
   72014
   69313
   67214
   64822
   62249
   60269
   58003
   55688
   54256
   52628
   49754
   48780
   46624
   45198
   43596
   42095
   40172
   38868
   37639
   36323
   34864
   33625
   32078
   31562
   30262
   28876
   27887
   27292
   25999
   25012
   23881
   23258
   22711
   21530
   20652
   19986
   19485
   18451
   18068
   17246
   16582
   15909
   15190
   14707
   14376
   13619
   13168
   12499
   12145
   11937
   11271
   10865
   10538
   10012
    9772
    9395
    8962
    8699
    8403
    7974
    7841
    7311
    7088
    6769
    6438
    6347
    6136
    5950
    5607
    5433
    5151
    5009
    4689
    4559
    4391
    4214
    3967
    4029
    3903
    3638
    3527
    3409
    3252
    3066
    2997
    2912
    2801
    2713
    2588
    2415
    2381
    2182
    2137
    2109
    1987
    1891
    1849
    1794
    1660
    1611
    1562
    1481
    1483
    1345
    1312
    1267
    1227
    1125
    1139
    1085
     992
    1011
     931
     912
     860
     843
     803
     800
     723
     735
     661
     677
     608
     623
     591
     550
     538
     526
     468
     472
     485
     420
     393
     433
     407
     384
     355
     347
     343
     347
     346
     284
     313
     256
     282
     262
     245
     238
     233
     182
     213
     220
     208
     197
     191
     163
     172
     172
     166
     148
     146
     146
     155
     118
     116
     137
     118
     131
     127
     113
     118
     113
      99
      99
      96
      85
      77
     100
      84
      89
      74
      87
      74
      89
      75
      74
      68
      73
      63
      67
      79
      62
      61
      46
      67
      61
      62
      55
      42
      64
      50
      58
      52
      45
      42
      48
      48
      40
      41
      46
      33
      45
      41
      46
      40
      27
      42
      49
      35
      25
      29
      32
      26
      32
      27
      19
      28
      37
      24
      24
      37
      25
      24
      32
      25
      14
      18
      25
      25
      22
      28
      38
      23
      22
      20
      20
      12
      18
      27
      16
      24
      25
      15
      15
      19
      18
      11
      17
      16
      22
      14
      20
      17
      13
      16
      18
      19
      10
       7
      11
      12
      15
       9
      11
      12
       7
       4
       9
      10
      11
       4
       8
       7
       8
       5
      11
      12
      12
       8
       2
       6
       8
       5
       8
       3
       7
       7
       8
       7
       6
       7
       7
       4
       2
       4
       2
       3
       3
      10
       3
       5
      10
       6
       7
       3
       4
       3
       8
       2
       2
       4
       5
       4
       4
       2
       2
       6
       8
       7
       6
       3
       1
       1
       2
       1
       3
       5
       4
       2
       7
       3
       0
       2
       1
       4
       3
       3
       1
       1
       0
       1
       0
       3
       4
       4
       3
       1
       2
       0
       0
       4
       3
       4
       1
       3
       2
       2
       4
       1
       3
       2
       3
       4
       3
       4
       2
       2
       4
       0
       2
       2
       1
       1
       1
       2
       1
       2
       2
       1
       0
       0
       1
       0
       4
       2
       3
       2
       1
       4
       2
       2
       1
       2
       4
       1
       3
       1
       0
       2
       1
       3
       0
       6
       2
       3
       2
       3
       5
       3
       2
       2
       3
       0
       1
       3
       2
       1
       4
       3
       1
       1
       2
       3
       1
       3
       1
       2
       3
       1
       3
       5
       1
       2
       3
       2
       2
       1
       3
       3
       5
       3
       4
       5
       4
       4
       4
       7
       5
       2
       7
       4
       9
       2
       4
       3
       2
       4
       7
       8
       5
       3
       7
       5
       7
       2
      11
       4
       5
      11
       3
       9
       3
       9
       7
       6
      12
       8
       9
      11
       9
       9
       6
       6
      14
       7
       7
      13
       9
       9
       8
      13
       9
       7
       8
       7
      12
      12
      12
       9
       9
       8
      16
      10
      11
       6
       7
       9
      13
       9
      11
       7
      10
       9
      10
      11
      14
       4
       9
       7
       5
       5
       7
       9
       3
       4
      10
       7
       4
       7
       4
       6
       5
       6
       6
       7
       7
       5
       5
       3
       7
       5
       3
       4
       3
       2
       4
       1
       0
       2
       5
       0
       3
       2
       2
       2
       2
       2
       2
       0
       2
       3
       1
       4
       0
       1
       0
       4
       2
       0
       2
       0
       1
       1
       1
       1
       0
       2
       1
       0
       0
       1
       1
       0
       1
       1
       0
       1
       0
       1
       0
       0
       0
       0
       3
       0
       1
       0
       0
       0
       2
       0
       1
       2
       1
       0
       0
       1
       0
       0
       1
       0
       1
       1
       1
       1
       0
       2
       2
       1
       1
       0
       1
       0
       2
       0
       0
       1
       1
       0
       0
       0
       1
       1
       0
       0
       1
       0
       0
       0
       0
       2
       1
       1
       1
       1
       1
       1
       0
       0
       0
       0
       0
       2
       1
       0
       1
       0
       0
       0
       1
       1
       1
       2
       0
       0
       1
       0
       0
       0
       0
       1
       0
       1
       0
       0
       1
       0
       1
       0
       0
       1
       0
       0
       0
       0
       0
       0
       1
       1
       0
       0
       0
       0
       0
       0
       0
       0
       0
       0
       0
       0
       0
       0
       0
       0
       0
       0
       0
       0
       1
       1
       0
       1
       1
       0
       0
       0
       0
       2
       0
       1
       1
       0
       0
       0
       0
       0
       1
       0
       0
       0
       0
       0
       0
       0
       0
       0
       0
       0
       1
       1
       1
       1
       0
       0
       0
       2
       0
       0
       0
       1
       0
       0
       0
       0
       0
       0
       1
       0
       0
       0
       0
       0
       0
       0
       0
       0
       0
       1
       0
       0
       0
       0
       0
       0
       0
       0
       0
       0
       1
       0
       0
       0
       0
       2
       0
       0
       0
       1
       0
       0
       0
       1
       0
       0
       0
       0
       0
       0
       0
       0
       0
       0
       1
       0
       0
       0
       0
       1
       1
       0
       0
       0
       0
       1
       0
       0
       0
       0
       0
       0
       1
       1
       0
       2
       0
       0
       0
       0
       0
       0
       1
       0
       0
       1
       1
       0
       1
       0
       2
       0
       0
       1
       0
       0
       0
       0
       0
       0
       0
       1
       0
       0
       0
       1
       0
       1
       0
       0
       0
       0
       0
       0
       1
       0
       0
       1
       0
       3
       1
       1
       0
       2
       0
       0
       0
       0
       0
       0
       0
       0
       0
       0
       0
       0
       1
       1
       0
       1
       1
       0
       0
       0
       0
       0
       0
       0
       0
       0
       0
       1
       0
       0
       0
       0
       0
       1
       1
       1
       0
       0
       0
       0
       0
       0
       0
       0
       0
       1
       0
       0
       0
       0
       0
       0
       0
       0
       0
       0
       1
       0
       0
       0
       0
       2
       0
       0
       1
       1
       0
       0
       0
       0
       1
       0
       0
       0
       0
       1
       0
       0
       1
       0
       0
       0
       0
       0
       0
       0
       0
       0
       1
       0
       0
       0
       0
       1
       0
       0
       0
       0
       1
       0
       0
       0
       0
       0
       0
       0
       0
       0
       0
       0
       0
       0
       0
       0
       0
       0
       0
       1
       0
       0
       0
       0
       0
       0
       0
       0
       0
       0
       0
       0
       0
       1
       0
       0
       0
       0
       1
       1
       0
       0
       0
       0
       0
       0
       0
       0
       0
       2
       0
       0
       0
       0
       0
       0
       0
       0
       1
       0
       0
       0
       0
       0
       0
       0
       1
       0
       0
       0
       0
       0
       1
       0
       1
       0
       0
       0
       0
       0
       0
       0
       1
       0
       0
       0
       0
       0
       0
       0
       0
       0
       0
       0
       0
       0
       0
       0
       0
       1
       1
       1
       0
       0
       1
       0
       0
       1
       1
       0
       0
       1
       0
       0
       0
       1
       0
       0
       0
       0
       1
       0
       0
       0
       0
       0
       0
       0
       0
       1
       0
       0
       0
       0
       0
       1
       0
       0
       0
       0
       0
       0
       0
       0
       0
       0
       0
       0
       0
       0
       0
       0
       1
       0
       0
       0
       0
       0
       0
       0
       0
       0
       0
       0
       0
       0
       0
       0
       0
       0
       0
       0
       0
       0
       0
       0
       0
       0
       0
       0
       0
       0
       0
       0
       0
       1
       0
       0
       0
       0
       0
       0
       0
       0
       0
       0
       0
       0
       0
       0
       0
       0
       0
       0
       0
       1
       0
       0
       0
       0
       0
       0
       0
       0
       0
       0
       0
       0
       0
       0
       0
       0
       1
       0
       0
       0
       0
       0
       0
       0
       0
       0
       0
       0
       0
       0
       0
       0
       0
       0
       0
       0
       0
       0
       0
       0
       0
       0
       0
       0
       0
       0
       0
       0
       0
       0
       1
       0
       0
       0
       0
       0
       0
       0
       0
       1
       0
       0
       0
       0
       0
       0
       0
       0
       0
       0
       0
       0
       0
       1
       0
       0
       0
       0
       0
       0
       1
       0
       0
       0
       0
       0
       0
       0
       0
       0
       0
       0
       0
       0
       0
       0
       0
       0
       1
       0
       0
       0
       0
       0
       0
       0
       0
       1
       0
       0
       0
       0
       0
       0
       0
       0
       0
       0
       0
       0
       0
       0
       0
       0
       0
       0
       0
       0
       0
       0
       0
       0
       0
       0
       0
       0
       0
       0
       0
       0
       0
       0
       0
       0
       0
       0
       0
       0
       0
       0
       0
       0
       0
       0
       0
       0
       0
       0
       0
       0
       0
       0
       0
       0
       0
       0
       0
       0
       0
       1
       0
       0
       0
       0
       0
       0
       0
       0
       0
       0
       0
       0
       0
       0
       0
       0
       0
       0
       0
       0
       0
       0
       0
       0
       0
       0
       0
       0
       0
       0
       0
       0
       0
       0
       0
       1
       0
       1
       0
       0
       0
       0
       0
       0
       0
       0
       0
       0
       0
       0
       0
       0
       0
       0
       0
       0
       0
       0
       0
       0
       0
       0
       0
       0
       0
       0
       0
       0
       0
       0
       1
       0
       0
       0
       0
       0
       0
       0
       0
       0
       0
       0
       0
       0
       0
       0
       0
       2
       0
       0
       0
       0
       0
       0
       0
       0
       0
       0
       0
       0
       0
       0
       0
       0
       0
       0
       0
       1
       0
       0
       0
       0
       0
       0
       0
       0
       0
       0
       0
       0
       0
       1
       0
       0
       0
       0
       1
       0
       0
       0
       0
       0
       0
       1
       0
       0
       0
       0
       0
       0
       0
       0
       0
       0
       0
       0
       0
       0
       0
       1
       0
       0
       0
       0
       0
       0
       0
       1
       0
       0
       0
       0
       0
       0
       0
       0
       0
       0
       0
       0
       0
       0
       0
       1
       0
       0
       0
       0
       0
       0
       0
       0
       0
       0
       0
       0
       0
       0
       1
       0
       0
       0
       0
       0
       0
       1
       0
       1
       0
       0
       0
       0
       0
       0
       0
       0
       0
       0
       0
       0
       0
       0
       0
       0
       0
       0
       0
       0
       0
       0
       0
       0
       0
       0
       0
       0
       0
       0
       0
       0
       0
       0
       0
       0
       1
       0
       0
       0
       0
       0
       0
       0
       0
       0
       0
       0
       0
       0
       0
       0
       0
       0
       0
       0
       0
       0
       0
       0
       0
       0
       0
       1
       0
       0
       0
       0
       0
       0
       0
       0
       0
       0
       0
       1
       0
       0
       0
       0
       0
       0
       0
       0
       0
       0
       0
       0
       0
       0
       0
       0
       0
       0
       0
       0
       0
       0
       0
       0
       0
       0
       0
       0
       0
       0
       0
       0
       0
       0
       0
       0
       0
       0
$ROI:
1
921 1079
$PRESETS:
None
0
0
$ENER_FIT:
0.000000 6.583851
$MCA_CAL:
3
0.000000E+000 6.583851E+000 0.000000E+000 keV
$SHAPE_CAL:
3
0.000000E+000 0.000000E+000 0.000000E+000
