$SPEC_ID:
Run 608, Background
$SPEC_REM:
DET# 1
DETDESC# Electrostatic MCA
AP# Maestro Version 6.08
$DATE_MEA:
09/24/2020 16:21:39
$MEAS_TIM:
621213 709253
$DATA:
0 2047
       0
       0
       0
       1
       0
       0
       0
       0
       0
       0
       0
       0
       0
       0
       0
       0
       0
       0
       1
       0
       1
       0
       0
       0
       0
       0
       0
       0
       0
       0
       0
       0
       0
       0
       0
       0
       0
       0
       0
       0
       0
       1
       0
       0
       0
       0
       0
       1
       0
       0
       0
       0
       0
       0
       0
       0
       0
       0
       0
       0
       0
       1
       0
       0
       0
       0
       5
       0
       5
   69866
70494903
92270149
89859187
87727383
85749968
83972992
82341768
80830293
79419747
78102047
76917109
75798547
74736385
73704750
72704405
71747879
70839185
69923617
69055800
68179079
67340136
66470553
65630206
64765281
63932057
63079081
62219213
61359843
60486078
59632103
58763873
57888358
57026015
56152949
55266224
54371420
53494207
52596310
51722075
50825435
49944724
49053261
48166218
47277482
46392964
45501827
44627379
43744753
42872686
42001539
41143975
40274614
39412241
38570304
37735452
36903631
36063895
35249727
34431318
33627815
32838679
32045337
31269246
30491725
29739809
28988502
28252372
27526406
26806377
26088290
25392729
24707636
24040614
23379237
22732031
22082236
21455201
20843211
20243608
19643825
19060718
18495257
17931159
17386995
16849300
16328737
15817333
15315929
14829625
14347643
13882110
13430397
12991268
12553841
12135812
11728460
11323612
10935703
10556914
10179959
 9828086
 9478956
 9141482
 8812485
 8489101
 8178877
 7883743
 7588271
 7305821
 7028984
 6764185
 6506409
 6258553
 6020737
 5780200
 5557436
 5339808
 5125873
 4922829
 4725723
 4538957
 4350765
 4175850
 4002381
 3837131
 3678796
 3530150
 3380722
 3238361
 3099006
 2968890
 2837374
 2719756
 2601392
 2487734
 2380077
 2276141
 2179074
 2080613
 1988284
 1899237
 1815265
 1733202
 1652452
 1579196
 1509138
 1440275
 1374938
 1310147
 1251239
 1192556
 1135490
 1082043
 1031998
  982491
  938500
  893347
  850013
  811099
  771861
  734726
  697635
  665800
  635025
  602622
  574075
  546837
  518812
  493159
  470303
  446725
  424946
  405404
  383703
  365407
  346637
  330087
  313850
  297668
  283925
  268491
  255916
  243107
  230644
  220066
  207872
  198375
  188478
  179073
  169621
  161617
  153638
  146120
  138872
  132192
  125081
  118494
  112782
  107302
  101913
   97581
   92152
   88130
   83295
   79556
   76026
   72287
   68493
   65418
   62129
   58536
   56363
   53346
   50925
   48610
   46342
   44224
   42030
   40009
   38780
   36515
   35014
   33245
   31858
   30757
   28802
   27609
   26500
   25322
   24444
   23152
   22273
   21610
   20621
   19490
   19043
   18302
   17299
   16582
   16195
   15358
   14709
   14013
   13620
   13185
   12560
   12105
   11843
   11421
   10925
   10625
   10236
    9749
    9548
    9112
    8863
    8522
    8377
    8084
    7868
    7364
    7257
    7076
    6779
    6606
    6627
    6347
    6084
    5743
    5707
    5473
    5336
    5168
    5026
    4971
    4773
    4630
    4567
    4285
    4341
    4101
    4046
    3882
    3849
    3848
    3546
    3578
    3472
    3299
    3297
    3134
    3053
    3030
    2967
    2918
    2869
    2739
    2718
    2607
    2527
    2447
    2428
    2349
    2214
    2181
    2164
    2114
    2029
    2044
    1939
    1873
    1863
    1855
    1809
    1718
    1687
    1718
    1634
    1615
    1512
    1551
    1494
    1446
    1442
    1325
    1266
    1311
    1206
    1254
    1179
    1127
    1191
    1144
    1160
    1093
    1051
    1013
     990
     979
     910
     885
     891
     859
     821
     828
     840
     766
     811
     786
     737
     666
     687
     654
     657
     613
     610
     599
     583
     558
     558
     509
     527
     530
     496
     511
     476
     443
     466
     413
     434
     419
     400
     374
     365
     366
     345
     334
     317
     328
     318
     299
     295
     258
     266
     271
     284
     229
     231
     255
     225
     243
     190
     205
     185
     176
     198
     182
     186
     176
     155
     145
     151
     139
     139
     139
     134
     132
     111
     120
      92
      88
     100
      79
     120
      88
      83
      79
      93
      75
      89
      81
      59
      72
      71
      64
      66
      60
      62
      54
      50
      43
      46
      40
      43
      47
      42
      40
      35
      36
      39
      31
      22
      33
      19
      27
      22
      25
      22
      27
      23
      17
      16
      20
      22
      23
      12
      16
      16
      14
      13
      18
      12
      14
      11
      20
       9
      10
       8
       7
       8
      10
      13
       7
       6
       7
       6
       9
       7
       7
       8
       5
       6
       4
       6
       4
       3
       4
       2
       4
       7
       3
       3
       1
       1
       0
       5
       7
       1
       1
       1
       2
       3
       4
       4
       3
       1
       1
       0
       1
       0
       1
       1
       2
       0
       2
       4
       1
       1
       2
       0
       0
       0
       0
       1
       2
       1
       1
       2
       0
       0
       0
       2
       1
       2
       0
       0
       0
       1
       0
       2
       3
       0
       0
       0
       0
       0
       3
       0
       2
       0
       2
       0
       0
       1
       0
       2
       0
       0
       0
       3
       1
       1
       1
       1
       1
       1
       0
       2
       5
       0
       1
       1
       3
       0
       0
       0
       4
       0
       0
       0
       1
       1
       0
       0
       2
       0
       1
       0
       1
       1
       1
       0
       0
       1
       0
       0
       0
       0
       0
       1
       1
       1
       0
       0
       0
       0
       0
       0
       0
       0
       3
       0
       0
       0
       0
       0
       1
       1
       0
       1
       1
       1
       1
       0
       0
       0
       2
       1
       0
       1
       0
       0
       0
       0
       0
       1
       2
       0
       2
       0
       0
       1
       0
       0
       0
       1
       3
       1
       3
       0
       0
       0
       1
       1
       1
       1
       1
       0
       0
       0
       0
       0
       2
       1
       2
       0
       0
       0
       0
       3
       0
       0
       0
       0
       0
       1
       1
       0
       2
       0
       1
       0
       1
       2
       0
       1
       1
       0
       0
       1
       0
       1
       1
       2
       0
       0
       1
       1
       0
       0
       1
       0
       1
       1
       3
       1
       0
       1
       1
       1
       0
       2
       3
       1
       0
       1
       0
       1
       0
       2
       0
       4
       1
       1
       0
       1
       0
       1
       1
       1
       1
       0
       1
       1
       1
       1
       2
       2
       1
       0
       0
       0
       0
       1
       0
       0
       2
       1
       1
       4
       0
       0
       2
       2
       1
       0
       1
       3
       3
       2
       2
       4
       3
       1
       3
       4
       2
       2
       7
       3
       7
       2
       3
       3
       1
       3
       6
       7
       4
       3
       4
       3
       6
       1
       7
       4
       3
       7
       3
       6
       2
       9
       7
       5
      10
       7
       8
       8
       9
       8
       5
       4
      12
       5
       5
      11
       8
       9
       6
      12
       7
       7
       7
       5
       8
       9
      10
       7
       9
       5
      14
       9
       8
       5
       6
       9
      10
       7
       9
       6
       6
       9
       8
      11
      11
       3
       6
       5
       4
       4
       6
       6
       3
       3
       6
       5
       3
       6
       3
       4
       4
       5
       3
       6
       6
       4
       4
       2
       4
       4
       2
       4
       3
       1
       4
       0
       0
       1
       2
       0
       2
       1
       2
       1
       1
       0
       1
       0
       0
       1
       1
       1
       0
       0
       0
       3
       1
       0
       1
       0
       0
       0
       0
       0
       0
       2
       1
       0
       0
       1
       0
       0
       1
       1
       0
       0
       0
       1
       0
       0
       0
       0
       3
       0
       0
       0
       0
       0
       1
       0
       0
       1
       1
       0
       0
       1
       0
       0
       0
       0
       1
       1
       0
       1
       0
       1
       1
       1
       0
       0
       0
       0
       1
       0
       0
       1
       0
       0
       0
       0
       0
       1
       0
       0
       1
       0
       0
       0
       0
       2
       1
       1
       1
       0
       1
       1
       0
       0
       0
       0
       0
       1
       1
       0
       0
       0
       0
       0
       0
       1
       1
       1
       0
       0
       0
       0
       0
       0
       0
       0
       0
       0
       0
       0
       0
       0
       1
       0
       0
       0
       0
       0
       0
       0
       0
       0
       1
       1
       0
       0
       0
       0
       0
       0
       0
       0
       0
       0
       0
       0
       0
       0
       0
       0
       0
       0
       0
       0
       1
       0
       0
       1
       0
       0
       0
       0
       0
       1
       0
       0
       0
       0
       0
       0
       0
       0
       0
       0
       0
       0
       0
       0
       0
       0
       0
       0
       0
       0
       1
       1
       1
       1
       0
       0
       0
       1
       0
       0
       0
       0
       0
       0
       0
       0
       0
       0
       0
       0
       0
       0
       0
       0
       0
       0
       0
       0
       0
       0
       0
       0
       0
       0
       0
       0
       0
       0
       0
       0
       1
       0
       0
       0
       0
       0
       0
       0
       0
       1
       0
       0
       0
       1
       0
       0
       0
       0
       0
       0
       0
       0
       0
       0
       0
       0
       0
       0
       0
       0
       1
       0
       0
       0
       0
       0
       0
       0
       0
       0
       0
       0
       1
       0
       0
       1
       0
       0
       0
       0
       0
       0
       0
       0
       0
       1
       1
       0
       0
       0
       1
       0
       0
       0
       0
       0
       0
       0
       0
       0
       0
       0
       0
       0
       0
       0
       0
       0
       0
       0
       0
       0
       0
       0
       1
       0
       0
       1
       0
       2
       0
       1
       0
       0
       0
       0
       0
       0
       0
       0
       0
       0
       0
       0
       0
       0
       1
       1
       0
       1
       1
       0
       0
       0
       0
       0
       0
       0
       0
       0
       0
       0
       0
       0
       0
       0
       0
       1
       0
       1
       0
       0
       0
       0
       0
       0
       0
       0
       0
       1
       0
       0
       0
       0
       0
       0
       0
       0
       0
       0
       1
       0
       0
       0
       0
       1
       0
       0
       0
       1
       0
       0
       0
       0
       1
       0
       0
       0
       0
       1
       0
       0
       0
       0
       0
       0
       0
       0
       0
       0
       0
       0
       1
       0
       0
       0
       0
       1
       0
       0
       0
       0
       1
       0
       0
       0
       0
       0
       0
       0
       0
       0
       0
       0
       0
       0
       0
       0
       0
       0
       0
       0
       0
       0
       0
       0
       0
       0
       0
       0
       0
       0
       0
       0
       0
       1
       0
       0
       0
       0
       1
       0
       0
       0
       0
       0
       0
       0
       0
       0
       0
       0
       0
       0
       0
       0
       0
       0
       0
       0
       1
       0
       0
       0
       0
       0
       0
       0
       0
       0
       0
       0
       0
       0
       1
       0
       0
       0
       0
       0
       0
       0
       0
       0
       1
       0
       0
       0
       0
       0
       0
       0
       0
       0
       0
       0
       0
       0
       0
       0
       0
       0
       0
       1
       0
       0
       1
       0
       0
       0
       1
       0
       0
       0
       0
       0
       0
       0
       0
       0
       0
       0
       1
       0
       0
       0
       0
       0
       0
       0
       0
       1
       0
       0
       0
       0
       0
       0
       0
       0
       0
       0
       0
       0
       0
       0
       0
       0
       0
       0
       0
       0
       0
       0
       1
       0
       0
       0
       0
       0
       0
       0
       0
       0
       0
       0
       0
       0
       0
       0
       0
       0
       0
       0
       0
       0
       0
       0
       0
       0
       0
       0
       0
       0
       0
       0
       0
       1
       0
       0
       0
       0
       0
       0
       0
       0
       0
       0
       0
       0
       0
       0
       0
       0
       0
       0
       0
       1
       0
       0
       0
       0
       0
       0
       0
       0
       0
       0
       0
       0
       0
       0
       0
       0
       1
       0
       0
       0
       0
       0
       0
       0
       0
       0
       0
       0
       0
       0
       0
       0
       0
       0
       0
       0
       0
       0
       0
       0
       0
       0
       0
       0
       0
       0
       0
       0
       0
       0
       1
       0
       0
       0
       0
       0
       0
       0
       0
       1
       0
       0
       0
       0
       0
       0
       0
       0
       0
       0
       0
       0
       0
       1
       0
       0
       0
       0
       0
       0
       1
       0
       0
       0
       0
       0
       0
       0
       0
       0
       0
       0
       0
       0
       0
       0
       0
       0
       1
       0
       0
       0
       0
       0
       0
       0
       0
       1
       0
       0
       0
       0
       0
       0
       0
       0
       0
       0
       0
       0
       0
       0
       0
       0
       0
       0
       0
       0
       0
       0
       0
       0
       0
       0
       0
       0
       0
       0
       0
       0
       0
       0
       0
       0
       0
       0
       0
       0
       0
       0
       0
       0
       0
       0
       0
       0
       0
       0
       0
       0
       0
       0
       0
       0
       0
       0
       0
       0
       0
       0
       0
       0
       0
       0
       0
       0
       0
       0
       0
       0
       0
       0
       0
       0
       0
       0
       0
       0
       0
       0
       0
       0
       0
       0
       0
       0
       0
       0
       0
       0
       0
       0
       0
       0
       0
       1
       0
       1
       0
       0
       0
       0
       0
       0
       0
       0
       0
       0
       0
       0
       0
       0
       0
       0
       0
       0
       0
       0
       0
       0
       0
       0
       0
       0
       0
       0
       0
       0
       0
       0
       1
       0
       0
       0
       0
       0
       0
       0
       0
       0
       0
       0
       0
       0
       0
       0
       0
       0
       0
       0
       0
       0
       0
       0
       0
       0
       0
       0
       0
       0
       0
       0
       0
       0
       0
       0
       0
       0
       0
       0
       0
       0
       0
       0
       0
       0
       0
       0
       0
       0
       0
       1
       0
       0
       0
       0
       0
       0
       0
       0
       0
       0
       0
       1
       0
       0
       0
       0
       0
       0
       0
       0
       0
       0
       0
       0
       0
       0
       0
       1
       0
       0
       0
       0
       0
       0
       0
       1
       0
       0
       0
       0
       0
       0
       0
       0
       0
       0
       0
       0
       0
       0
       0
       1
       0
       0
       0
       0
       0
       0
       0
       0
       0
       0
       0
       0
       0
       0
       1
       0
       0
       0
       0
       0
       0
       0
       0
       1
       0
       0
       0
       0
       0
       0
       0
       0
       0
       0
       0
       0
       0
       0
       0
       0
       0
       0
       0
       0
       0
       0
       0
       0
       0
       0
       0
       0
       0
       0
       0
       0
       0
       0
       0
       0
       1
       0
       0
       0
       0
       0
       0
       0
       0
       0
       0
       0
       0
       0
       0
       0
       0
       0
       0
       0
       0
       0
       0
       0
       0
       0
       0
       0
       0
       0
       0
       0
       0
       0
       0
       0
       0
       0
       0
       0
       0
       0
       0
       0
       0
       0
       0
       0
       0
       0
       0
       0
       0
       0
       0
       0
       0
       0
       0
       0
       0
       0
       0
       0
       0
       0
       0
       0
       0
       0
       0
       0
       0
       0
       0
       0
       0
       0
$ROI:
1
921 1079
$PRESETS:
None
0
0
$ENER_FIT:
0.000000 6.583851
$MCA_CAL:
3
0.000000E+000 6.583851E+000 0.000000E+000 keV
$SHAPE_CAL:
3
0.000000E+000 0.000000E+000 0.000000E+000
