$SPEC_ID:
Run 608, Background
$SPEC_REM:
DET# 1
DETDESC# Electrostatic MCA
AP# Maestro Version 6.08
$DATE_MEA:
09/24/2020 16:21:39
$MEAS_TIM:
918129 1245694
$DATA:
0 2047
       0
       0
       0
       1
       0
       0
       0
       0
       0
       0
       0
       0
       0
       0
       0
       0
       0
       0
       1
       0
       1
       0
       0
       0
       0
       0
       0
       0
       0
       0
       0
       0
       0
       0
       0
       0
       0
       0
       0
       0
       0
       1
       0
       0
       0
       0
       0
       1
       0
       0
       0
       0
       0
       0
       0
       0
       0
       0
       0
       0
       0
       1
       0
       0
       0
       0
       7
       3
      15
 1247028
283440969
358328209
355704782
353294586
350944995
348737286
346592648
344499061
342430816
340402611
338423160
336426894
334483389
332439793
330423367
328339830
326299672
324135092
321989979
319747976
317524214
315210037
312856273
310424507
308017000
305512245
302962081
300351752
297727407
295076833
292359938
289580064
286798376
283903903
281033946
278126558
275190012
272197894
269211433
266197049
263124401
260055398
256960397
253806903
250691529
247521251
244391825
241229067
237999341
234859980
231689659
228481025
225284915
222079018
218889336
215673518
212514241
209337165
206152454
203018705
199832153
196723020
193577287
190451995
187358844
184315312
181229358
178198794
175168453
172159203
169166211
166230718
163291181
160399397
157528932
154637388
151835512
149019444
146278937
143523341
140810190
138126198
135454393
132819339
130254960
127691371
125168262
122659078
120217853
117766717
115365424
113034838
110686250
108375540
106146973
103883056
101688014
99536528
97382263
95310625
93223858
91189757
89200087
87237712
85310784
83420705
81561304
79712293
77911199
76154080
74423743
72714416
71018106
69397792
67780897
66195754
64655163
63126757
61645217
60163981
58735122
57334537
55961974
54613162
53280480
51980580
50719162
49488441
48264903
47086342
45916816
44764501
43666454
42557727
41490542
40463485
39436426
38431957
37444806
36505060
35564207
34652191
33770475
32897678
32040583
31207224
30404687
29608698
28827030
28068115
27336868
26608459
25913711
25226672
24543658
23896686
23251299
22631891
22032603
21433462
20861321
20287418
19735602
19204519
18682854
18172347
17674287
17193135
16714343
16258376
15806645
15376325
14948932
14527132
14129904
13728605
13348192
12983647
12613102
12260422
11909558
11570411
11246483
10924046
10619091
10311034
10024566
 9740200
 9458243
 9186649
 8921483
 8665771
 8415162
 8171463
 7937806
 7709509
 7484618
 7271583
 7056204
 6850636
 6656386
 6462070
 6272865
 6082163
 5907577
 5728989
 5565064
 5402241
 5241463
 5088640
 4933629
 4794613
 4649452
 4510234
 4379074
 4247503
 4119028
 3995716
 3875408
 3758028
 3645060
 3538460
 3427722
 3325155
 3229066
 3128077
 3033781
 2940258
 2852249
 2764146
 2679490
 2598119
 2518903
 2441622
 2365972
 2292407
 2222141
 2154409
 2088523
 2025397
 1961900
 1901233
 1839836
 1782273
 1726564
 1676150
 1622125
 1571380
 1520860
 1475449
 1429466
 1385349
 1340119
 1299863
 1256516
 1217512
 1178474
 1142317
 1104673
 1070448
 1034614
 1004251
  971413
  938632
  911141
  881573
  851838
  825052
  797896
  773812
  747139
  724990
  698474
  677472
  655312
  633598
  614020
  591738
  573076
  554482
  537054
  517793
  501602
  484914
  468235
  453535
  437149
  423198
  409224
  396548
  382696
  370133
  357044
  345243
  335290
  322505
  311745
  301780
  291331
  282137
  271209
  262527
  254115
  245800
  236619
  228906
  220955
  212377
  206143
  198954
  192137
  186093
  179947
  172659
  167532
  161004
  154832
  150746
  146152
  139630
  135558
  130462
  126161
  121536
  117665
  113013
  109091
  105555
  102269
   97523
   94658
   90778
   88016
   85129
   81741
   78668
   76362
   73296
   70991
   67647
   66045
   63660
   61214
   58801
   56699
   54982
   52391
   51233
   49343
   47328
   45368
   43992
   42489
   40719
   39360
   37830
   36038
   34973
   34037
   32588
   31187
   30313
   29029
   28266
   27264
   26094
   25067
   24059
   23068
   22392
   21373
   20434
   19647
   18974
   18355
   17607
   16995
   16423
   15709
   15052
   14788
   13801
   13454
   12949
   12406
   11903
   11517
   11225
   10642
   10305
    9897
    9393
    9130
    8852
    8383
    8206
    7797
    7468
    7070
    6890
    6518
    6165
    6124
    5889
    5620
    5460
    5199
    4989
    4882
    4577
    4458
    4318
    4053
    3926
    3717
    3534
    3378
    3287
    3178
    3026
    2987
    2736
    2780
    2573
    2501
    2408
    2289
    2172
    2083
    1967
    1944
    1859
    1727
    1677
    1676
    1537
    1451
    1403
    1452
    1371
    1269
    1152
    1187
    1097
    1109
     990
     991
     995
     927
     878
     787
     784
     781
     765
     714
     660
     625
     624
     565
     587
     587
     533
     490
     460
     442
     450
     440
     442
     359
     390
     379
     357
     318
     285
     292
     307
     294
     294
     258
     250
     263
     224
     225
     191
     203
     176
     196
     191
     188
     162
     185
     143
     175
     142
     133
     130
     134
     140
     113
     130
     128
     119
      97
     105
      97
     106
      87
      80
     102
      77
     102
      80
      76
      74
      75
      70
      65
      71
      64
      55
      61
      67
      68
      56
      40
      57
      64
      55
      38
      44
      42
      40
      48
      37
      38
      39
      50
      33
      38
      43
      35
      33
      41
      32
      16
      22
      29
      28
      27
      32
      43
      30
      29
      26
      22
      14
      23
      33
      20
      28
      25
      20
      18
      22
      22
      14
      17
      17
      27
      14
      24
      18
      13
      18
      19
      20
      14
       9
      13
      13
      18
      11
      11
      13
       8
       5
      11
      15
      12
       5
       9
       7
       9
       6
      11
      14
      15
       8
       2
       7
      10
       7
       9
       4
       8
       7
       8
       8
       7
      10
       9
       5
       3
       4
       2
       3
       4
      10
       4
       5
      10
       7
       8
       3
       5
       4
       8
       2
       3
       5
       6
       5
       6
       2
       4
       6
       8
       7
       6
       3
       1
       1
       3
       1
       3
       6
       4
       2
       8
       3
       1
       3
       4
       4
       3
       3
       2
       1
       0
       1
       1
       4
       4
       6
       4
       2
       3
       1
       0
       4
       3
       4
       1
       4
       2
       2
       6
       2
       3
       2
       3
       4
       3
       5
       3
       2
       6
       1
       3
       2
       1
       3
       2
       3
       3
       5
       2
       1
       1
       0
       2
       2
       4
       2
       3
       2
       3
       5
       2
       2
       1
       4
       6
       1
       4
       1
       2
       2
       1
       5
       0
       8
       2
       3
       3
       4
       7
       5
       2
       3
       3
       0
       2
       4
       4
       3
       5
       5
       1
       4
       2
       4
       1
       4
       2
       2
       7
       2
       4
       6
       2
       2
       4
       2
       3
       3
       5
       4
       6
       4
       4
       8
       4
       5
       5
       8
       5
       5
       7
       5
      10
       3
       5
       4
       6
       4
       8
       9
       6
       3
       9
       7
       8
       2
      13
       5
       7
      12
       4
      11
       4
      10
       8
       7
      13
      10
       9
      11
      10
      10
       7
       7
      15
      10
       8
      14
       9
      14
      10
      15
       9
       7
       9
      10
      12
      12
      12
      11
      10
      12
      18
      11
      13
       8
       9
       9
      13
       9
      12
       8
      11
      10
      10
      13
      17
       4
      10
       8
       8
       6
       9
       9
       4
       5
      12
       7
       4
       7
       4
       9
       6
       7
       8
       9
       8
       5
       5
       3
       7
       5
       3
       4
       3
       3
       4
       3
       1
       2
       5
       1
       4
       3
       2
       3
       2
       3
       4
       0
       2
       4
       2
       5
       0
       4
       1
       4
       3
       0
       3
       1
       2
       3
       1
       1
       1
       2
       1
       1
       1
       1
       2
       2
       2
       2
       2
       1
       0
       1
       0
       0
       0
       0
       3
       0
       1
       1
       0
       0
       2
       0
       1
       3
       1
       2
       0
       2
       1
       0
       1
       0
       2
       1
       1
       1
       0
       2
       3
       1
       2
       0
       1
       0
       2
       0
       0
       1
       2
       0
       0
       0
       1
       1
       0
       0
       1
       0
       0
       0
       0
       2
       1
       1
       1
       1
       1
       1
       0
       0
       0
       0
       0
       2
       1
       2
       1
       0
       0
       0
       1
       1
       1
       2
       0
       0
       1
       0
       0
       0
       0
       1
       0
       2
       0
       0
       1
       0
       2
       0
       0
       1
       0
       0
       0
       0
       0
       0
       1
       1
       1
       0
       0
       0
       0
       0
       0
       0
       0
       0
       0
       0
       0
       0
       0
       0
       0
       0
       0
       0
       1
       1
       0
       1
       1
       0
       0
       0
       0
       2
       0
       1
       1
       0
       0
       0
       0
       0
       1
       0
       0
       0
       0
       0
       0
       0
       1
       0
       0
       0
       1
       1
       2
       1
       0
       0
       0
       2
       0
       0
       0
       1
       0
       0
       0
       0
       0
       0
       1
       0
       0
       0
       0
       0
       0
       0
       0
       0
       0
       1
       0
       0
       0
       0
       0
       0
       0
       0
       0
       0
       1
       1
       0
       0
       0
       2
       1
       0
       0
       1
       0
       0
       0
       1
       1
       0
       1
       0
       0
       0
       0
       0
       1
       0
       1
       0
       0
       1
       0
       1
       1
       0
       0
       1
       0
       1
       0
       0
       0
       0
       0
       0
       1
       1
       0
       2
       0
       0
       0
       0
       0
       0
       1
       0
       0
       1
       1
       0
       1
       0
       2
       1
       0
       1
       0
       0
       0
       0
       0
       0
       0
       1
       0
       0
       0
       1
       1
       1
       0
       0
       0
       0
       0
       0
       1
       0
       0
       1
       0
       3
       1
       1
       0
       2
       0
       0
       0
       0
       0
       0
       0
       0
       0
       0
       0
       0
       1
       1
       0
       1
       1
       0
       0
       0
       0
       0
       0
       0
       0
       0
       0
       1
       0
       0
       0
       0
       0
       1
       1
       1
       0
       0
       0
       0
       0
       0
       0
       0
       0
       1
       0
       0
       0
       0
       0
       0
       0
       0
       0
       0
       1
       0
       0
       0
       0
       2
       0
       0
       1
       1
       0
       0
       0
       0
       1
       0
       0
       0
       0
       1
       0
       0
       1
       0
       0
       0
       0
       0
       0
       0
       0
       0
       1
       0
       0
       0
       0
       1
       0
       0
       0
       0
       1
       0
       0
       0
       0
       0
       0
       0
       0
       0
       0
       0
       0
       0
       0
       0
       0
       0
       0
       1
       0
       0
       0
       0
       0
       0
       0
       0
       0
       0
       0
       0
       0
       1
       0
       0
       0
       0
       1
       1
       0
       0
       0
       0
       0
       0
       0
       0
       0
       2
       0
       0
       0
       0
       0
       0
       0
       0
       1
       0
       0
       0
       0
       0
       0
       0
       1
       0
       0
       0
       0
       0
       1
       0
       1
       0
       0
       1
       0
       0
       0
       0
       1
       0
       0
       0
       0
       0
       0
       0
       0
       0
       0
       0
       0
       0
       0
       0
       0
       1
       1
       1
       0
       0
       1
       0
       0
       1
       1
       0
       0
       1
       0
       0
       0
       1
       0
       0
       0
       0
       1
       0
       0
       0
       0
       0
       0
       0
       0
       1
       0
       0
       0
       0
       0
       1
       0
       0
       0
       0
       0
       0
       0
       0
       0
       0
       0
       0
       0
       0
       0
       0
       1
       0
       0
       0
       0
       0
       0
       0
       0
       0
       0
       0
       0
       0
       0
       0
       0
       0
       0
       0
       0
       0
       0
       0
       0
       0
       0
       0
       0
       0
       0
       0
       0
       1
       0
       0
       0
       0
       0
       0
       0
       0
       0
       0
       0
       1
       0
       0
       0
       0
       0
       0
       0
       1
       0
       0
       0
       0
       0
       0
       0
       0
       0
       0
       0
       0
       0
       0
       0
       0
       1
       0
       0
       0
       0
       0
       1
       0
       0
       0
       0
       0
       0
       0
       0
       0
       0
       0
       0
       0
       0
       0
       0
       0
       0
       0
       0
       0
       0
       0
       0
       0
       0
       0
       1
       0
       0
       0
       0
       0
       0
       0
       0
       1
       0
       0
       0
       0
       0
       0
       0
       0
       0
       0
       0
       0
       0
       1
       0
       0
       0
       0
       0
       0
       1
       0
       0
       0
       0
       0
       0
       0
       0
       0
       0
       0
       0
       0
       0
       0
       0
       0
       1
       0
       0
       0
       0
       0
       0
       0
       0
       1
       0
       0
       0
       0
       0
       0
       0
       0
       0
       0
       0
       0
       0
       0
       0
       0
       0
       0
       0
       0
       0
       0
       0
       0
       0
       0
       0
       0
       0
       0
       0
       0
       0
       0
       0
       0
       0
       0
       0
       0
       0
       0
       0
       0
       0
       0
       0
       0
       0
       0
       0
       0
       0
       0
       0
       0
       0
       0
       0
       0
       0
       1
       0
       0
       0
       0
       0
       0
       0
       0
       0
       0
       0
       0
       0
       0
       0
       0
       0
       0
       0
       0
       0
       0
       0
       1
       0
       0
       0
       0
       0
       0
       0
       0
       0
       0
       0
       1
       0
       1
       0
       0
       0
       0
       0
       0
       0
       0
       0
       0
       0
       0
       0
       0
       0
       0
       0
       0
       0
       0
       0
       0
       0
       0
       0
       0
       0
       0
       0
       0
       0
       0
       1
       0
       0
       0
       0
       0
       0
       0
       0
       0
       0
       0
       0
       0
       0
       0
       0
       2
       0
       0
       0
       0
       0
       0
       0
       0
       0
       0
       0
       0
       0
       0
       0
       0
       0
       0
       0
       1
       0
       0
       0
       0
       0
       0
       0
       0
       0
       0
       0
       0
       0
       1
       0
       0
       0
       0
       1
       0
       0
       0
       0
       0
       0
       1
       0
       0
       0
       0
       0
       0
       0
       0
       0
       0
       0
       0
       0
       0
       0
       1
       0
       0
       0
       0
       0
       0
       0
       1
       0
       0
       0
       0
       0
       0
       0
       0
       0
       0
       0
       0
       0
       0
       0
       1
       0
       0
       0
       0
       0
       0
       0
       0
       0
       0
       0
       0
       0
       0
       1
       0
       0
       0
       0
       0
       0
       1
       0
       1
       0
       0
       0
       0
       0
       0
       0
       0
       0
       0
       0
       0
       0
       0
       0
       0
       0
       0
       0
       0
       0
       0
       0
       0
       0
       0
       0
       0
       0
       0
       0
       0
       0
       0
       0
       1
       1
       0
       0
       0
       0
       0
       0
       0
       0
       0
       0
       0
       0
       0
       0
       0
       0
       0
       0
       0
       0
       0
       0
       0
       0
       0
       0
       1
       0
       0
       0
       0
       0
       0
       0
       0
       0
       0
       0
       1
       0
       0
       0
       0
       0
       0
       0
       0
       0
       0
       0
       0
       0
       0
       0
       0
       0
       0
       0
       0
       0
       0
       0
       0
       0
       0
       0
       0
       0
       0
       0
       0
       0
       0
       0
       0
       0
       0
$ROI:
1
921 1079
$PRESETS:
None
0
0
$ENER_FIT:
0.000000 6.583851
$MCA_CAL:
3
0.000000E+000 6.583851E+000 0.000000E+000 keV
$SHAPE_CAL:
3
0.000000E+000 0.000000E+000 0.000000E+000
