$SPEC_ID:
Run 608, Background
$SPEC_REM:
DET# 1
DETDESC# Electrostatic MCA
AP# Maestro Version 6.08
$DATE_MEA:
09/24/2020 16:21:39
$MEAS_TIM:
764165 964872
$DATA:
0 2047
       0
       0
       0
       1
       0
       0
       0
       0
       0
       0
       0
       0
       0
       0
       0
       0
       0
       0
       1
       0
       1
       0
       0
       0
       0
       0
       0
       0
       0
       0
       0
       0
       0
       0
       0
       0
       0
       0
       0
       0
       0
       1
       0
       0
       0
       0
       0
       1
       0
       0
       0
       0
       0
       0
       0
       0
       0
       0
       0
       0
       0
       1
       0
       0
       0
       0
       7
       3
      11
  407240
174059815
224907106
222246893
219854337
217548669
215434510
213409511
211467919
209562448
207749139
206016101
204288931
202634280
200925866
199275372
197597279
195945479
194236526
192557438
190826674
189128028
187365597
185594881
183783234
181988370
180135135
178261589
176368582
174424683
172510253
170555893
168557737
166566227
164525994
162500439
160422804
158359127
156259755
154184736
152084451
149963301
147835094
145701678
143544308
141399079
139231741
137105795
134972462
132806135
130675495
128557743
126412706
124275276
122143617
120037292
117925168
115839995
113761616
111681432
109632932
107580200
105562556
103545893
101543612
99549465
97602214
95672747
93739160
91836682
89940018
88074169
86240194
84421708
82624572
80856255
79092124
77370314
75676698
74001836
72341436
70697159
69100528
67508863
65954568
64427000
62921467
61438786
59966792
58543083
57137573
55747406
54413941
53066150
51754347
50493875
49224070
47992955
46782086
45597607
44446189
43300797
42195072
41101026
40036531
38989237
37968757
36982931
35985446
35051384
34118359
33213623
32317559
31436196
30605468
29765773
28957324
28163674
27395264
26646149
25905693
25192885
24493575
23825017
23150652
22497616
21871554
21265601
20667060
20080096
19514808
18972269
18415525
17903498
17385168
16887838
16418458
15942496
15483763
15031784
14605557
14176017
13763685
13377144
12983974
12603190
12239959
11887292
11537042
11199096
10866214
10557572
10247718
 9942000
 9654202
 9365915
 9091212
 8821603
 8564861
 8314329
 8067399
 7826946
 7595555
 7368824
 7152642
 6941269
 6732910
 6534803
 6342510
 6147444
 5970181
 5791295
 5617587
 5450816
 5283226
 5129203
 4971342
 4825212
 4685314
 4542469
 4404623
 4270771
 4140270
 4020848
 3898552
 3781605
 3665273
 3557631
 3448719
 3343288
 3245429
 3146451
 3052977
 2957189
 2870026
 2781886
 2698956
 2615833
 2539205
 2460229
 2385299
 2315594
 2246355
 2177051
 2107400
 2044419
 1982454
 1923495
 1863715
 1805548
 1753785
 1697609
 1649476
 1599871
 1547530
 1501466
 1454761
 1411631
 1369234
 1327131
 1282616
 1244717
 1208988
 1168985
 1135202
 1101355
 1065746
 1033048
 1001717
  969695
  941473
  911330
  884168
  856218
  830309
  802468
  779167
  754747
  731649
  709373
  686983
  666310
  646287
  624593
  604244
  586215
  568151
  549652
  533025
  513993
  500060
  484921
  469615
  453922
  440266
  424815
  412458
  399020
  386930
  374838
  362671
  350132
  340110
  329634
  317551
  308778
  297996
  287912
  279315
  270668
  262207
  252713
  246405
  235853
  229727
  221698
  214315
  207880
  200938
  194470
  188436
  181821
  175590
  170112
  164589
  159024
  153226
  147518
  143641
  138757
  133855
  129308
  125321
  120849
  116790
  113478
  109244
  105770
  102663
   98747
   95608
   91962
   88767
   86185
   82705
   79670
   77477
   74843
   71435
   69961
   67431
   64800
   63029
   60731
   58503
   56596
   54649
   52287
   51049
   49478
   46847
   45905
   43858
   42645
   41062
   39705
   37908
   36741
   35598
   34382
   32973
   31801
   30411
   29967
   28712
   27357
   26551
   25941
   24704
   23840
   22691
   22169
   21679
   20492
   19649
   19082
   18576
   17667
   17292
   16483
   15828
   15253
   14538
   14093
   13750
   13069
   12600
   12006
   11657
   11485
   10821
   10425
   10141
    9644
    9399
    9028
    8634
    8372
    8119
    7728
    7573
    7067
    6848
    6564
    6246
    6169
    5975
    5756
    5440
    5253
    4993
    4859
    4564
    4432
    4246
    4104
    3851
    3920
    3796
    3558
    3425
    3317
    3161
    2981
    2916
    2841
    2729
    2655
    2525
    2373
    2333
    2143
    2074
    2057
    1937
    1854
    1813
    1757
    1638
    1577
    1524
    1456
    1458
    1327
    1293
    1243
    1202
    1103
    1123
    1064
     975
     995
     916
     897
     844
     831
     794
     785
     710
     718
     655
     665
     592
     611
     583
     542
     527
     518
     461
     465
     475
     415
     388
     428
     400
     379
     353
     343
     340
     344
     343
     276
     310
     252
     280
     261
     244
     236
     231
     180
     209
     218
     206
     195
     188
     163
     170
     169
     164
     148
     144
     144
     153
     118
     116
     136
     117
     130
     126
     113
     118
     112
      99
      99
      96
      83
      76
     100
      83
      87
      72
      85
      73
      88
      75
      74
      68
      73
      63
      67
      78
      62
      60
      46
      67
      61
      62
      55
      42
      62
      50
      58
      52
      45
      42
      48
      48
      40
      41
      46
      33
      45
      41
      46
      40
      27
      42
      49
      35
      25
      29
      32
      26
      32
      27
      19
      28
      36
      24
      22
      37
      25
      23
      32
      25
      14
      17
      25
      25
      22
      28
      38
      23
      22
      20
      20
      12
      18
      27
      16
      24
      25
      15
      15
      19
      18
      11
      17
      16
      22
      14
      20
      17
      13
      16
      18
      18
      10
       7
      11
      11
      15
       9
      11
      12
       7
       4
       8
      10
      11
       4
       8
       7
       8
       5
      11
      12
      12
       8
       2
       6
       8
       5
       8
       3
       7
       7
       8
       7
       6
       7
       7
       4
       2
       4
       2
       3
       3
      10
       3
       5
      10
       6
       7
       3
       4
       3
       8
       2
       2
       4
       5
       4
       4
       2
       2
       6
       8
       7
       6
       3
       1
       1
       2
       1
       3
       5
       4
       2
       7
       3
       0
       2
       1
       4
       3
       3
       1
       1
       0
       1
       0
       3
       4
       4
       3
       1
       2
       0
       0
       4
       3
       4
       1
       3
       2
       2
       4
       1
       3
       2
       3
       4
       3
       4
       2
       2
       4
       0
       2
       1
       1
       1
       1
       2
       1
       2
       2
       1
       0
       0
       1
       0
       3
       2
       3
       2
       1
       4
       2
       2
       1
       2
       4
       1
       2
       1
       0
       2
       1
       3
       0
       6
       2
       3
       2
       3
       5
       3
       2
       2
       3
       0
       1
       3
       2
       1
       4
       3
       1
       1
       1
       3
       1
       3
       0
       2
       3
       1
       3
       5
       1
       2
       3
       2
       2
       1
       3
       3
       5
       3
       3
       5
       4
       4
       4
       6
       5
       2
       7
       4
       8
       2
       3
       3
       2
       4
       7
       8
       5
       3
       6
       5
       7
       2
      10
       4
       5
      11
       3
       9
       3
       9
       7
       6
      12
       8
       9
      11
       9
       9
       6
       6
      14
       7
       7
      12
       9
       9
       8
      13
       9
       7
       8
       7
      12
      12
      12
       9
       9
       8
      16
      10
      11
       6
       7
       9
      13
       9
      10
       7
      10
       9
      10
      11
      14
       4
       9
       7
       4
       5
       7
       9
       3
       4
      10
       7
       4
       7
       4
       6
       5
       6
       6
       7
       7
       5
       4
       3
       7
       5
       3
       4
       3
       2
       4
       1
       0
       2
       5
       0
       3
       2
       2
       2
       2
       2
       2
       0
       2
       3
       1
       3
       0
       1
       0
       3
       2
       0
       2
       0
       1
       1
       1
       1
       0
       2
       1
       0
       0
       1
       1
       0
       1
       1
       0
       0
       0
       1
       0
       0
       0
       0
       3
       0
       1
       0
       0
       0
       2
       0
       1
       1
       1
       0
       0
       1
       0
       0
       0
       0
       1
       1
       1
       1
       0
       2
       2
       1
       1
       0
       1
       0
       2
       0
       0
       1
       1
       0
       0
       0
       1
       1
       0
       0
       1
       0
       0
       0
       0
       2
       1
       1
       1
       1
       1
       1
       0
       0
       0
       0
       0
       2
       1
       0
       1
       0
       0
       0
       1
       1
       1
       2
       0
       0
       1
       0
       0
       0
       0
       1
       0
       1
       0
       0
       1
       0
       1
       0
       0
       1
       0
       0
       0
       0
       0
       0
       1
       1
       0
       0
       0
       0
       0
       0
       0
       0
       0
       0
       0
       0
       0
       0
       0
       0
       0
       0
       0
       0
       1
       1
       0
       1
       1
       0
       0
       0
       0
       2
       0
       1
       1
       0
       0
       0
       0
       0
       1
       0
       0
       0
       0
       0
       0
       0
       0
       0
       0
       0
       1
       1
       1
       1
       0
       0
       0
       2
       0
       0
       0
       1
       0
       0
       0
       0
       0
       0
       1
       0
       0
       0
       0
       0
       0
       0
       0
       0
       0
       1
       0
       0
       0
       0
       0
       0
       0
       0
       0
       0
       1
       0
       0
       0
       0
       2
       0
       0
       0
       1
       0
       0
       0
       1
       0
       0
       0
       0
       0
       0
       0
       0
       0
       0
       1
       0
       0
       0
       0
       1
       1
       0
       0
       0
       0
       1
       0
       0
       0
       0
       0
       0
       1
       1
       0
       2
       0
       0
       0
       0
       0
       0
       1
       0
       0
       1
       1
       0
       1
       0
       2
       0
       0
       1
       0
       0
       0
       0
       0
       0
       0
       1
       0
       0
       0
       1
       0
       1
       0
       0
       0
       0
       0
       0
       1
       0
       0
       1
       0
       3
       1
       1
       0
       2
       0
       0
       0
       0
       0
       0
       0
       0
       0
       0
       0
       0
       1
       1
       0
       1
       1
       0
       0
       0
       0
       0
       0
       0
       0
       0
       0
       1
       0
       0
       0
       0
       0
       1
       1
       1
       0
       0
       0
       0
       0
       0
       0
       0
       0
       1
       0
       0
       0
       0
       0
       0
       0
       0
       0
       0
       1
       0
       0
       0
       0
       2
       0
       0
       1
       1
       0
       0
       0
       0
       1
       0
       0
       0
       0
       1
       0
       0
       1
       0
       0
       0
       0
       0
       0
       0
       0
       0
       1
       0
       0
       0
       0
       1
       0
       0
       0
       0
       1
       0
       0
       0
       0
       0
       0
       0
       0
       0
       0
       0
       0
       0
       0
       0
       0
       0
       0
       0
       0
       0
       0
       0
       0
       0
       0
       0
       0
       0
       0
       0
       0
       1
       0
       0
       0
       0
       1
       1
       0
       0
       0
       0
       0
       0
       0
       0
       0
       2
       0
       0
       0
       0
       0
       0
       0
       0
       1
       0
       0
       0
       0
       0
       0
       0
       1
       0
       0
       0
       0
       0
       1
       0
       1
       0
       0
       0
       0
       0
       0
       0
       1
       0
       0
       0
       0
       0
       0
       0
       0
       0
       0
       0
       0
       0
       0
       0
       0
       1
       1
       1
       0
       0
       1
       0
       0
       1
       1
       0
       0
       1
       0
       0
       0
       1
       0
       0
       0
       0
       1
       0
       0
       0
       0
       0
       0
       0
       0
       1
       0
       0
       0
       0
       0
       1
       0
       0
       0
       0
       0
       0
       0
       0
       0
       0
       0
       0
       0
       0
       0
       0
       1
       0
       0
       0
       0
       0
       0
       0
       0
       0
       0
       0
       0
       0
       0
       0
       0
       0
       0
       0
       0
       0
       0
       0
       0
       0
       0
       0
       0
       0
       0
       0
       0
       1
       0
       0
       0
       0
       0
       0
       0
       0
       0
       0
       0
       0
       0
       0
       0
       0
       0
       0
       0
       1
       0
       0
       0
       0
       0
       0
       0
       0
       0
       0
       0
       0
       0
       0
       0
       0
       1
       0
       0
       0
       0
       0
       0
       0
       0
       0
       0
       0
       0
       0
       0
       0
       0
       0
       0
       0
       0
       0
       0
       0
       0
       0
       0
       0
       0
       0
       0
       0
       0
       0
       1
       0
       0
       0
       0
       0
       0
       0
       0
       1
       0
       0
       0
       0
       0
       0
       0
       0
       0
       0
       0
       0
       0
       1
       0
       0
       0
       0
       0
       0
       1
       0
       0
       0
       0
       0
       0
       0
       0
       0
       0
       0
       0
       0
       0
       0
       0
       0
       1
       0
       0
       0
       0
       0
       0
       0
       0
       1
       0
       0
       0
       0
       0
       0
       0
       0
       0
       0
       0
       0
       0
       0
       0
       0
       0
       0
       0
       0
       0
       0
       0
       0
       0
       0
       0
       0
       0
       0
       0
       0
       0
       0
       0
       0
       0
       0
       0
       0
       0
       0
       0
       0
       0
       0
       0
       0
       0
       0
       0
       0
       0
       0
       0
       0
       0
       0
       0
       0
       0
       1
       0
       0
       0
       0
       0
       0
       0
       0
       0
       0
       0
       0
       0
       0
       0
       0
       0
       0
       0
       0
       0
       0
       0
       0
       0
       0
       0
       0
       0
       0
       0
       0
       0
       0
       0
       1
       0
       1
       0
       0
       0
       0
       0
       0
       0
       0
       0
       0
       0
       0
       0
       0
       0
       0
       0
       0
       0
       0
       0
       0
       0
       0
       0
       0
       0
       0
       0
       0
       0
       0
       1
       0
       0
       0
       0
       0
       0
       0
       0
       0
       0
       0
       0
       0
       0
       0
       0
       2
       0
       0
       0
       0
       0
       0
       0
       0
       0
       0
       0
       0
       0
       0
       0
       0
       0
       0
       0
       1
       0
       0
       0
       0
       0
       0
       0
       0
       0
       0
       0
       0
       0
       1
       0
       0
       0
       0
       1
       0
       0
       0
       0
       0
       0
       1
       0
       0
       0
       0
       0
       0
       0
       0
       0
       0
       0
       0
       0
       0
       0
       1
       0
       0
       0
       0
       0
       0
       0
       1
       0
       0
       0
       0
       0
       0
       0
       0
       0
       0
       0
       0
       0
       0
       0
       1
       0
       0
       0
       0
       0
       0
       0
       0
       0
       0
       0
       0
       0
       0
       1
       0
       0
       0
       0
       0
       0
       1
       0
       1
       0
       0
       0
       0
       0
       0
       0
       0
       0
       0
       0
       0
       0
       0
       0
       0
       0
       0
       0
       0
       0
       0
       0
       0
       0
       0
       0
       0
       0
       0
       0
       0
       0
       0
       0
       0
       1
       0
       0
       0
       0
       0
       0
       0
       0
       0
       0
       0
       0
       0
       0
       0
       0
       0
       0
       0
       0
       0
       0
       0
       0
       0
       0
       1
       0
       0
       0
       0
       0
       0
       0
       0
       0
       0
       0
       1
       0
       0
       0
       0
       0
       0
       0
       0
       0
       0
       0
       0
       0
       0
       0
       0
       0
       0
       0
       0
       0
       0
       0
       0
       0
       0
       0
       0
       0
       0
       0
       0
       0
       0
       0
       0
       0
       0
$ROI:
1
921 1079
$PRESETS:
None
0
0
$ENER_FIT:
0.000000 6.583851
$MCA_CAL:
3
0.000000E+000 6.583851E+000 0.000000E+000 keV
$SHAPE_CAL:
3
0.000000E+000 0.000000E+000 0.000000E+000
