$SPEC_ID:
Run 608, Background
$SPEC_REM:
DET# 1
DETDESC# Electrostatic MCA
AP# Maestro Version 6.08
$DATE_MEA:
09/24/2020 16:21:39
$MEAS_TIM:
651609 763257
$DATA:
0 2047
       0
       0
       0
       1
       0
       0
       0
       0
       0
       0
       0
       0
       0
       0
       0
       0
       0
       0
       1
       0
       1
       0
       0
       0
       0
       0
       0
       0
       0
       0
       0
       0
       0
       0
       0
       0
       0
       0
       0
       0
       0
       1
       0
       0
       0
       0
       0
       1
       0
       0
       0
       0
       0
       0
       0
       0
       0
       0
       0
       0
       0
       1
       0
       0
       0
       0
       6
       1
       6
   98688
94493156
123913400
121404091
119149911
117037194
115112348
113340504
111662112
110070539
108570402
107191880
105856257
104576229
103323843
102095416
100896496
99734568
98551737
97412763
96251221
95142479
93976977
92839849
91673221
90527808
89366571
88188512
86993433
85791470
84599976
83399948
82176682
80978361
79747800
78507631
77246617
76024704
74763657
73537271
72273774
71019218
69768382
68523705
67260921
66016937
64753191
63513079
62272501
61034093
59813555
58589561
57362964
56143540
54948635
53759991
52578649
51389936
50228657
49066465
47925776
46805794
45679852
44574653
43470221
42393103
41333193
40287534
39248181
38226055
37202233
36214991
35235544
34285612
33342806
32416660
31489326
30588754
29717322
28863909
28007100
27177377
26369276
25566096
24788604
24017460
23273860
22542418
21826526
21131244
20448555
19779689
19133677
18498410
17872226
17276414
16692693
16114855
15557618
15020092
14482496
13976148
13477512
12989405
12522954
12061661
11619239
11189098
10771918
10365989
 9972732
 9594683
 9226405
 8869032
 8525518
 8189261
 7866679
 7557344
 7250148
 6959551
 6677486
 6408066
 6140569
 5891651
 5646386
 5408918
 5180093
 4967875
 4757101
 4552662
 4355899
 4170749
 3983334
 3815540
 3644694
 3485985
 3333016
 3183664
 3045535
 2903612
 2774160
 2647662
 2526372
 2412956
 2300309
 2193777
 2095187
 1996851
 1904991
 1814335
 1729691
 1646655
 1568083
 1493070
 1422064
 1352796
 1290011
 1226867
 1166863
 1111557
 1057518
 1005877
  953663
  908677
  865236
  820912
  780331
  742620
  704384
  669150
  635895
  603918
  573887
  545936
  517101
  491995
  466357
  443813
  420764
  399183
  379359
  359334
  341676
  323828
  307371
  292413
  276111
  262615
  249595
  236672
  224148
  212796
  202492
  192443
  182731
  173508
  163719
  155481
  147941
  140047
  133245
  127398
  120388
  114526
  108331
  103345
   98658
   93867
   88808
   84714
   80107
   75860
   73032
   69060
   65707
   62607
   59733
   57165
   54128
   51666
   49755
   47070
   45251
   42762
   41068
   39549
   37213
   35509
   34048
   32556
   31410
   29821
   28841
   27764
   26548
   25110
   24444
   23617
   22547
   21711
   20818
   19996
   19148
   18197
   17757
   17193
   16493
   15885
   15446
   14962
   14320
   13928
   13423
   12780
   12508
   12053
   11626
   11302
   11207
   10761
   10366
    9896
    9673
    9454
    9048
    8784
    8852
    8523
    8175
    7824
    7682
    7417
    7276
    7024
    6800
    6705
    6454
    6279
    6129
    5919
    5962
    5614
    5527
    5307
    5267
    5216
    4933
    4913
    4780
    4625
    4476
    4323
    4216
    4160
    4159
    4053
    3955
    3850
    3770
    3652
    3521
    3429
    3343
    3332
    3122
    3069
    3078
    2995
    2847
    2876
    2788
    2645
    2596
    2588
    2541
    2444
    2382
    2385
    2250
    2271
    2089
    2134
    2113
    2079
    2048
    1843
    1815
    1837
    1674
    1755
    1678
    1609
    1642
    1601
    1629
    1515
    1443
    1407
    1417
    1391
    1319
    1272
    1244
    1233
    1154
    1170
    1173
    1085
    1142
    1102
    1035
     954
     952
     937
     910
     885
     868
     841
     794
     796
     787
     751
     750
     747
     695
     707
     661
     609
     664
     593
     602
     580
     556
     518
     514
     534
     484
     474
     447
     451
     445
     433
     385
     382
     365
     355
     387
     344
     320
     335
     333
     327
     294
     276
     262
     256
     269
     256
     238
     232
     216
     211
     197
     193
     198
     194
     189
     188
     172
     158
     134
     127
     143
     117
     157
     130
     116
     104
     127
     103
     110
      96
      95
      98
      94
      87
      86
      80
      83
      74
      62
      58
      69
      59
      63
      64
      51
      56
      54
      54
      47
      44
      27
      40
      27
      40
      36
      32
      30
      38
      31
      27
      27
      27
      26
      32
      19
      23
      22
      22
      16
      24
      20
      18
      16
      25
      11
      16
      15
       9
      12
      11
      14
       7
      10
      11
       8
      13
       9
      12
      11
       5
       9
       4
       8
       4
       4
       5
       3
       6
       8
       3
       4
       1
       1
       1
       5
       7
       2
       4
       2
       3
       4
       5
       6
       3
       1
       1
       0
       1
       0
       2
       1
       3
       0
       2
       4
       1
       1
       3
       0
       1
       2
       1
       1
       2
       1
       1
       2
       0
       0
       0
       3
       1
       2
       0
       0
       1
       1
       0
       3
       4
       0
       1
       0
       1
       1
       3
       0
       3
       0
       3
       0
       1
       1
       0
       2
       0
       0
       0
       3
       1
       1
       1
       1
       1
       1
       0
       2
       5
       1
       1
       1
       3
       0
       1
       0
       4
       1
       0
       1
       2
       1
       0
       0
       2
       0
       1
       1
       1
       1
       1
       0
       0
       1
       0
       0
       1
       0
       0
       1
       2
       1
       0
       0
       0
       0
       0
       1
       1
       0
       3
       0
       0
       0
       0
       0
       2
       1
       0
       1
       1
       2
       1
       0
       0
       0
       2
       1
       0
       1
       0
       0
       0
       0
       0
       2
       2
       0
       3
       0
       0
       1
       0
       0
       0
       1
       3
       1
       4
       0
       0
       0
       1
       2
       1
       1
       1
       0
       0
       1
       0
       0
       2
       1
       2
       0
       0
       0
       0
       3
       0
       0
       0
       0
       1
       1
       3
       0
       2
       0
       1
       0
       1
       2
       0
       2
       1
       0
       0
       1
       1
       1
       1
       2
       0
       0
       1
       1
       0
       0
       1
       0
       1
       1
       3
       1
       0
       2
       2
       1
       0
       2
       3
       1
       0
       1
       0
       1
       0
       2
       0
       5
       1
       1
       1
       1
       1
       2
       2
       1
       3
       0
       1
       1
       1
       1
       3
       2
       1
       0
       0
       0
       0
       1
       0
       0
       2
       1
       2
       5
       0
       0
       2
       2
       1
       0
       1
       3
       3
       2
       3
       4
       4
       1
       3
       4
       2
       2
       7
       3
       7
       2
       3
       3
       1
       3
       6
       7
       4
       3
       4
       3
       6
       1
       7
       4
       3
       8
       3
       6
       2
       9
       7
       5
      10
       7
       8
       9
       9
       8
       6
       4
      12
       5
       6
      11
       8
       9
       8
      12
       7
       7
       8
       5
       8
       9
      10
       7
       9
       5
      15
       9
       8
       5
       7
       9
      10
       7
      10
       7
       6
       9
       9
      11
      11
       3
       6
       6
       4
       4
       6
       7
       3
       3
       6
       5
       4
       6
       3
       4
       4
       5
       5
       6
       6
       5
       4
       2
       4
       4
       2
       4
       3
       1
       4
       0
       0
       1
       3
       0
       3
       1
       2
       1
       1
       0
       1
       0
       0
       2
       1
       1
       0
       0
       0
       3
       2
       0
       2
       0
       0
       1
       0
       0
       0
       2
       1
       0
       0
       1
       0
       0
       1
       1
       0
       0
       0
       1
       0
       0
       0
       0
       3
       0
       0
       0
       0
       0
       1
       0
       0
       1
       1
       0
       0
       1
       0
       0
       0
       0
       1
       1
       1
       1
       0
       1
       1
       1
       1
       0
       0
       0
       1
       0
       0
       1
       0
       0
       0
       0
       0
       1
       0
       0
       1
       0
       0
       0
       0
       2
       1
       1
       1
       0
       1
       1
       0
       0
       0
       0
       0
       1
       1
       0
       0
       0
       0
       0
       1
       1
       1
       1
       0
       0
       0
       0
       0
       0
       0
       0
       0
       1
       0
       0
       0
       0
       1
       0
       0
       0
       0
       0
       0
       0
       0
       0
       1
       1
       0
       0
       0
       0
       0
       0
       0
       0
       0
       0
       0
       0
       0
       0
       0
       0
       0
       0
       0
       0
       1
       0
       0
       1
       1
       0
       0
       0
       0
       2
       0
       1
       0
       0
       0
       0
       0
       0
       0
       0
       0
       0
       0
       0
       0
       0
       0
       0
       0
       0
       1
       1
       1
       1
       0
       0
       0
       2
       0
       0
       0
       0
       0
       0
       0
       0
       0
       0
       0
       0
       0
       0
       0
       0
       0
       0
       0
       0
       0
       1
       0
       0
       0
       0
       0
       0
       0
       0
       0
       0
       1
       0
       0
       0
       0
       0
       0
       0
       0
       1
       0
       0
       0
       1
       0
       0
       0
       0
       0
       0
       0
       0
       0
       0
       0
       0
       0
       0
       0
       0
       1
       0
       0
       0
       0
       1
       0
       0
       0
       0
       0
       0
       1
       1
       0
       1
       0
       0
       0
       0
       0
       0
       0
       0
       0
       1
       1
       0
       1
       0
       1
       0
       0
       0
       0
       0
       0
       0
       0
       0
       0
       1
       0
       0
       0
       0
       0
       0
       0
       0
       0
       0
       0
       0
       1
       0
       0
       1
       0
       2
       0
       1
       0
       0
       0
       0
       0
       0
       0
       0
       0
       0
       0
       0
       0
       0
       1
       1
       0
       1
       1
       0
       0
       0
       0
       0
       0
       0
       0
       0
       0
       0
       0
       0
       0
       0
       0
       1
       0
       1
       0
       0
       0
       0
       0
       0
       0
       0
       0
       1
       0
       0
       0
       0
       0
       0
       0
       0
       0
       0
       1
       0
       0
       0
       0
       1
       0
       0
       0
       1
       0
       0
       0
       0
       1
       0
       0
       0
       0
       1
       0
       0
       1
       0
       0
       0
       0
       0
       0
       0
       0
       0
       1
       0
       0
       0
       0
       1
       0
       0
       0
       0
       1
       0
       0
       0
       0
       0
       0
       0
       0
       0
       0
       0
       0
       0
       0
       0
       0
       0
       0
       0
       0
       0
       0
       0
       0
       0
       0
       0
       0
       0
       0
       0
       0
       1
       0
       0
       0
       0
       1
       0
       0
       0
       0
       0
       0
       0
       0
       0
       0
       0
       0
       0
       0
       0
       0
       0
       0
       0
       1
       0
       0
       0
       0
       0
       0
       0
       0
       0
       0
       0
       0
       0
       1
       0
       0
       0
       0
       0
       0
       0
       0
       0
       1
       0
       0
       0
       0
       0
       0
       0
       0
       0
       0
       0
       0
       0
       0
       0
       0
       0
       0
       1
       0
       0
       1
       0
       0
       0
       1
       0
       0
       0
       0
       0
       0
       1
       0
       0
       0
       0
       1
       0
       0
       0
       0
       0
       0
       0
       0
       1
       0
       0
       0
       0
       0
       0
       0
       0
       0
       0
       0
       0
       0
       0
       0
       0
       0
       0
       0
       0
       0
       0
       1
       0
       0
       0
       0
       0
       0
       0
       0
       0
       0
       0
       0
       0
       0
       0
       0
       0
       0
       0
       0
       0
       0
       0
       0
       0
       0
       0
       0
       0
       0
       0
       0
       1
       0
       0
       0
       0
       0
       0
       0
       0
       0
       0
       0
       0
       0
       0
       0
       0
       0
       0
       0
       1
       0
       0
       0
       0
       0
       0
       0
       0
       0
       0
       0
       0
       0
       0
       0
       0
       1
       0
       0
       0
       0
       0
       0
       0
       0
       0
       0
       0
       0
       0
       0
       0
       0
       0
       0
       0
       0
       0
       0
       0
       0
       0
       0
       0
       0
       0
       0
       0
       0
       0
       1
       0
       0
       0
       0
       0
       0
       0
       0
       1
       0
       0
       0
       0
       0
       0
       0
       0
       0
       0
       0
       0
       0
       1
       0
       0
       0
       0
       0
       0
       1
       0
       0
       0
       0
       0
       0
       0
       0
       0
       0
       0
       0
       0
       0
       0
       0
       0
       1
       0
       0
       0
       0
       0
       0
       0
       0
       1
       0
       0
       0
       0
       0
       0
       0
       0
       0
       0
       0
       0
       0
       0
       0
       0
       0
       0
       0
       0
       0
       0
       0
       0
       0
       0
       0
       0
       0
       0
       0
       0
       0
       0
       0
       0
       0
       0
       0
       0
       0
       0
       0
       0
       0
       0
       0
       0
       0
       0
       0
       0
       0
       0
       0
       0
       0
       0
       0
       0
       0
       0
       0
       0
       0
       0
       0
       0
       0
       0
       0
       0
       0
       0
       0
       0
       0
       0
       0
       0
       0
       0
       0
       0
       0
       0
       0
       0
       0
       0
       0
       0
       0
       0
       0
       0
       0
       1
       0
       1
       0
       0
       0
       0
       0
       0
       0
       0
       0
       0
       0
       0
       0
       0
       0
       0
       0
       0
       0
       0
       0
       0
       0
       0
       0
       0
       0
       0
       0
       0
       0
       0
       1
       0
       0
       0
       0
       0
       0
       0
       0
       0
       0
       0
       0
       0
       0
       0
       0
       0
       0
       0
       0
       0
       0
       0
       0
       0
       0
       0
       0
       0
       0
       0
       0
       0
       0
       0
       0
       0
       0
       0
       0
       0
       0
       0
       0
       0
       0
       0
       0
       0
       0
       1
       0
       0
       0
       0
       1
       0
       0
       0
       0
       0
       0
       1
       0
       0
       0
       0
       0
       0
       0
       0
       0
       0
       0
       0
       0
       0
       0
       1
       0
       0
       0
       0
       0
       0
       0
       1
       0
       0
       0
       0
       0
       0
       0
       0
       0
       0
       0
       0
       0
       0
       0
       1
       0
       0
       0
       0
       0
       0
       0
       0
       0
       0
       0
       0
       0
       0
       1
       0
       0
       0
       0
       0
       0
       0
       0
       1
       0
       0
       0
       0
       0
       0
       0
       0
       0
       0
       0
       0
       0
       0
       0
       0
       0
       0
       0
       0
       0
       0
       0
       0
       0
       0
       0
       0
       0
       0
       0
       0
       0
       0
       0
       0
       1
       0
       0
       0
       0
       0
       0
       0
       0
       0
       0
       0
       0
       0
       0
       0
       0
       0
       0
       0
       0
       0
       0
       0
       0
       0
       0
       0
       0
       0
       0
       0
       0
       0
       0
       0
       0
       0
       0
       0
       0
       0
       0
       0
       0
       0
       0
       0
       0
       0
       0
       0
       0
       0
       0
       0
       0
       0
       0
       0
       0
       0
       0
       0
       0
       0
       0
       0
       0
       0
       0
       0
       0
       0
       0
       0
       0
       0
$ROI:
1
921 1079
$PRESETS:
None
0
0
$ENER_FIT:
0.000000 6.583851
$MCA_CAL:
3
0.000000E+000 6.583851E+000 0.000000E+000 keV
$SHAPE_CAL:
3
0.000000E+000 0.000000E+000 0.000000E+000
