$SPEC_ID:
Run 608, Background
$SPEC_REM:
DET# 1
DETDESC# Electrostatic MCA
AP# Maestro Version 6.08
$DATE_MEA:
09/24/2020 16:21:39
$MEAS_TIM:
598976 669650
$DATA:
0 2047
       0
       0
       0
       1
       0
       0
       0
       0
       0
       0
       0
       0
       0
       0
       0
       0
       0
       0
       1
       0
       1
       0
       0
       0
       0
       0
       0
       0
       0
       0
       0
       0
       0
       0
       0
       0
       0
       0
       0
       0
       0
       1
       0
       0
       0
       0
       0
       1
       0
       0
       0
       0
       0
       0
       0
       0
       0
       0
       0
       0
       0
       1
       0
       0
       0
       0
       4
       0
       4
   47875
53201894
69546668
67203283
65148068
63261760
61568166
60042631
58643915
57357075
56165414
55105791
54132551
53211419
52336188
51496275
50717165
49968641
49237427
48545525
47863884
47210899
46545713
45902222
45250133
44628281
43997119
43350577
42722932
42084329
41448966
40831678
40192375
39560893
38934013
38294305
37648900
37010263
36368781
35741952
35103450
34477802
33842590
33206161
32571575
31947913
31310908
30686930
30063889
29444397
28828884
28221207
27607806
26999768
26407409
25819398
25232906
24640079
24067894
23498746
22933578
22381034
21824568
21280551
20741926
20215304
19692344
19174438
18675911
18171944
17668550
17190941
16709317
16248458
15790290
15342384
14891655
14453437
14036182
13617823
13206605
12805391
12412597
12026314
11653740
11287690
10924872
10576569
10232504
 9900445
 9570675
 9253278
 8948413
 8644106
 8347412
 8062295
 7786794
 7507843
 7245877
 6990924
 6737501
 6494563
 6260381
 6031970
 5809886
 5590556
 5382857
 5183280
 4985502
 4797671
 4609946
 4432827
 4260081
 4093924
 3935681
 3773130
 3624846
 3479053
 3337113
 3201541
 3070991
 2946549
 2823986
 2708282
 2593183
 2483284
 2379442
 2280417
 2182375
 2088088
 1997334
 1912309
 1824003
 1748026
 1669815
 1595744
 1526079
 1457699
 1395623
 1331870
 1270159
 1212954
 1158206
 1105698
 1052859
 1005438
  959795
  916026
  873688
  832123
  793756
  755719
  719813
  685122
  653425
  620643
  593379
  564629
  537819
  512550
  487163
  464157
  440292
  420677
  399939
  379894
  362409
  344680
  326721
  311134
  297349
  281682
  267973
  255538
  242626
  230724
  218853
  208084
  198163
  187592
  179533
  169315
  161763
  153546
  146416
  139422
  131980
  126147
  120243
  114095
  108151
  102881
   98011
   93642
   88803
   84500
   80078
   76234
   72793
   69034
   65841
   63080
   59949
   57199
   53928
   51947
   49409
   47272
   44797
   42852
   40870
   38477
   37096
   35212
   33761
   32125
   30899
   29418
   28029
   26748
   25993
   24479
   23569
   22512
   21529
   20805
   19491
   18890
   18059
   17336
   16645
   16033
   15434
   14717
   14166
   13486
   13117
   12621
   11935
   11574
   11372
   10626
   10404
    9821
    9572
    9189
    8799
    8593
    8301
    8032
    7759
    7489
    7241
    6963
    6795
    6455
    6321
    6002
    5909
    5802
    5558
    5197
    5106
    4954
    4868
    4650
    4742
    4463
    4329
    4051
    4023
    3917
    3804
    3692
    3576
    3522
    3344
    3232
    3219
    3018
    3047
    2865
    2851
    2744
    2660
    2671
    2466
    2508
    2430
    2311
    2323
    2160
    2104
    2104
    2078
    2021
    2057
    1906
    1906
    1787
    1775
    1701
    1697
    1624
    1498
    1496
    1517
    1418
    1406
    1397
    1325
    1294
    1265
    1272
    1257
    1132
    1119
    1204
    1085
    1092
    1019
    1048
    1004
     979
     965
     877
     862
     907
     854
     855
     786
     772
     821
     722
     781
     743
     704
     667
     664
     656
     597
     612
     600
     582
     553
     539
     541
     497
     562
     530
     487
     436
     453
     436
     435
     419
     399
     389
     379
     367
     399
     342
     354
     372
     336
     339
     331
     288
     317
     280
     286
     271
     255
     253
     231
     250
     239
     214
     209
     215
     209
     195
     191
     169
     160
     182
     168
     154
     146
     173
     155
     162
     134
     127
     119
     121
     131
     109
     118
     118
     115
      92
      99
      89
      78
      88
      83
      80
      66
      81
      53
      56
      69
      51
      71
      56
      50
      48
      60
      54
      52
      51
      35
      48
      46
      35
      43
      39
      37
      36
      34
      24
      31
      25
      25
      36
      25
      26
      14
      22
      27
      22
      12
      21
      11
      16
      10
      19
       9
      14
      16
      10
      12
      12
      14
      12
       7
      10
       8
       9
       9
      11
       8
       9
       5
      12
       8
       4
       6
       5
       4
       9
       6
       5
       5
       5
       2
       6
       5
       7
       8
       3
       3
       2
       5
       2
       2
       2
       2
       3
       6
       2
       1
       1
       1
       0
       3
       6
       1
       1
       0
       1
       2
       3
       2
       2
       1
       0
       0
       0
       0
       1
       0
       1
       0
       2
       4
       1
       1
       1
       0
       0
       0
       0
       0
       1
       1
       0
       1
       0
       0
       0
       2
       1
       2
       0
       0
       0
       1
       0
       2
       3
       0
       0
       0
       0
       0
       2
       0
       2
       0
       2
       0
       0
       1
       0
       2
       0
       0
       0
       3
       1
       1
       1
       1
       1
       0
       0
       2
       4
       0
       1
       1
       3
       0
       0
       0
       4
       0
       0
       0
       1
       1
       0
       0
       2
       0
       1
       0
       1
       1
       1
       0
       0
       1
       0
       0
       0
       0
       0
       1
       1
       1
       0
       0
       0
       0
       0
       0
       0
       0
       3
       0
       0
       0
       0
       0
       0
       1
       0
       1
       1
       1
       1
       0
       0
       0
       2
       1
       0
       1
       0
       0
       0
       0
       0
       0
       2
       0
       2
       0
       0
       1
       0
       0
       0
       1
       3
       0
       3
       0
       0
       0
       1
       1
       0
       1
       1
       0
       0
       0
       0
       0
       2
       1
       2
       0
       0
       0
       0
       3
       0
       0
       0
       0
       0
       1
       1
       0
       1
       0
       0
       0
       1
       2
       0
       1
       0
       0
       0
       1
       0
       1
       1
       2
       0
       0
       0
       1
       0
       0
       0
       0
       1
       1
       3
       1
       0
       1
       0
       1
       0
       2
       3
       1
       0
       1
       0
       0
       0
       1
       0
       3
       0
       1
       0
       1
       0
       0
       0
       0
       1
       0
       1
       1
       1
       0
       1
       2
       1
       0
       0
       0
       0
       1
       0
       0
       2
       1
       1
       4
       0
       0
       2
       2
       1
       0
       1
       1
       0
       1
       2
       3
       3
       1
       3
       3
       1
       2
       6
       3
       7
       2
       3
       2
       1
       3
       5
       6
       4
       3
       4
       3
       6
       1
       6
       4
       3
       7
       3
       6
       2
       9
       7
       5
      10
       6
       8
       8
       9
       7
       5
       4
      12
       5
       5
      11
       7
       9
       6
      12
       7
       7
       7
       5
       8
       9
      10
       7
       9
       5
      14
       9
       8
       5
       6
       9
      10
       7
       9
       6
       6
       9
       8
      11
      10
       3
       6
       5
       4
       4
       6
       6
       3
       3
       6
       5
       3
       5
       3
       4
       4
       5
       3
       6
       6
       3
       4
       2
       4
       3
       1
       4
       2
       1
       3
       0
       0
       1
       2
       0
       2
       1
       2
       1
       1
       0
       1
       0
       0
       1
       1
       1
       0
       0
       0
       1
       0
       0
       1
       0
       0
       0
       0
       0
       0
       2
       1
       0
       0
       1
       0
       0
       1
       0
       0
       0
       0
       1
       0
       0
       0
       0
       3
       0
       0
       0
       0
       0
       1
       0
       0
       1
       1
       0
       0
       1
       0
       0
       0
       0
       1
       1
       0
       1
       0
       1
       1
       1
       0
       0
       0
       0
       1
       0
       0
       1
       0
       0
       0
       0
       0
       1
       0
       0
       1
       0
       0
       0
       0
       2
       0
       1
       1
       0
       0
       1
       0
       0
       0
       0
       0
       1
       1
       0
       0
       0
       0
       0
       0
       1
       0
       0
       0
       0
       0
       0
       0
       0
       0
       0
       0
       0
       0
       0
       0
       0
       1
       0
       0
       0
       0
       0
       0
       0
       0
       0
       0
       1
       0
       0
       0
       0
       0
       0
       0
       0
       0
       0
       0
       0
       0
       0
       0
       0
       0
       0
       0
       0
       1
       0
       0
       1
       0
       0
       0
       0
       0
       1
       0
       0
       0
       0
       0
       0
       0
       0
       0
       0
       0
       0
       0
       0
       0
       0
       0
       0
       0
       0
       1
       1
       1
       1
       0
       0
       0
       1
       0
       0
       0
       0
       0
       0
       0
       0
       0
       0
       0
       0
       0
       0
       0
       0
       0
       0
       0
       0
       0
       0
       0
       0
       0
       0
       0
       0
       0
       0
       0
       0
       1
       0
       0
       0
       0
       0
       0
       0
       0
       0
       0
       0
       0
       1
       0
       0
       0
       0
       0
       0
       0
       0
       0
       0
       0
       0
       0
       0
       0
       0
       1
       0
       0
       0
       0
       0
       0
       0
       0
       0
       0
       0
       0
       0
       0
       0
       0
       0
       0
       0
       0
       0
       0
       0
       0
       1
       1
       0
       0
       0
       1
       0
       0
       0
       0
       0
       0
       0
       0
       0
       0
       0
       0
       0
       0
       0
       0
       0
       0
       0
       0
       0
       0
       0
       0
       0
       0
       1
       0
       1
       0
       1
       0
       0
       0
       0
       0
       0
       0
       0
       0
       0
       0
       0
       0
       0
       1
       1
       0
       0
       1
       0
       0
       0
       0
       0
       0
       0
       0
       0
       0
       0
       0
       0
       0
       0
       0
       1
       0
       1
       0
       0
       0
       0
       0
       0
       0
       0
       0
       1
       0
       0
       0
       0
       0
       0
       0
       0
       0
       0
       1
       0
       0
       0
       0
       1
       0
       0
       0
       1
       0
       0
       0
       0
       1
       0
       0
       0
       0
       1
       0
       0
       0
       0
       0
       0
       0
       0
       0
       0
       0
       0
       1
       0
       0
       0
       0
       1
       0
       0
       0
       0
       1
       0
       0
       0
       0
       0
       0
       0
       0
       0
       0
       0
       0
       0
       0
       0
       0
       0
       0
       0
       0
       0
       0
       0
       0
       0
       0
       0
       0
       0
       0
       0
       0
       0
       0
       0
       0
       0
       1
       0
       0
       0
       0
       0
       0
       0
       0
       0
       0
       0
       0
       0
       0
       0
       0
       0
       0
       0
       1
       0
       0
       0
       0
       0
       0
       0
       0
       0
       0
       0
       0
       0
       1
       0
       0
       0
       0
       0
       0
       0
       0
       0
       1
       0
       0
       0
       0
       0
       0
       0
       0
       0
       0
       0
       0
       0
       0
       0
       0
       0
       0
       1
       0
       0
       1
       0
       0
       0
       1
       0
       0
       0
       0
       0
       0
       0
       0
       0
       0
       0
       1
       0
       0
       0
       0
       0
       0
       0
       0
       1
       0
       0
       0
       0
       0
       0
       0
       0
       0
       0
       0
       0
       0
       0
       0
       0
       0
       0
       0
       0
       0
       0
       1
       0
       0
       0
       0
       0
       0
       0
       0
       0
       0
       0
       0
       0
       0
       0
       0
       0
       0
       0
       0
       0
       0
       0
       0
       0
       0
       0
       0
       0
       0
       0
       0
       1
       0
       0
       0
       0
       0
       0
       0
       0
       0
       0
       0
       0
       0
       0
       0
       0
       0
       0
       0
       1
       0
       0
       0
       0
       0
       0
       0
       0
       0
       0
       0
       0
       0
       0
       0
       0
       1
       0
       0
       0
       0
       0
       0
       0
       0
       0
       0
       0
       0
       0
       0
       0
       0
       0
       0
       0
       0
       0
       0
       0
       0
       0
       0
       0
       0
       0
       0
       0
       0
       0
       1
       0
       0
       0
       0
       0
       0
       0
       0
       1
       0
       0
       0
       0
       0
       0
       0
       0
       0
       0
       0
       0
       0
       0
       0
       0
       0
       0
       0
       0
       1
       0
       0
       0
       0
       0
       0
       0
       0
       0
       0
       0
       0
       0
       0
       0
       0
       0
       1
       0
       0
       0
       0
       0
       0
       0
       0
       0
       0
       0
       0
       0
       0
       0
       0
       0
       0
       0
       0
       0
       0
       0
       0
       0
       0
       0
       0
       0
       0
       0
       0
       0
       0
       0
       0
       0
       0
       0
       0
       0
       0
       0
       0
       0
       0
       0
       0
       0
       0
       0
       0
       0
       0
       0
       0
       0
       0
       0
       0
       0
       0
       0
       0
       0
       0
       0
       0
       0
       0
       0
       0
       0
       0
       0
       0
       0
       0
       0
       0
       0
       0
       0
       0
       0
       0
       0
       0
       0
       0
       0
       0
       0
       0
       0
       0
       0
       0
       0
       0
       0
       0
       0
       0
       0
       0
       1
       0
       1
       0
       0
       0
       0
       0
       0
       0
       0
       0
       0
       0
       0
       0
       0
       0
       0
       0
       0
       0
       0
       0
       0
       0
       0
       0
       0
       0
       0
       0
       0
       0
       0
       0
       0
       0
       0
       0
       0
       0
       0
       0
       0
       0
       0
       0
       0
       0
       0
       0
       0
       0
       0
       0
       0
       0
       0
       0
       0
       0
       0
       0
       0
       0
       0
       0
       0
       0
       0
       0
       0
       0
       0
       0
       0
       0
       0
       0
       0
       0
       0
       0
       0
       0
       1
       0
       0
       0
       0
       0
       0
       0
       0
       0
       0
       0
       1
       0
       0
       0
       0
       0
       0
       0
       0
       0
       0
       0
       0
       0
       0
       0
       0
       0
       0
       0
       0
       0
       0
       0
       0
       0
       0
       0
       0
       0
       0
       0
       0
       0
       0
       0
       0
       0
       0
       0
       1
       0
       0
       0
       0
       0
       0
       0
       0
       0
       0
       0
       0
       0
       0
       1
       0
       0
       0
       0
       0
       0
       0
       0
       1
       0
       0
       0
       0
       0
       0
       0
       0
       0
       0
       0
       0
       0
       0
       0
       0
       0
       0
       0
       0
       0
       0
       0
       0
       0
       0
       0
       0
       0
       0
       0
       0
       0
       0
       0
       0
       1
       0
       0
       0
       0
       0
       0
       0
       0
       0
       0
       0
       0
       0
       0
       0
       0
       0
       0
       0
       0
       0
       0
       0
       0
       0
       0
       0
       0
       0
       0
       0
       0
       0
       0
       0
       0
       0
       0
       0
       0
       0
       0
       0
       0
       0
       0
       0
       0
       0
       0
       0
       0
       0
       0
       0
       0
       0
       0
       0
       0
       0
       0
       0
       0
       0
       0
       0
       0
       0
       0
       0
       0
       0
       0
       0
       0
       0
$ROI:
1
921 1079
$PRESETS:
None
0
0
$ENER_FIT:
0.000000 6.583851
$MCA_CAL:
3
0.000000E+000 6.583851E+000 0.000000E+000 keV
$SHAPE_CAL:
3
0.000000E+000 0.000000E+000 0.000000E+000
