$SPEC_ID:
Run 608, Background
$SPEC_REM:
DET# 1
DETDESC# Electrostatic MCA
AP# Maestro Version 6.08
$DATE_MEA:
09/24/2020 16:21:39
$MEAS_TIM:
627294 720054
$DATA:
0 2047
       0
       0
       0
       1
       0
       0
       0
       0
       0
       0
       0
       0
       0
       0
       0
       0
       0
       0
       1
       0
       1
       0
       0
       0
       0
       0
       0
       0
       0
       0
       0
       0
       0
       0
       0
       0
       0
       0
       0
       0
       0
       1
       0
       0
       0
       0
       0
       1
       0
       0
       0
       0
       0
       0
       0
       0
       0
       0
       0
       0
       0
       1
       0
       0
       0
       0
       6
       0
       5
   75546
75281848
98584908
96147098
93994845
91989000
90184243
88527782
86979739
85532971
84181955
82956750
81797293
80689418
79612841
78568575
77566643
76605779
75638939
74719020
73784439
72889829
71961212
71068629
70142257
69244748
68329216
67406697
66480943
65544048
64617951
63684918
62741399
61816748
60868367
59910359
58944395
58000841
57028759
56082390
55114456
54155902
53195103
52238782
51274341
50316504
49351592
48407741
47454140
46507297
45567173
44633706
43695639
42762820
41849756
40943625
40043354
39133771
38248485
37360733
36490859
35637703
34779224
33937362
33091317
32276121
31464372
30664503
29875877
29097200
28320956
27565397
26822411
26098260
25379582
24676937
23971842
23291392
22626061
21976183
21323722
20691643
20078866
19463850
18875277
18291114
17725519
17167231
16625961
16098213
15576479
15067993
14579662
14097954
13626423
13171884
12730521
12288083
11866203
11455656
11047111
10663475
10285523
 9917005
 9560001
 9210560
 8872825
 8551659
 8231239
 7923729
 7623920
 7336585
 7057524
 6786138
 6526810
 6267377
 6025565
 5787821
 5555350
 5334830
 5120487
 4917741
 4714479
 4523407
 4335672
 4155969
 3983019
 3821481
 3660204
 3505574
 3353608
 3213037
 3069615
 2941954
 2813324
 2690395
 2573421
 2461200
 2355493
 2247932
 2148655
 2051910
 1960739
 1871648
 1784878
 1704841
 1628486
 1554298
 1482967
 1413330
 1349145
 1285463
 1224183
 1166430
 1112109
 1058193
 1010879
  961874
  915012
  872776
  830605
  790349
  750623
  715860
  682325
  647730
  616623
  587396
  556936
  529789
  504515
  479626
  455950
  434429
  411374
  391714
  371377
  353734
  336041
  318818
  303827
  287506
  273833
  259852
  246549
  235041
  222182
  211841
  201318
  191012
  181091
  172223
  163712
  155753
  148063
  140691
  133003
  126261
  120122
  114169
  108488
  103689
   98030
   93663
   88454
   84577
   80688
   76751
   72716
   69476
   65751
   62057
   59883
   56639
   53944
   51541
   49148
   46934
   44590
   42375
   41044
   38711
   37197
   35229
   33747
   32489
   30477
   29138
   27989
   26887
   25836
   24512
   23615
   22801
   21768
   20696
   20112
   19399
   18361
   17577
   17107
   16282
   15640
   14848
   14523
   13994
   13369
   12859
   12536
   12142
   11607
   11251
   10855
   10364
   10110
    9737
    9412
    9053
    8935
    8576
    8389
    7879
    7737
    7578
    7244
    7018
    7076
    6780
    6464
    6173
    6128
    5857
    5709
    5545
    5383
    5336
    5115
    4938
    4881
    4592
    4637
    4368
    4352
    4151
    4144
    4129
    3844
    3834
    3734
    3547
    3517
    3367
    3279
    3257
    3233
    3134
    3089
    2958
    2940
    2810
    2696
    2625
    2606
    2545
    2393
    2356
    2348
    2257
    2199
    2194
    2110
    2018
    2004
    2015
    1965
    1858
    1832
    1851
    1753
    1746
    1626
    1652
    1625
    1572
    1556
    1433
    1368
    1411
    1301
    1356
    1268
    1239
    1267
    1230
    1248
    1176
    1133
    1091
    1071
    1074
     994
     960
     956
     940
     888
     890
     917
     827
     866
     849
     799
     731
     740
     716
     712
     664
     654
     646
     630
     607
     607
     557
     573
     576
     543
     554
     520
     470
     508
     450
     456
     450
     429
     405
     401
     396
     374
     361
     342
     359
     345
     326
     306
     281
     287
     284
     314
     255
     245
     276
     245
     262
     209
     221
     197
     192
     212
     201
     194
     190
     165
     155
     159
     149
     151
     148
     144
     142
     128
     126
      99
     101
     109
      90
     130
      95
      87
      88
      95
      80
      97
      83
      61
      78
      75
      65
      70
      66
      69
      61
      53
      47
      51
      47
      46
      49
      45
      44
      38
      41
      39
      32
      22
      34
      20
      27
      25
      26
      24
      33
      24
      20
      18
      20
      23
      23
      12
      16
      19
      15
      13
      19
      13
      16
      13
      21
      10
      10
       9
       8
       9
      10
      13
       7
       8
       8
       7
      10
       7
       8
       9
       5
       8
       4
       6
       4
       4
       4
       3
       4
       7
       3
       3
       1
       1
       0
       5
       7
       2
       2
       1
       2
       3
       5
       4
       3
       1
       1
       0
       1
       0
       1
       1
       2
       0
       2
       4
       1
       1
       2
       0
       0
       1
       0
       1
       2
       1
       1
       2
       0
       0
       0
       2
       1
       2
       0
       0
       0
       1
       0
       2
       3
       0
       0
       0
       1
       0
       3
       0
       2
       0
       2
       0
       1
       1
       0
       2
       0
       0
       0
       3
       1
       1
       1
       1
       1
       1
       0
       2
       5
       0
       1
       1
       3
       0
       0
       0
       4
       0
       0
       0
       1
       1
       0
       0
       2
       0
       1
       0
       1
       1
       1
       0
       0
       1
       0
       0
       1
       0
       0
       1
       2
       1
       0
       0
       0
       0
       0
       0
       0
       0
       3
       0
       0
       0
       0
       0
       2
       1
       0
       1
       1
       1
       1
       0
       0
       0
       2
       1
       0
       1
       0
       0
       0
       0
       0
       1
       2
       0
       2
       0
       0
       1
       0
       0
       0
       1
       3
       1
       3
       0
       0
       0
       1
       2
       1
       1
       1
       0
       0
       1
       0
       0
       2
       1
       2
       0
       0
       0
       0
       3
       0
       0
       0
       0
       1
       1
       1
       0
       2
       0
       1
       0
       1
       2
       0
       1
       1
       0
       0
       1
       1
       1
       1
       2
       0
       0
       1
       1
       0
       0
       1
       0
       1
       1
       3
       1
       0
       1
       1
       1
       0
       2
       3
       1
       0
       1
       0
       1
       0
       2
       0
       4
       1
       1
       1
       1
       1
       1
       1
       1
       2
       0
       1
       1
       1
       1
       3
       2
       1
       0
       0
       0
       0
       1
       0
       0
       2
       1
       1
       4
       0
       0
       2
       2
       1
       0
       1
       3
       3
       2
       2
       4
       3
       1
       3
       4
       2
       2
       7
       3
       7
       2
       3
       3
       1
       3
       6
       7
       4
       3
       4
       3
       6
       1
       7
       4
       3
       7
       3
       6
       2
       9
       7
       5
      10
       7
       8
       8
       9
       8
       5
       4
      12
       5
       5
      11
       8
       9
       7
      12
       7
       7
       7
       5
       8
       9
      10
       7
       9
       5
      14
       9
       8
       5
       6
       9
      10
       7
       9
       6
       6
       9
       8
      11
      11
       3
       6
       5
       4
       4
       6
       7
       3
       3
       6
       5
       3
       6
       3
       4
       4
       5
       3
       6
       6
       4
       4
       2
       4
       4
       2
       4
       3
       1
       4
       0
       0
       1
       2
       0
       2
       1
       2
       1
       1
       0
       1
       0
       0
       1
       1
       1
       0
       0
       0
       3
       1
       0
       2
       0
       0
       0
       0
       0
       0
       2
       1
       0
       0
       1
       0
       0
       1
       1
       0
       0
       0
       1
       0
       0
       0
       0
       3
       0
       0
       0
       0
       0
       1
       0
       0
       1
       1
       0
       0
       1
       0
       0
       0
       0
       1
       1
       0
       1
       0
       1
       1
       1
       0
       0
       0
       0
       1
       0
       0
       1
       0
       0
       0
       0
       0
       1
       0
       0
       1
       0
       0
       0
       0
       2
       1
       1
       1
       0
       1
       1
       0
       0
       0
       0
       0
       1
       1
       0
       0
       0
       0
       0
       0
       1
       1
       1
       0
       0
       0
       0
       0
       0
       0
       0
       0
       0
       0
       0
       0
       0
       1
       0
       0
       0
       0
       0
       0
       0
       0
       0
       1
       1
       0
       0
       0
       0
       0
       0
       0
       0
       0
       0
       0
       0
       0
       0
       0
       0
       0
       0
       0
       0
       1
       0
       0
       1
       0
       0
       0
       0
       0
       2
       0
       0
       0
       0
       0
       0
       0
       0
       0
       0
       0
       0
       0
       0
       0
       0
       0
       0
       0
       0
       1
       1
       1
       1
       0
       0
       0
       1
       0
       0
       0
       0
       0
       0
       0
       0
       0
       0
       0
       0
       0
       0
       0
       0
       0
       0
       0
       0
       0
       0
       0
       0
       0
       0
       0
       0
       0
       0
       0
       0
       1
       0
       0
       0
       0
       0
       0
       0
       0
       1
       0
       0
       0
       1
       0
       0
       0
       0
       0
       0
       0
       0
       0
       0
       0
       0
       0
       0
       0
       0
       1
       0
       0
       0
       0
       0
       0
       0
       0
       0
       0
       0
       1
       0
       0
       1
       0
       0
       0
       0
       0
       0
       0
       0
       0
       1
       1
       0
       0
       0
       1
       0
       0
       0
       0
       0
       0
       0
       0
       0
       0
       0
       0
       0
       0
       0
       0
       0
       0
       0
       0
       0
       0
       0
       1
       0
       0
       1
       0
       2
       0
       1
       0
       0
       0
       0
       0
       0
       0
       0
       0
       0
       0
       0
       0
       0
       1
       1
       0
       1
       1
       0
       0
       0
       0
       0
       0
       0
       0
       0
       0
       0
       0
       0
       0
       0
       0
       1
       0
       1
       0
       0
       0
       0
       0
       0
       0
       0
       0
       1
       0
       0
       0
       0
       0
       0
       0
       0
       0
       0
       1
       0
       0
       0
       0
       1
       0
       0
       0
       1
       0
       0
       0
       0
       1
       0
       0
       0
       0
       1
       0
       0
       1
       0
       0
       0
       0
       0
       0
       0
       0
       0
       1
       0
       0
       0
       0
       1
       0
       0
       0
       0
       1
       0
       0
       0
       0
       0
       0
       0
       0
       0
       0
       0
       0
       0
       0
       0
       0
       0
       0
       0
       0
       0
       0
       0
       0
       0
       0
       0
       0
       0
       0
       0
       0
       1
       0
       0
       0
       0
       1
       0
       0
       0
       0
       0
       0
       0
       0
       0
       0
       0
       0
       0
       0
       0
       0
       0
       0
       0
       1
       0
       0
       0
       0
       0
       0
       0
       0
       0
       0
       0
       0
       0
       1
       0
       0
       0
       0
       0
       0
       0
       0
       0
       1
       0
       0
       0
       0
       0
       0
       0
       0
       0
       0
       0
       0
       0
       0
       0
       0
       0
       0
       1
       0
       0
       1
       0
       0
       0
       1
       0
       0
       0
       0
       0
       0
       0
       0
       0
       0
       0
       1
       0
       0
       0
       0
       0
       0
       0
       0
       1
       0
       0
       0
       0
       0
       0
       0
       0
       0
       0
       0
       0
       0
       0
       0
       0
       0
       0
       0
       0
       0
       0
       1
       0
       0
       0
       0
       0
       0
       0
       0
       0
       0
       0
       0
       0
       0
       0
       0
       0
       0
       0
       0
       0
       0
       0
       0
       0
       0
       0
       0
       0
       0
       0
       0
       1
       0
       0
       0
       0
       0
       0
       0
       0
       0
       0
       0
       0
       0
       0
       0
       0
       0
       0
       0
       1
       0
       0
       0
       0
       0
       0
       0
       0
       0
       0
       0
       0
       0
       0
       0
       0
       1
       0
       0
       0
       0
       0
       0
       0
       0
       0
       0
       0
       0
       0
       0
       0
       0
       0
       0
       0
       0
       0
       0
       0
       0
       0
       0
       0
       0
       0
       0
       0
       0
       0
       1
       0
       0
       0
       0
       0
       0
       0
       0
       1
       0
       0
       0
       0
       0
       0
       0
       0
       0
       0
       0
       0
       0
       1
       0
       0
       0
       0
       0
       0
       1
       0
       0
       0
       0
       0
       0
       0
       0
       0
       0
       0
       0
       0
       0
       0
       0
       0
       1
       0
       0
       0
       0
       0
       0
       0
       0
       1
       0
       0
       0
       0
       0
       0
       0
       0
       0
       0
       0
       0
       0
       0
       0
       0
       0
       0
       0
       0
       0
       0
       0
       0
       0
       0
       0
       0
       0
       0
       0
       0
       0
       0
       0
       0
       0
       0
       0
       0
       0
       0
       0
       0
       0
       0
       0
       0
       0
       0
       0
       0
       0
       0
       0
       0
       0
       0
       0
       0
       0
       0
       0
       0
       0
       0
       0
       0
       0
       0
       0
       0
       0
       0
       0
       0
       0
       0
       0
       0
       0
       0
       0
       0
       0
       0
       0
       0
       0
       0
       0
       0
       0
       0
       0
       0
       0
       1
       0
       1
       0
       0
       0
       0
       0
       0
       0
       0
       0
       0
       0
       0
       0
       0
       0
       0
       0
       0
       0
       0
       0
       0
       0
       0
       0
       0
       0
       0
       0
       0
       0
       0
       1
       0
       0
       0
       0
       0
       0
       0
       0
       0
       0
       0
       0
       0
       0
       0
       0
       0
       0
       0
       0
       0
       0
       0
       0
       0
       0
       0
       0
       0
       0
       0
       0
       0
       0
       0
       0
       0
       0
       0
       0
       0
       0
       0
       0
       0
       0
       0
       0
       0
       0
       1
       0
       0
       0
       0
       0
       0
       0
       0
       0
       0
       0
       1
       0
       0
       0
       0
       0
       0
       0
       0
       0
       0
       0
       0
       0
       0
       0
       1
       0
       0
       0
       0
       0
       0
       0
       1
       0
       0
       0
       0
       0
       0
       0
       0
       0
       0
       0
       0
       0
       0
       0
       1
       0
       0
       0
       0
       0
       0
       0
       0
       0
       0
       0
       0
       0
       0
       1
       0
       0
       0
       0
       0
       0
       0
       0
       1
       0
       0
       0
       0
       0
       0
       0
       0
       0
       0
       0
       0
       0
       0
       0
       0
       0
       0
       0
       0
       0
       0
       0
       0
       0
       0
       0
       0
       0
       0
       0
       0
       0
       0
       0
       0
       1
       0
       0
       0
       0
       0
       0
       0
       0
       0
       0
       0
       0
       0
       0
       0
       0
       0
       0
       0
       0
       0
       0
       0
       0
       0
       0
       0
       0
       0
       0
       0
       0
       0
       0
       0
       0
       0
       0
       0
       0
       0
       0
       0
       0
       0
       0
       0
       0
       0
       0
       0
       0
       0
       0
       0
       0
       0
       0
       0
       0
       0
       0
       0
       0
       0
       0
       0
       0
       0
       0
       0
       0
       0
       0
       0
       0
       0
$ROI:
1
921 1079
$PRESETS:
None
0
0
$ENER_FIT:
0.000000 6.583851
$MCA_CAL:
3
0.000000E+000 6.583851E+000 0.000000E+000 keV
$SHAPE_CAL:
3
0.000000E+000 0.000000E+000 0.000000E+000
