$SPEC_ID:
Run 608, Background
$SPEC_REM:
DET# 1
DETDESC# Electrostatic MCA
AP# Maestro Version 6.08
$DATE_MEA:
09/24/2020 16:21:39
$MEAS_TIM:
667755 792059
$DATA:
0 2047
       0
       0
       0
       1
       0
       0
       0
       0
       0
       0
       0
       0
       0
       0
       0
       0
       0
       0
       1
       0
       1
       0
       0
       0
       0
       0
       0
       0
       0
       0
       0
       0
       0
       0
       0
       0
       0
       0
       0
       0
       0
       1
       0
       0
       0
       0
       0
       1
       0
       0
       0
       0
       0
       0
       0
       0
       0
       0
       0
       0
       0
       1
       0
       0
       0
       0
       6
       1
       6
  116890
107123293
140390145
137833729
135515855
133344333
131350087
129507021
127749678
126073772
124470991
123001142
121563186
120178759
118811819
117478386
116157519
114866324
113559202
112283728
110987035
109738323
108434076
107145125
105826266
104529387
103213794
101870622
100512917
99148417
97783841
96426315
95025822
93651407
92244509
90831761
89390507
87989579
86549044
85133343
83695376
82260647
80821752
79393724
77939183
76513908
75066871
73643273
72224618
70798077
69390523
67990848
66573734
65177900
63800436
62432160
61074431
59706721
58370165
57034368
55717241
54425014
53130464
51852534
50585962
49337756
48123491
46915304
45713492
44534176
43355485
42215387
41085263
39981179
38894390
37824513
36752785
35715199
34707723
33716645
32727621
31769262
30831140
29899616
29004260
28108901
27242593
26399291
25563866
24760434
23967655
23192897
22442513
21703505
20979981
20286213
19605805
18936704
18288950
17662714
17041868
16445144
15867880
15300575
14755292
14218468
13701544
13201773
12714183
12241767
11780356
11338174
10909382
10491195
10090252
 9695682
 9317985
 8954891
 8596015
 8256169
 7925597
 7607719
 7295476
 7004336
 6715729
 6433689
 6166724
 5917622
 5669794
 5428378
 5196546
 4978776
 4757727
 4558493
 4359476
 4171542
 3991242
 3812637
 3648225
 3482511
 3328810
 3177832
 3035752
 2899563
 2767222
 2640475
 2521536
 2406420
 2295720
 2188970
 2087575
 1988333
 1896176
 1805649
 1721469
 1637847
 1563217
 1487436
 1416054
 1348336
 1283642
 1222308
 1160067
 1106293
 1052445
  999542
  950647
  904816
  859608
  817706
  776549
  738067
  702302
  667833
  633421
  601846
  571611
  544111
  516414
  490053
  465528
  441209
  419414
  397813
  377671
  359582
  339597
  322938
  306581
  291237
  275768
  262097
  249741
  237014
  224725
  213422
  202237
  191652
  182299
  172647
  164165
  156672
  147798
  141043
  133161
  126857
  121144
  115149
  108757
  103946
   98387
   93259
   89543
   84752
   80451
   76690
   73188
   69865
   66069
   63064
   60604
   57332
   55082
   51984
   49771
   47966
   45168
   42948
   41174
   39477
   37927
   36042
   34732
   33404
   31928
   30282
   29285
   28307
   27012
   26036
   24792
   23805
   22802
   21767
   21072
   20503
   19504
   18828
   18284
   17560
   16848
   16404
   15679
   15113
   14724
   14121
   13643
   13242
   13054
   12645
   12115
   11575
   11340
   11041
   10590
   10243
   10291
    9859
    9480
    9062
    8951
    8566
    8469
    8088
    7817
    7753
    7486
    7279
    7085
    6833
    6855
    6448
    6391
    6131
    6076
    5980
    5679
    5641
    5508
    5364
    5192
    5022
    4907
    4819
    4832
    4680
    4574
    4453
    4336
    4203
    4067
    3984
    3846
    3840
    3572
    3591
    3566
    3442
    3291
    3329
    3209
    3053
    3023
    2987
    2980
    2837
    2755
    2723
    2617
    2648
    2433
    2517
    2444
    2387
    2366
    2117
    2098
    2115
    1955
    2000
    1968
    1872
    1904
    1833
    1863
    1724
    1662
    1628
    1643
    1589
    1534
    1457
    1420
    1417
    1336
    1336
    1353
    1270
    1289
    1254
    1204
    1095
    1123
    1091
    1055
    1036
    1019
     979
     921
     920
     893
     875
     856
     842
     795
     805
     771
     713
     765
     680
     699
     697
     643
     606
     611
     632
     540
     552
     523
     522
     501
     494
     449
     427
     423
     427
     448
     403
     377
     381
     367
     370
     335
     325
     299
     304
     306
     294
     280
     261
     260
     242
     232
     225
     229
     216
     214
     221
     196
     183
     163
     146
     166
     144
     179
     153
     137
     120
     149
     123
     137
     118
     115
     113
     106
      99
      99
      90
      92
      89
      69
      71
      81
      65
      72
      73
      65
      65
      59
      64
      55
      50
      35
      47
      35
      46
      45
      38
      38
      43
      40
      31
      32
      32
      31
      37
      22
      27
      25
      25
      18
      27
      24
      23
      19
      27
      15
      20
      20
      12
      14
      12
      16
       8
      10
      12
      10
      14
      10
      15
      12
       7
       9
       5
       8
       4
       5
       7
       4
      10
       9
       3
       4
       1
       1
       2
       5
      11
       3
       5
       3
       4
       4
       6
       6
       3
       2
       1
       0
       3
       0
       3
       2
       4
       0
       2
       4
       1
       1
       4
       1
       1
       2
       2
       1
       2
       1
       1
       3
       0
       0
       0
       3
       1
       2
       0
       1
       1
       1
       0
       3
       4
       0
       2
       0
       1
       1
       3
       0
       3
       2
       3
       0
       1
       1
       0
       2
       0
       0
       0
       3
       1
       1
       1
       1
       2
       1
       0
       2
       5
       1
       1
       1
       3
       0
       2
       0
       4
       1
       0
       1
       2
       1
       0
       0
       2
       0
       1
       1
       1
       1
       1
       0
       0
       1
       0
       0
       1
       0
       0
       1
       2
       1
       1
       0
       1
       0
       0
       1
       1
       0
       3
       0
       0
       0
       0
       0
       2
       1
       0
       1
       1
       2
       1
       0
       0
       0
       2
       1
       0
       1
       0
       0
       0
       0
       0
       2
       2
       0
       3
       0
       0
       1
       0
       0
       0
       1
       4
       1
       4
       0
       0
       0
       1
       2
       1
       1
       1
       0
       0
       1
       0
       0
       2
       2
       2
       0
       0
       0
       0
       3
       0
       0
       0
       0
       1
       2
       3
       0
       2
       0
       1
       0
       1
       2
       0
       2
       1
       0
       0
       1
       1
       1
       1
       2
       0
       1
       2
       1
       0
       0
       1
       0
       2
       1
       3
       1
       0
       2
       2
       1
       0
       2
       3
       1
       1
       1
       0
       2
       0
       2
       0
       5
       1
       1
       1
       1
       1
       2
       2
       1
       3
       0
       1
       2
       1
       1
       3
       2
       1
       1
       0
       0
       0
       1
       0
       0
       2
       1
       2
       5
       0
       0
       3
       2
       1
       1
       2
       3
       4
       3
       3
       5
       4
       1
       3
       4
       2
       2
       7
       3
       7
       2
       3
       3
       1
       3
       6
       7
       5
       3
       5
       4
       6
       1
       7
       4
       4
       9
       3
       6
       2
       9
       7
       5
      10
       8
       8
       9
       9
       8
       6
       4
      13
       5
       7
      12
       8
       9
       8
      12
       7
       7
       8
       5
       9
      11
      11
       7
       9
       5
      15
      10
       8
       5
       7
       9
      10
       8
      10
       7
       7
       9
       9
      11
      11
       4
       7
       6
       4
       5
       6
       7
       3
       3
       6
       6
       4
       6
       3
       4
       4
       5
       5
       6
       7
       5
       4
       2
       4
       4
       2
       4
       3
       1
       4
       1
       0
       2
       4
       0
       3
       1
       2
       2
       1
       1
       1
       0
       0
       2
       1
       1
       0
       0
       0
       3
       2
       0
       2
       0
       0
       1
       1
       0
       0
       2
       1
       0
       0
       1
       0
       0
       1
       1
       0
       0
       0
       1
       0
       0
       0
       0
       3
       0
       1
       0
       0
       0
       1
       0
       0
       1
       1
       0
       0
       1
       0
       0
       0
       0
       1
       1
       1
       1
       0
       1
       1
       1
       1
       0
       0
       0
       1
       0
       0
       1
       0
       0
       0
       0
       0
       1
       0
       0
       1
       0
       0
       0
       0
       2
       1
       1
       1
       0
       1
       1
       0
       0
       0
       0
       0
       1
       1
       0
       0
       0
       0
       0
       1
       1
       1
       1
       0
       0
       0
       0
       0
       0
       0
       0
       0
       1
       0
       0
       0
       0
       1
       0
       0
       0
       0
       0
       0
       0
       0
       0
       1
       1
       0
       0
       0
       0
       0
       0
       0
       0
       0
       0
       0
       0
       0
       0
       0
       0
       0
       0
       0
       0
       1
       0
       0
       1
       1
       0
       0
       0
       0
       2
       0
       1
       0
       0
       0
       0
       0
       0
       1
       0
       0
       0
       0
       0
       0
       0
       0
       0
       0
       0
       1
       1
       1
       1
       0
       0
       0
       2
       0
       0
       0
       0
       0
       0
       0
       0
       0
       0
       0
       0
       0
       0
       0
       0
       0
       0
       0
       0
       0
       1
       0
       0
       0
       0
       0
       0
       0
       0
       0
       0
       1
       0
       0
       0
       0
       0
       0
       0
       0
       1
       0
       0
       0
       1
       0
       0
       0
       0
       0
       0
       0
       0
       0
       0
       0
       0
       0
       0
       0
       0
       1
       0
       0
       0
       0
       1
       0
       0
       0
       0
       0
       0
       1
       1
       0
       2
       0
       0
       0
       0
       0
       0
       0
       0
       0
       1
       1
       0
       1
       0
       1
       0
       0
       1
       0
       0
       0
       0
       0
       0
       0
       1
       0
       0
       0
       0
       0
       0
       0
       0
       0
       0
       0
       0
       1
       0
       0
       1
       0
       2
       0
       1
       0
       1
       0
       0
       0
       0
       0
       0
       0
       0
       0
       0
       0
       0
       1
       1
       0
       1
       1
       0
       0
       0
       0
       0
       0
       0
       0
       0
       0
       0
       0
       0
       0
       0
       0
       1
       0
       1
       0
       0
       0
       0
       0
       0
       0
       0
       0
       1
       0
       0
       0
       0
       0
       0
       0
       0
       0
       0
       1
       0
       0
       0
       0
       1
       0
       0
       0
       1
       0
       0
       0
       0
       1
       0
       0
       0
       0
       1
       0
       0
       1
       0
       0
       0
       0
       0
       0
       0
       0
       0
       1
       0
       0
       0
       0
       1
       0
       0
       0
       0
       1
       0
       0
       0
       0
       0
       0
       0
       0
       0
       0
       0
       0
       0
       0
       0
       0
       0
       0
       0
       0
       0
       0
       0
       0
       0
       0
       0
       0
       0
       0
       0
       0
       1
       0
       0
       0
       0
       1
       0
       0
       0
       0
       0
       0
       0
       0
       0
       0
       1
       0
       0
       0
       0
       0
       0
       0
       0
       1
       0
       0
       0
       0
       0
       0
       0
       0
       0
       0
       0
       0
       0
       1
       0
       0
       0
       0
       0
       0
       0
       0
       0
       1
       0
       0
       0
       0
       0
       0
       0
       0
       0
       0
       0
       0
       0
       0
       0
       0
       0
       1
       1
       0
       0
       1
       0
       0
       0
       1
       0
       0
       0
       0
       0
       0
       1
       0
       0
       0
       0
       1
       0
       0
       0
       0
       0
       0
       0
       0
       1
       0
       0
       0
       0
       0
       0
       0
       0
       0
       0
       0
       0
       0
       0
       0
       0
       0
       0
       0
       0
       0
       0
       1
       0
       0
       0
       0
       0
       0
       0
       0
       0
       0
       0
       0
       0
       0
       0
       0
       0
       0
       0
       0
       0
       0
       0
       0
       0
       0
       0
       0
       0
       0
       0
       0
       1
       0
       0
       0
       0
       0
       0
       0
       0
       0
       0
       0
       0
       0
       0
       0
       0
       0
       0
       0
       1
       0
       0
       0
       0
       0
       0
       0
       0
       0
       0
       0
       0
       0
       0
       0
       0
       1
       0
       0
       0
       0
       0
       0
       0
       0
       0
       0
       0
       0
       0
       0
       0
       0
       0
       0
       0
       0
       0
       0
       0
       0
       0
       0
       0
       0
       0
       0
       0
       0
       0
       1
       0
       0
       0
       0
       0
       0
       0
       0
       1
       0
       0
       0
       0
       0
       0
       0
       0
       0
       0
       0
       0
       0
       1
       0
       0
       0
       0
       0
       0
       1
       0
       0
       0
       0
       0
       0
       0
       0
       0
       0
       0
       0
       0
       0
       0
       0
       0
       1
       0
       0
       0
       0
       0
       0
       0
       0
       1
       0
       0
       0
       0
       0
       0
       0
       0
       0
       0
       0
       0
       0
       0
       0
       0
       0
       0
       0
       0
       0
       0
       0
       0
       0
       0
       0
       0
       0
       0
       0
       0
       0
       0
       0
       0
       0
       0
       0
       0
       0
       0
       0
       0
       0
       0
       0
       0
       0
       0
       0
       0
       0
       0
       0
       0
       0
       0
       0
       0
       0
       0
       0
       0
       0
       0
       0
       0
       0
       0
       0
       0
       0
       0
       0
       0
       0
       0
       0
       0
       0
       0
       0
       0
       0
       0
       0
       0
       0
       0
       0
       0
       0
       0
       0
       0
       0
       1
       0
       1
       0
       0
       0
       0
       0
       0
       0
       0
       0
       0
       0
       0
       0
       0
       0
       0
       0
       0
       0
       0
       0
       0
       0
       0
       0
       0
       0
       0
       0
       0
       0
       0
       1
       0
       0
       0
       0
       0
       0
       0
       0
       0
       0
       0
       0
       0
       0
       0
       0
       0
       0
       0
       0
       0
       0
       0
       0
       0
       0
       0
       0
       0
       0
       0
       0
       0
       0
       0
       0
       0
       0
       0
       0
       0
       0
       0
       0
       0
       0
       0
       0
       0
       0
       1
       0
       0
       0
       0
       1
       0
       0
       0
       0
       0
       0
       1
       0
       0
       0
       0
       0
       0
       0
       0
       0
       0
       0
       0
       0
       0
       0
       1
       0
       0
       0
       0
       0
       0
       0
       1
       0
       0
       0
       0
       0
       0
       0
       0
       0
       0
       0
       0
       0
       0
       0
       1
       0
       0
       0
       0
       0
       0
       0
       0
       0
       0
       0
       0
       0
       0
       1
       0
       0
       0
       0
       0
       0
       0
       0
       1
       0
       0
       0
       0
       0
       0
       0
       0
       0
       0
       0
       0
       0
       0
       0
       0
       0
       0
       0
       0
       0
       0
       0
       0
       0
       0
       0
       0
       0
       0
       0
       0
       0
       0
       0
       0
       1
       0
       0
       0
       0
       0
       0
       0
       0
       0
       0
       0
       0
       0
       0
       0
       0
       0
       0
       0
       0
       0
       0
       0
       0
       0
       0
       0
       0
       0
       0
       0
       0
       0
       0
       0
       0
       0
       0
       0
       0
       0
       0
       0
       0
       0
       0
       0
       0
       0
       0
       0
       0
       0
       0
       0
       0
       0
       0
       0
       0
       0
       0
       0
       0
       0
       0
       0
       0
       0
       0
       0
       0
       0
       0
       0
       0
       0
$ROI:
1
921 1079
$PRESETS:
None
0
0
$ENER_FIT:
0.000000 6.583851
$MCA_CAL:
3
0.000000E+000 6.583851E+000 0.000000E+000 keV
$SHAPE_CAL:
3
0.000000E+000 0.000000E+000 0.000000E+000
