$SPEC_ID:
Run 608, Background
$SPEC_REM:
DET# 1
DETDESC# Electrostatic MCA
AP# Maestro Version 6.08
$DATE_MEA:
09/24/2020 16:21:39
$MEAS_TIM:
920064 1249294
$DATA:
0 2047
       0
       0
       0
       1
       0
       0
       0
       0
       0
       0
       0
       0
       0
       0
       0
       0
       0
       0
       1
       0
       1
       0
       0
       0
       0
       0
       0
       0
       0
       0
       0
       0
       0
       0
       0
       0
       0
       0
       0
       0
       0
       1
       0
       0
       0
       0
       0
       1
       0
       0
       0
       0
       0
       0
       0
       0
       0
       0
       0
       0
       0
       1
       0
       0
       0
       0
       7
       3
      15
 1257852
284987296
360214487
357589784
355181094
352829318
350620766
348472309
346378515
344305624
342272655
340290675
338287904
336341389
334293554
332265271
330179430
328130618
325960802
323806965
321554860
319323753
317000236
314634631
312193558
309777392
307260369
304700903
302077912
299441003
296779700
294050498
291256118
288463426
285555567
282672584
279752184
276802646
273795787
270795295
267765636
264676560
261591805
258482200
255313531
252184471
248997041
245853813
242673632
239426312
236270949
233085847
229861348
226647835
223429219
220217525
216987469
213808579
210613840
207414062
204263842
201061972
197931806
194772567
191628761
188518303
185458833
182353434
179304489
176260504
173233772
170225334
167274104
164315730
161406288
158520751
155613290
152793496
149960635
147202718
144432355
141705354
139005149
136315514
133665520
131085376
128505704
125967318
123444069
120988708
118521384
116105178
113761580
111396782
109072752
106827588
104550954
102341786
100176326
98010466
95922900
93823734
91775851
89773458
87800532
85860747
83956746
82086421
80224628
78411608
76642912
74900170
73180434
71472986
69841893
68213987
66619076
65067491
63528812
62035861
60546052
59105955
57696675
56315672
54956341
53615780
52306408
51036841
49797501
48565212
47379540
46201881
45040057
43935567
42819562
41744739
40710257
39676373
38665815
37670740
36725500
35777763
34859367
33971297
33092134
32229471
31390703
30582194
29780777
28994705
28229525
27493581
26760076
26060711
25368577
24680848
24030187
23380110
22756496
22153698
21550096
20974714
20397274
19841518
19306457
18781485
18267551
17766526
17282057
16800572
16341789
15887088
15454522
15023719
14599419
14199608
13795979
13413322
13046209
12672790
12318034
11965726
11624492
11298700
10973850
10666780
10357590
10069203
 9783199
 9499644
 9226852
 8960137
 8703102
 8450641
 8205660
 7970671
 7741102
 7514898
 7300985
 7084122
 6877643
 6682149
 6487025
 6296824
 6105205
 5929772
 5750149
 5585499
 5421862
 5260181
 5106677
 4950867
 4811196
 4665359
 4525547
 4393697
 4261665
 4132627
 4008621
 3887950
 3770098
 3656424
 3549459
 3438126
 3335200
 3238736
 3137210
 3042641
 2948759
 2860360
 2771984
 2686794
 2605154
 2525516
 2447989
 2372055
 2298330
 2227776
 2159697
 2093620
 2030314
 1966511
 1905619
 1844142
 1786227
 1730444
 1679794
 1625681
 1574707
 1524105
 1478515
 1432363
 1388095
 1342805
 1302317
 1258854
 1219798
 1180640
 1144375
 1106669
 1072278
 1036390
 1005919
  973067
  940145
  912530
  882936
  853156
  826311
  799002
  774987
  748213
  726009
  699385
  678380
  656151
  634428
  614803
  592462
  573778
  555106
  537662
  518353
  502155
  485438
  468705
  454017
  437617
  423631
  409622
  396934
  383064
  370444
  357355
  345542
  335567
  322775
  311997
  302024
  291556
  282346
  271410
  262739
  254303
  245977
  236786
  229059
  221087
  212509
  206246
  199070
  192247
  186183
  180039
  172745
  167620
  161085
  154900
  150812
  146218
  139690
  135622
  130513
  126209
  121589
  117706
  113048
  109129
  105580
  102301
   97549
   94683
   90804
   88038
   85153
   81762
   78689
   76378
   73323
   71005
   67657
   66062
   63670
   61223
   58815
   56712
   54988
   52404
   51245
   49354
   47335
   45379
   44000
   42494
   40725
   39365
   37835
   36042
   34977
   34040
   32592
   31189
   30313
   29035
   28268
   27269
   26097
   25071
   24059
   23069
   22392
   21374
   20436
   19647
   18974
   18357
   17608
   16995
   16424
   15711
   15052
   14788
   13801
   13454
   12949
   12406
   11904
   11517
   11226
   10642
   10305
    9898
    9393
    9134
    8852
    8383
    8207
    7797
    7469
    7071
    6890
    6519
    6166
    6124
    5889
    5620
    5460
    5199
    4989
    4882
    4577
    4459
    4319
    4053
    3926
    3717
    3534
    3378
    3287
    3179
    3027
    2988
    2737
    2780
    2573
    2501
    2408
    2289
    2172
    2083
    1967
    1944
    1859
    1727
    1677
    1676
    1537
    1451
    1403
    1452
    1371
    1269
    1152
    1187
    1097
    1109
     990
     991
     995
     927
     878
     787
     784
     781
     765
     714
     660
     625
     624
     565
     587
     587
     533
     490
     460
     442
     450
     440
     442
     359
     390
     379
     357
     318
     285
     292
     307
     294
     294
     258
     250
     263
     224
     225
     191
     203
     176
     196
     191
     188
     162
     185
     143
     175
     142
     133
     130
     134
     140
     113
     130
     128
     119
      97
     105
      97
     106
      87
      80
     102
      77
     102
      80
      76
      74
      75
      70
      65
      71
      64
      55
      61
      67
      69
      56
      40
      57
      64
      55
      38
      44
      42
      40
      48
      37
      38
      39
      50
      33
      38
      43
      35
      33
      41
      32
      16
      22
      29
      28
      27
      32
      43
      30
      29
      26
      22
      14
      23
      33
      20
      28
      25
      20
      18
      22
      22
      14
      17
      17
      27
      14
      24
      18
      13
      18
      19
      20
      14
       9
      13
      13
      18
      11
      11
      13
       8
       5
      11
      15
      12
       5
       9
       7
       9
       6
      11
      14
      15
       8
       2
       7
      10
       7
       9
       4
       8
       7
       8
       8
       7
      10
       9
       5
       3
       4
       2
       3
       4
      10
       4
       5
      10
       7
       8
       3
       5
       4
       8
       2
       3
       5
       6
       5
       6
       2
       4
       6
       8
       7
       6
       3
       1
       1
       3
       1
       3
       6
       4
       2
       8
       3
       1
       3
       4
       4
       3
       3
       2
       1
       0
       1
       1
       4
       4
       6
       4
       2
       3
       1
       0
       4
       3
       4
       1
       4
       2
       2
       6
       2
       3
       2
       3
       4
       3
       5
       3
       2
       6
       1
       3
       2
       1
       3
       2
       3
       3
       5
       2
       1
       1
       0
       2
       2
       4
       2
       3
       2
       3
       5
       2
       2
       1
       4
       6
       1
       4
       1
       2
       2
       1
       5
       0
       8
       2
       3
       3
       4
       7
       5
       2
       3
       3
       0
       2
       4
       4
       3
       5
       6
       1
       4
       2
       4
       1
       4
       2
       2
       7
       2
       4
       6
       2
       2
       4
       2
       3
       3
       5
       4
       6
       4
       4
       8
       4
       5
       5
       8
       5
       5
       7
       5
      10
       3
       5
       4
       6
       4
       8
       9
       6
       3
       9
       7
       8
       2
      13
       5
       8
      12
       4
      11
       4
      10
       8
       7
      13
      10
       9
      11
      10
      10
       7
       7
      15
      10
       8
      14
       9
      14
      10
      15
       9
       7
       9
      10
      12
      12
      12
      11
      10
      13
      18
      11
      13
       8
       9
       9
      13
       9
      12
       8
      11
      10
      10
      13
      17
       4
      10
       8
       8
       6
       9
       9
       4
       5
      12
       7
       4
       7
       4
       9
       6
       7
       8
       9
       8
       5
       5
       3
       7
       5
       3
       4
       3
       3
       4
       3
       1
       2
       5
       1
       4
       3
       2
       3
       2
       3
       4
       0
       2
       4
       2
       5
       0
       4
       1
       4
       3
       0
       3
       1
       2
       3
       1
       1
       1
       2
       1
       1
       1
       1
       2
       2
       2
       2
       2
       1
       0
       1
       0
       0
       0
       0
       3
       0
       1
       1
       0
       0
       2
       0
       1
       3
       1
       2
       0
       2
       1
       0
       1
       0
       2
       1
       1
       1
       0
       2
       3
       1
       2
       0
       1
       0
       2
       0
       0
       1
       2
       0
       0
       0
       1
       1
       0
       0
       1
       0
       0
       0
       0
       2
       1
       1
       1
       1
       1
       1
       0
       0
       0
       0
       0
       2
       1
       2
       1
       0
       0
       0
       1
       1
       1
       2
       0
       0
       1
       0
       0
       0
       0
       1
       0
       2
       0
       0
       1
       0
       2
       0
       0
       1
       0
       0
       0
       0
       0
       0
       1
       1
       1
       0
       0
       0
       0
       0
       0
       0
       0
       0
       0
       0
       0
       0
       0
       0
       0
       0
       0
       0
       1
       1
       0
       1
       1
       0
       0
       0
       0
       2
       0
       1
       1
       0
       0
       0
       0
       0
       1
       0
       0
       0
       0
       0
       0
       0
       1
       0
       0
       0
       1
       1
       2
       1
       0
       0
       0
       2
       0
       0
       0
       1
       0
       0
       0
       0
       0
       0
       1
       0
       0
       0
       0
       0
       0
       0
       0
       0
       0
       1
       0
       0
       0
       0
       0
       0
       0
       0
       0
       0
       1
       1
       0
       0
       0
       2
       1
       0
       0
       1
       0
       0
       0
       1
       1
       0
       1
       0
       0
       0
       0
       0
       1
       0
       1
       0
       0
       1
       0
       1
       1
       0
       0
       1
       0
       1
       0
       0
       0
       0
       0
       0
       1
       1
       0
       2
       0
       0
       0
       0
       0
       0
       1
       0
       0
       1
       1
       0
       1
       0
       2
       1
       0
       1
       0
       0
       0
       0
       0
       0
       0
       1
       0
       0
       0
       1
       1
       1
       0
       0
       0
       0
       0
       0
       1
       0
       0
       1
       0
       3
       1
       1
       0
       2
       0
       0
       0
       0
       0
       0
       0
       0
       0
       0
       0
       0
       1
       1
       0
       1
       1
       0
       0
       0
       0
       0
       0
       0
       0
       0
       0
       1
       0
       0
       0
       0
       0
       1
       1
       1
       0
       0
       0
       0
       0
       0
       0
       0
       0
       1
       0
       0
       0
       0
       0
       0
       0
       0
       0
       0
       1
       0
       0
       0
       0
       2
       0
       0
       1
       1
       0
       0
       0
       0
       1
       0
       0
       0
       0
       1
       0
       0
       1
       0
       0
       0
       0
       0
       0
       0
       0
       0
       1
       0
       0
       0
       0
       1
       0
       0
       0
       0
       1
       0
       0
       0
       0
       0
       0
       0
       0
       0
       0
       0
       0
       0
       0
       0
       0
       0
       0
       1
       0
       0
       0
       0
       0
       0
       0
       0
       0
       0
       0
       0
       0
       1
       0
       0
       0
       0
       1
       1
       0
       0
       0
       0
       0
       0
       0
       0
       0
       2
       0
       0
       0
       0
       0
       0
       0
       0
       1
       0
       0
       0
       0
       0
       0
       0
       1
       0
       0
       0
       0
       0
       1
       0
       1
       0
       0
       1
       0
       0
       0
       0
       1
       0
       0
       0
       0
       0
       0
       0
       0
       0
       0
       0
       0
       0
       0
       0
       0
       1
       1
       1
       0
       0
       1
       0
       0
       1
       1
       0
       0
       1
       0
       0
       0
       1
       0
       0
       0
       0
       1
       0
       0
       0
       0
       0
       0
       0
       0
       1
       0
       0
       0
       0
       0
       1
       0
       0
       0
       0
       0
       0
       0
       0
       0
       0
       0
       0
       0
       0
       0
       0
       1
       0
       0
       0
       0
       0
       0
       0
       0
       0
       0
       0
       0
       0
       0
       0
       0
       0
       0
       0
       0
       0
       0
       0
       0
       0
       0
       0
       0
       0
       0
       0
       0
       1
       0
       0
       0
       0
       0
       0
       0
       0
       0
       0
       0
       1
       0
       0
       0
       0
       0
       0
       0
       1
       0
       0
       0
       0
       0
       0
       0
       0
       0
       0
       0
       0
       0
       0
       0
       0
       1
       0
       0
       0
       0
       0
       1
       0
       0
       0
       0
       0
       0
       0
       0
       0
       0
       0
       0
       0
       0
       0
       0
       0
       0
       0
       0
       0
       0
       0
       0
       0
       0
       0
       1
       0
       0
       0
       0
       0
       0
       0
       0
       1
       0
       0
       0
       0
       0
       0
       0
       0
       0
       0
       0
       0
       0
       1
       0
       0
       0
       0
       0
       0
       1
       0
       0
       0
       0
       0
       0
       0
       0
       0
       0
       0
       0
       0
       0
       0
       0
       0
       1
       0
       0
       0
       0
       0
       0
       0
       0
       1
       0
       0
       0
       0
       0
       0
       0
       0
       0
       0
       0
       0
       0
       0
       0
       0
       0
       0
       0
       0
       0
       0
       0
       0
       0
       0
       0
       0
       0
       0
       0
       0
       0
       0
       0
       0
       0
       0
       0
       0
       0
       0
       0
       0
       0
       0
       0
       0
       0
       0
       0
       0
       0
       0
       0
       0
       0
       0
       0
       0
       0
       1
       0
       0
       0
       0
       0
       0
       0
       0
       0
       0
       0
       0
       0
       0
       0
       0
       0
       0
       0
       0
       0
       0
       0
       1
       0
       0
       0
       0
       0
       0
       0
       0
       0
       0
       0
       1
       0
       1
       0
       0
       0
       0
       0
       0
       0
       0
       0
       0
       0
       0
       0
       0
       0
       0
       0
       0
       0
       0
       0
       0
       0
       0
       0
       0
       0
       0
       0
       0
       0
       0
       1
       0
       0
       0
       0
       0
       0
       0
       0
       0
       0
       0
       0
       0
       0
       0
       0
       2
       0
       0
       0
       0
       0
       0
       0
       0
       0
       0
       0
       0
       0
       0
       0
       0
       0
       0
       0
       1
       0
       0
       0
       0
       0
       0
       0
       0
       0
       0
       0
       0
       0
       1
       0
       0
       0
       0
       1
       0
       0
       0
       0
       0
       0
       1
       0
       0
       0
       0
       0
       0
       0
       0
       0
       0
       0
       0
       0
       0
       0
       1
       0
       0
       0
       0
       0
       0
       0
       1
       0
       0
       0
       0
       0
       0
       0
       0
       0
       0
       0
       0
       0
       0
       0
       1
       0
       0
       0
       0
       0
       0
       0
       0
       0
       0
       0
       0
       0
       0
       1
       0
       0
       0
       0
       0
       0
       1
       0
       1
       0
       0
       0
       0
       0
       0
       0
       0
       0
       0
       0
       0
       0
       0
       0
       0
       0
       0
       0
       0
       0
       0
       0
       0
       0
       0
       0
       0
       0
       0
       0
       0
       0
       0
       0
       1
       1
       0
       0
       0
       0
       0
       0
       0
       0
       0
       0
       0
       0
       0
       0
       0
       0
       0
       0
       0
       0
       0
       0
       0
       0
       0
       0
       1
       0
       0
       0
       0
       0
       0
       0
       0
       0
       0
       0
       1
       0
       0
       0
       0
       0
       0
       0
       0
       0
       0
       0
       0
       0
       0
       0
       0
       0
       0
       0
       0
       0
       0
       0
       0
       0
       0
       0
       0
       0
       0
       0
       0
       0
       0
       0
       0
       0
       0
$ROI:
1
921 1079
$PRESETS:
None
0
0
$ENER_FIT:
0.000000 6.583851
$MCA_CAL:
3
0.000000E+000 6.583851E+000 0.000000E+000 keV
$SHAPE_CAL:
3
0.000000E+000 0.000000E+000 0.000000E+000
