$SPEC_ID:
Run 608, Background
$SPEC_REM:
DET# 1
DETDESC# Electrostatic MCA
AP# Maestro Version 6.08
$DATE_MEA:
09/24/2020 16:21:39
$MEAS_TIM:
722229 889267
$DATA:
0 2047
       0
       0
       0
       1
       0
       0
       0
       0
       0
       0
       0
       0
       0
       0
       0
       0
       0
       0
       1
       0
       1
       0
       0
       0
       0
       0
       0
       0
       0
       0
       0
       0
       0
       0
       0
       0
       0
       0
       0
       0
       0
       1
       0
       0
       0
       0
       0
       1
       0
       0
       0
       0
       0
       0
       0
       0
       0
       0
       0
       0
       0
       1
       0
       0
       0
       0
       6
       2
       8
  202198
146820180
191525744
188851785
186433609
184130914
181992795
179980076
178044359
176168270
174374906
172672687
170995603
169368008
167734102
166134889
164521674
162938329
161316644
159714203
158084825
156470255
154812326
153154810
151468593
149788544
148062982
146326539
144557906
142766329
140983664
139193971
137351172
135520768
133658717
131791311
129899711
128021156
126106988
124208375
122311820
120381970
118457419
116534973
114584265
112660469
110704877
108802827
106882141
104954775
103046442
101150546
99246186
97350328
95465212
93596939
91730480
89878940
88054207
86216532
84421835
82635893
80869730
79105543
77361462
75631612
73941557
72275637
70602511
68961815
67326633
65729192
64154603
62606248
61073881
59571410
58072756
56611779
55183896
53774512
52377310
51000598
49671669
48345378
47050821
45780899
44532440
43308777
42100981
40938640
39792917
38660328
37573469
36490810
35426208
34409249
33401275
32413046
31453050
30514388
29600435
28701221
27828079
26976948
26151325
25336327
24545557
23793707
23032106
22313884
21603987
20917785
20244454
19583838
18963237
18340722
17738294
17162556
16594653
16046790
15510745
14996955
14489008
14010525
13539746
13073554
12629757
12207092
11791027
11384549
10995953
10621039
10241004
 9895643
 9545072
 9215986
 8903331
 8586500
 8286797
 7988811
 7713930
 7439687
 7172080
 6927124
 6676868
 6438551
 6211511
 5992876
 5776213
 5570705
 5369811
 5180670
 4996394
 4811904
 4641207
 4470528
 4311667
 4157484
 4005080
 3863171
 3723732
 3588875
 3456477
 3336701
 3212904
 3097182
 2981430
 2876121
 2774190
 2669540
 2576316
 2482539
 2391261
 2307250
 2220096
 2143625
 2061692
 1987649
 1918088
 1847199
 1780372
 1714613
 1652238
 1593481
 1535371
 1482844
 1424992
 1376550
 1324027
 1276580
 1231731
 1185452
 1144719
 1102052
 1062908
 1024924
  987940
  950987
  918826
  883668
  851453
  822809
  793174
  763432
  734879
  709364
  684141
  660492
  635909
  612023
  591647
  569905
  548918
  530299
  510278
  492304
  475439
  458496
  443077
  427092
  410991
  395156
  381541
  366902
  355357
  342606
  329105
  317677
  307577
  294416
  286121
  274798
  266065
  256115
  247067
  237669
  229692
  221192
  213284
  205902
  198213
  191228
  184497
  176801
  171088
  164788
  159301
  152950
  147902
  141963
  137667
  132599
  127392
  122472
  118390
  113276
  109984
  105513
  101847
   98568
   94455
   91265
   88082
   84514
   81336
   78545
   75635
   73134
   69386
   67998
   64951
   62458
   60613
   57609
   55978
   53751
   51057
   49860
   47752
   46236
   45057
   42786
   41292
   39247
   38142
   36758
   35055
   33609
   32760
   31377
   30306
   29153
   27939
   26972
   25963
   25217
   23973
   23228
   22064
   21142
   20660
   19590
   19008
   18510
   17365
   16848
   16267
   15561
   14898
   14668
   13836
   13208
   12743
   12282
   11853
   11370
   10951
   10410
   10142
    9756
    9227
    9079
    8755
    8372
    8038
    7573
    7303
    7088
    6752
    6578
    6344
    5990
    5846
    5738
    5570
    5144
    5076
    4749
    4659
    4523
    4241
    4263
    3959
    3864
    3683
    3482
    3411
    3255
    3215
    3091
    2973
    2763
    2718
    2619
    2517
    2437
    2356
    2240
    2114
    2102
    1990
    1938
    1887
    1787
    1745
    1732
    1624
    1510
    1615
    1442
    1417
    1382
    1340
    1226
    1258
    1249
    1096
    1101
    1011
    1022
     944
     939
     859
     850
     835
     812
     793
     752
     758
     683
     673
     691
     618
     609
     564
     559
     567
     558
     514
     490
     477
     461
     429
     418
     425
     421
     379
     392
     365
     370
     304
     290
     311
     285
     306
     296
     262
     238
     272
     233
     246
     246
     228
     205
     213
     210
     195
     180
     195
     192
     137
     164
     164
     158
     151
     155
     127
     120
     118
     126
     135
     113
     100
     110
      98
     108
      98
      97
      87
      96
     107
      76
      88
      70
      86
      85
      67
      71
      63
      63
      61
      65
      67
      69
      59
      60
      53
      58
      67
      53
      51
      57
      64
      45
      39
      47
      41
      52
      40
      39
      45
      33
      39
      38
      39
      33
      28
      41
      31
      48
      31
      35
      33
      39
      28
      21
      33
      35
      28
      34
      26
      25
      26
      22
      30
      29
      23
      23
      18
      24
      22
      27
      23
      18
      14
      24
      23
      19
      17
      19
      11
      18
      19
      25
      19
       8
      19
      20
      16
       7
       8
       9
       8
      11
      13
       6
      16
      15
      11
       3
      19
      11
      10
      14
      11
       4
       5
       9
      10
      10
      12
      17
      13
      12
       5
       8
       8
       6
      12
       3
      10
      13
       5
       8
       6
       7
       4
       6
      10
      14
       5
      13
       5
       7
       5
      12
       8
       8
       1
       2
       7
      10
       5
       5
       7
       4
       1
       5
       5
       6
       3
       5
       1
       5
       1
       5
       7
       4
       5
       0
       4
       3
       3
       6
       2
       1
       4
       2
       4
       4
       5
       5
       1
       2
       3
       1
       2
       2
       4
       1
       3
       4
       3
       2
       2
       1
       0
       2
       2
       2
       2
       2
       1
       2
       0
       2
       4
       6
       5
       4
       2
       0
       1
       1
       1
       0
       2
       4
       2
       6
       0
       0
       0
       1
       2
       2
       3
       1
       0
       0
       1
       0
       2
       2
       2
       2
       1
       1
       0
       0
       4
       0
       2
       1
       0
       1
       2
       3
       0
       2
       2
       2
       1
       1
       2
       1
       2
       2
       0
       2
       1
       1
       1
       1
       2
       1
       1
       2
       1
       0
       0
       1
       0
       3
       2
       3
       1
       1
       4
       2
       1
       0
       2
       3
       1
       1
       1
       0
       2
       0
       3
       0
       6
       2
       2
       1
       2
       3
       2
       2
       1
       3
       0
       1
       3
       1
       1
       3
       2
       1
       1
       1
       2
       0
       2
       0
       0
       2
       1
       2
       5
       1
       2
       3
       2
       1
       1
       2
       3
       5
       3
       3
       5
       4
       4
       3
       5
       4
       2
       7
       3
       7
       2
       3
       3
       1
       4
       6
       7
       5
       3
       5
       5
       7
       2
       9
       4
       5
      11
       3
       9
       2
       9
       7
       6
      12
       8
       8
      11
       9
       9
       6
       6
      14
       6
       7
      12
       9
       9
       8
      12
       7
       7
       8
       7
      11
      11
      12
       8
       9
       6
      15
      10
       9
       6
       7
       9
      11
       9
      10
       7
      10
       9
      10
      11
      13
       4
       9
       7
       4
       5
       6
       9
       3
       3
      10
       6
       4
       7
       3
       6
       5
       5
       5
       7
       7
       5
       4
       3
       6
       5
       3
       4
       3
       2
       4
       1
       0
       2
       4
       0
       3
       1
       2
       2
       1
       2
       1
       0
       2
       2
       1
       2
       0
       1
       0
       3
       2
       0
       2
       0
       0
       1
       1
       0
       0
       2
       1
       0
       0
       1
       0
       0
       1
       1
       0
       0
       0
       1
       0
       0
       0
       0
       3
       0
       1
       0
       0
       0
       2
       0
       0
       1
       1
       0
       0
       1
       0
       0
       0
       0
       1
       1
       1
       1
       0
       2
       2
       1
       1
       0
       0
       0
       1
       0
       0
       1
       0
       0
       0
       0
       1
       1
       0
       0
       1
       0
       0
       0
       0
       2
       1
       1
       1
       0
       1
       1
       0
       0
       0
       0
       0
       1
       1
       0
       1
       0
       0
       0
       1
       1
       1
       1
       0
       0
       0
       0
       0
       0
       0
       1
       0
       1
       0
       0
       0
       0
       1
       0
       0
       0
       0
       0
       0
       0
       0
       0
       1
       1
       0
       0
       0
       0
       0
       0
       0
       0
       0
       0
       0
       0
       0
       0
       0
       0
       0
       0
       0
       0
       1
       0
       0
       1
       1
       0
       0
       0
       0
       2
       0
       1
       1
       0
       0
       0
       0
       0
       1
       0
       0
       0
       0
       0
       0
       0
       0
       0
       0
       0
       1
       1
       1
       1
       0
       0
       0
       2
       0
       0
       0
       0
       0
       0
       0
       0
       0
       0
       0
       0
       0
       0
       0
       0
       0
       0
       0
       0
       0
       1
       0
       0
       0
       0
       0
       0
       0
       0
       0
       0
       1
       0
       0
       0
       0
       0
       0
       0
       0
       1
       0
       0
       0
       1
       0
       0
       0
       0
       0
       0
       0
       0
       0
       0
       0
       0
       0
       0
       0
       0
       1
       0
       0
       0
       0
       1
       0
       0
       0
       0
       0
       0
       1
       1
       0
       2
       0
       0
       0
       0
       0
       0
       1
       0
       0
       1
       1
       0
       1
       0
       2
       0
       0
       1
       0
       0
       0
       0
       0
       0
       0
       1
       0
       0
       0
       1
       0
       0
       0
       0
       0
       0
       0
       0
       1
       0
       0
       1
       0
       3
       1
       1
       0
       2
       0
       0
       0
       0
       0
       0
       0
       0
       0
       0
       0
       0
       1
       1
       0
       1
       1
       0
       0
       0
       0
       0
       0
       0
       0
       0
       0
       0
       0
       0
       0
       0
       0
       1
       0
       1
       0
       0
       0
       0
       0
       0
       0
       0
       0
       1
       0
       0
       0
       0
       0
       0
       0
       0
       0
       0
       1
       0
       0
       0
       0
       2
       0
       0
       1
       1
       0
       0
       0
       0
       1
       0
       0
       0
       0
       1
       0
       0
       1
       0
       0
       0
       0
       0
       0
       0
       0
       0
       1
       0
       0
       0
       0
       1
       0
       0
       0
       0
       1
       0
       0
       0
       0
       0
       0
       0
       0
       0
       0
       0
       0
       0
       0
       0
       0
       0
       0
       0
       0
       0
       0
       0
       0
       0
       0
       0
       0
       0
       0
       0
       0
       1
       0
       0
       0
       0
       1
       1
       0
       0
       0
       0
       0
       0
       0
       0
       0
       1
       0
       0
       0
       0
       0
       0
       0
       0
       1
       0
       0
       0
       0
       0
       0
       0
       0
       0
       0
       0
       0
       0
       1
       0
       1
       0
       0
       0
       0
       0
       0
       0
       1
       0
       0
       0
       0
       0
       0
       0
       0
       0
       0
       0
       0
       0
       0
       0
       0
       1
       1
       1
       0
       0
       1
       0
       0
       1
       1
       0
       0
       1
       0
       0
       0
       1
       0
       0
       0
       0
       1
       0
       0
       0
       0
       0
       0
       0
       0
       1
       0
       0
       0
       0
       0
       0
       0
       0
       0
       0
       0
       0
       0
       0
       0
       0
       0
       0
       0
       0
       0
       0
       1
       0
       0
       0
       0
       0
       0
       0
       0
       0
       0
       0
       0
       0
       0
       0
       0
       0
       0
       0
       0
       0
       0
       0
       0
       0
       0
       0
       0
       0
       0
       0
       0
       1
       0
       0
       0
       0
       0
       0
       0
       0
       0
       0
       0
       0
       0
       0
       0
       0
       0
       0
       0
       1
       0
       0
       0
       0
       0
       0
       0
       0
       0
       0
       0
       0
       0
       0
       0
       0
       1
       0
       0
       0
       0
       0
       0
       0
       0
       0
       0
       0
       0
       0
       0
       0
       0
       0
       0
       0
       0
       0
       0
       0
       0
       0
       0
       0
       0
       0
       0
       0
       0
       0
       1
       0
       0
       0
       0
       0
       0
       0
       0
       1
       0
       0
       0
       0
       0
       0
       0
       0
       0
       0
       0
       0
       0
       1
       0
       0
       0
       0
       0
       0
       1
       0
       0
       0
       0
       0
       0
       0
       0
       0
       0
       0
       0
       0
       0
       0
       0
       0
       1
       0
       0
       0
       0
       0
       0
       0
       0
       1
       0
       0
       0
       0
       0
       0
       0
       0
       0
       0
       0
       0
       0
       0
       0
       0
       0
       0
       0
       0
       0
       0
       0
       0
       0
       0
       0
       0
       0
       0
       0
       0
       0
       0
       0
       0
       0
       0
       0
       0
       0
       0
       0
       0
       0
       0
       0
       0
       0
       0
       0
       0
       0
       0
       0
       0
       0
       0
       0
       0
       0
       1
       0
       0
       0
       0
       0
       0
       0
       0
       0
       0
       0
       0
       0
       0
       0
       0
       0
       0
       0
       0
       0
       0
       0
       0
       0
       0
       0
       0
       0
       0
       0
       0
       0
       0
       0
       1
       0
       1
       0
       0
       0
       0
       0
       0
       0
       0
       0
       0
       0
       0
       0
       0
       0
       0
       0
       0
       0
       0
       0
       0
       0
       0
       0
       0
       0
       0
       0
       0
       0
       0
       1
       0
       0
       0
       0
       0
       0
       0
       0
       0
       0
       0
       0
       0
       0
       0
       0
       1
       0
       0
       0
       0
       0
       0
       0
       0
       0
       0
       0
       0
       0
       0
       0
       0
       0
       0
       0
       1
       0
       0
       0
       0
       0
       0
       0
       0
       0
       0
       0
       0
       0
       1
       0
       0
       0
       0
       1
       0
       0
       0
       0
       0
       0
       1
       0
       0
       0
       0
       0
       0
       0
       0
       0
       0
       0
       0
       0
       0
       0
       1
       0
       0
       0
       0
       0
       0
       0
       1
       0
       0
       0
       0
       0
       0
       0
       0
       0
       0
       0
       0
       0
       0
       0
       1
       0
       0
       0
       0
       0
       0
       0
       0
       0
       0
       0
       0
       0
       0
       1
       0
       0
       0
       0
       0
       0
       0
       0
       1
       0
       0
       0
       0
       0
       0
       0
       0
       0
       0
       0
       0
       0
       0
       0
       0
       0
       0
       0
       0
       0
       0
       0
       0
       0
       0
       0
       0
       0
       0
       0
       0
       0
       0
       0
       0
       1
       0
       0
       0
       0
       0
       0
       0
       0
       0
       0
       0
       0
       0
       0
       0
       0
       0
       0
       0
       0
       0
       0
       0
       0
       0
       0
       1
       0
       0
       0
       0
       0
       0
       0
       0
       0
       0
       0
       0
       0
       0
       0
       0
       0
       0
       0
       0
       0
       0
       0
       0
       0
       0
       0
       0
       0
       0
       0
       0
       0
       0
       0
       0
       0
       0
       0
       0
       0
       0
       0
       0
       0
       0
       0
       0
       0
       0
$ROI:
1
921 1079
$PRESETS:
None
0
0
$ENER_FIT:
0.000000 6.583851
$MCA_CAL:
3
0.000000E+000 6.583851E+000 0.000000E+000 keV
$SHAPE_CAL:
3
0.000000E+000 0.000000E+000 0.000000E+000
