$SPEC_ID:
Run 608, Background
$SPEC_REM:
DET# 1
DETDESC# Electrostatic MCA
AP# Maestro Version 6.08
$DATE_MEA:
09/24/2020 16:21:39
$MEAS_TIM:
665722 788459
$DATA:
0 2047
       0
       0
       0
       1
       0
       0
       0
       0
       0
       0
       0
       0
       0
       0
       0
       0
       0
       0
       1
       0
       1
       0
       0
       0
       0
       0
       0
       0
       0
       0
       0
       0
       0
       0
       0
       0
       0
       0
       0
       0
       0
       1
       0
       0
       0
       0
       0
       1
       0
       0
       0
       0
       0
       0
       0
       0
       0
       0
       0
       0
       0
       1
       0
       0
       0
       0
       6
       1
       6
  114781
105515972
138289676
135740784
133431125
131270879
129285720
127451233
125705349
124043069
122453412
120995773
119573542
118201827
116851962
115534703
114229366
112957309
111668745
110409780
109134778
107903015
106617065
105350298
104049306
102775233
101477153
100158494
98823861
97480477
96140325
94801783
93427272
92076232
90692343
89302436
87885089
86509785
85088328
83699954
82285736
80876522
79461355
78057715
76629545
75228729
73804353
72404328
71012659
69607423
68223802
66848307
65455481
64081526
62729603
61383398
60048888
58703833
57392551
56078528
54783028
53514003
52240510
50984061
49739634
48510923
47316817
46130872
44946365
43789208
42630864
41509403
40399137
39315835
38245463
37191651
36139560
35119635
34128076
33154496
32180960
31239782
30317828
29401807
28519849
27641171
26788964
25961220
25138786
24349992
23569643
22807981
22070700
21344231
20631437
19949811
19281936
18624166
17986490
17371714
16759556
16172824
15606009
15048615
14512168
13984511
13475379
12984687
12505472
12040030
11586162
11152266
10730691
10318995
 9924049
 9536307
 9166098
 8808039
 8455517
 8120873
 7795697
 7483364
 7176324
 6889659
 6605979
 6328939
 6066290
 5821330
 5577120
 5340144
 5112376
 4898111
 4681010
 4484788
 4288367
 4103824
 3926691
 3750904
 3589272
 3426449
 3274983
 3126511
 2986466
 2853004
 2722784
 2598389
 2480897
 2367775
 2258801
 2153598
 2054189
 1956370
 1865769
 1777079
 1693813
 1611702
 1538042
 1463508
 1393334
 1326531
 1263548
 1203135
 1141510
 1088741
 1035752
  983722
  935588
  890358
  846037
  804844
  764256
  726439
  691121
  657272
  623530
  592468
  562598
  535488
  508389
  482364
  458260
  434230
  412875
  391595
  371875
  353885
  334292
  317948
  301899
  286740
  271654
  258084
  245935
  233397
  221235
  210243
  199183
  188648
  179510
  170038
  161729
  154368
  145567
  138884
  131093
  124978
  119373
  113542
  107206
  102419
   96988
   91869
   88207
   83466
   79298
   75500
   72129
   68807
   65120
   62178
   59758
   56526
   54341
   51232
   49074
   47256
   44539
   42385
   40637
   38927
   37408
   35519
   34300
   32974
   31500
   29891
   28881
   27886
   26602
   25663
   24451
   23478
   22503
   21453
   20792
   20242
   19246
   18559
   18036
   17343
   16619
   16142
   15463
   14891
   14538
   13901
   13466
   13048
   12871
   12440
   11934
   11389
   11185
   10885
   10430
   10094
   10161
    9720
    9354
    8943
    8840
    8446
    8332
    7989
    7733
    7659
    7378
    7184
    6997
    6743
    6763
    6373
    6301
    6056
    5976
    5899
    5596
    5569
    5444
    5281
    5108
    4950
    4830
    4755
    4753
    4608
    4494
    4379
    4271
    4147
    4012
    3924
    3781
    3789
    3528
    3541
    3510
    3399
    3235
    3274
    3166
    3010
    2977
    2943
    2933
    2794
    2711
    2687
    2576
    2610
    2396
    2488
    2404
    2356
    2328
    2091
    2074
    2085
    1928
    1975
    1930
    1840
    1868
    1801
    1825
    1697
    1640
    1608
    1621
    1562
    1513
    1433
    1405
    1400
    1319
    1319
    1329
    1248
    1281
    1235
    1187
    1084
    1103
    1074
    1039
    1023
    1010
     963
     904
     903
     882
     867
     845
     832
     785
     800
     761
     697
     754
     671
     690
     683
     633
     597
     599
     619
     535
     547
     515
     514
     497
     489
     443
     421
     413
     418
     438
     396
     374
     379
     364
     367
     333
     324
     297
     300
     304
     293
     277
     256
     260
     242
     230
     223
     226
     213
     212
     216
     196
     177
     161
     145
     162
     140
     177
     153
     133
     119
     144
     121
     135
     115
     113
     112
     106
      95
      99
      89
      91
      87
      69
      69
      79
      64
      71
      72
      62
      63
      59
      63
      55
      50
      33
      46
      34
      46
      43
      38
      36
      43
      39
      30
      32
      32
      31
      36
      22
      26
      25
      24
      18
      27
      24
      23
      19
      27
      14
      18
      20
      12
      12
      12
      15
       8
      10
      12
      10
      14
      10
      14
      12
       7
       9
       5
       8
       4
       5
       6
       4
      10
       9
       3
       4
       1
       1
       2
       5
      11
       3
       5
       3
       4
       4
       5
       6
       3
       2
       1
       0
       3
       0
       3
       2
       4
       0
       2
       4
       1
       1
       4
       1
       1
       2
       2
       1
       2
       1
       1
       2
       0
       0
       0
       3
       1
       2
       0
       1
       1
       1
       0
       3
       4
       0
       2
       0
       1
       1
       3
       0
       3
       2
       3
       0
       1
       1
       0
       2
       0
       0
       0
       3
       1
       1
       1
       1
       2
       1
       0
       2
       5
       1
       1
       1
       3
       0
       2
       0
       4
       1
       0
       1
       2
       1
       0
       0
       2
       0
       1
       1
       1
       1
       1
       0
       0
       1
       0
       0
       1
       0
       0
       1
       2
       1
       1
       0
       1
       0
       0
       1
       1
       0
       3
       0
       0
       0
       0
       0
       2
       1
       0
       1
       1
       2
       1
       0
       0
       0
       2
       1
       0
       1
       0
       0
       0
       0
       0
       2
       2
       0
       3
       0
       0
       1
       0
       0
       0
       1
       4
       1
       4
       0
       0
       0
       1
       2
       1
       1
       1
       0
       0
       1
       0
       0
       2
       2
       2
       0
       0
       0
       0
       3
       0
       0
       0
       0
       1
       2
       3
       0
       2
       0
       1
       0
       1
       2
       0
       2
       1
       0
       0
       1
       1
       1
       1
       2
       0
       1
       2
       1
       0
       0
       1
       0
       2
       1
       3
       1
       0
       2
       2
       1
       0
       2
       3
       1
       1
       1
       0
       2
       0
       2
       0
       5
       1
       1
       1
       1
       1
       2
       2
       1
       3
       0
       1
       2
       1
       1
       3
       2
       1
       1
       0
       0
       0
       1
       0
       0
       2
       1
       2
       5
       0
       0
       2
       2
       1
       1
       2
       3
       4
       3
       3
       5
       4
       1
       3
       4
       2
       2
       7
       3
       7
       2
       3
       3
       1
       3
       6
       7
       5
       3
       5
       4
       6
       1
       7
       4
       4
       9
       3
       6
       2
       9
       7
       5
      10
       8
       8
       9
       9
       8
       6
       4
      13
       5
       7
      12
       8
       9
       8
      12
       7
       7
       8
       5
       9
      10
      11
       7
       9
       5
      15
      10
       8
       5
       7
       9
      10
       8
      10
       7
       7
       9
       9
      11
      11
       4
       7
       6
       4
       5
       6
       7
       3
       3
       6
       6
       4
       6
       3
       4
       4
       5
       5
       6
       7
       5
       4
       2
       4
       4
       2
       4
       3
       1
       4
       1
       0
       1
       4
       0
       3
       1
       2
       2
       1
       1
       1
       0
       0
       2
       1
       1
       0
       0
       0
       3
       2
       0
       2
       0
       0
       1
       1
       0
       0
       2
       1
       0
       0
       1
       0
       0
       1
       1
       0
       0
       0
       1
       0
       0
       0
       0
       3
       0
       1
       0
       0
       0
       1
       0
       0
       1
       1
       0
       0
       1
       0
       0
       0
       0
       1
       1
       1
       1
       0
       1
       1
       1
       1
       0
       0
       0
       1
       0
       0
       1
       0
       0
       0
       0
       0
       1
       0
       0
       1
       0
       0
       0
       0
       2
       1
       1
       1
       0
       1
       1
       0
       0
       0
       0
       0
       1
       1
       0
       0
       0
       0
       0
       1
       1
       1
       1
       0
       0
       0
       0
       0
       0
       0
       0
       0
       1
       0
       0
       0
       0
       1
       0
       0
       0
       0
       0
       0
       0
       0
       0
       1
       1
       0
       0
       0
       0
       0
       0
       0
       0
       0
       0
       0
       0
       0
       0
       0
       0
       0
       0
       0
       0
       1
       0
       0
       1
       1
       0
       0
       0
       0
       2
       0
       1
       0
       0
       0
       0
       0
       0
       0
       0
       0
       0
       0
       0
       0
       0
       0
       0
       0
       0
       1
       1
       1
       1
       0
       0
       0
       2
       0
       0
       0
       0
       0
       0
       0
       0
       0
       0
       0
       0
       0
       0
       0
       0
       0
       0
       0
       0
       0
       1
       0
       0
       0
       0
       0
       0
       0
       0
       0
       0
       1
       0
       0
       0
       0
       0
       0
       0
       0
       1
       0
       0
       0
       1
       0
       0
       0
       0
       0
       0
       0
       0
       0
       0
       0
       0
       0
       0
       0
       0
       1
       0
       0
       0
       0
       1
       0
       0
       0
       0
       0
       0
       1
       1
       0
       2
       0
       0
       0
       0
       0
       0
       0
       0
       0
       1
       1
       0
       1
       0
       1
       0
       0
       1
       0
       0
       0
       0
       0
       0
       0
       1
       0
       0
       0
       0
       0
       0
       0
       0
       0
       0
       0
       0
       1
       0
       0
       1
       0
       2
       0
       1
       0
       1
       0
       0
       0
       0
       0
       0
       0
       0
       0
       0
       0
       0
       1
       1
       0
       1
       1
       0
       0
       0
       0
       0
       0
       0
       0
       0
       0
       0
       0
       0
       0
       0
       0
       1
       0
       1
       0
       0
       0
       0
       0
       0
       0
       0
       0
       1
       0
       0
       0
       0
       0
       0
       0
       0
       0
       0
       1
       0
       0
       0
       0
       1
       0
       0
       0
       1
       0
       0
       0
       0
       1
       0
       0
       0
       0
       1
       0
       0
       1
       0
       0
       0
       0
       0
       0
       0
       0
       0
       1
       0
       0
       0
       0
       1
       0
       0
       0
       0
       1
       0
       0
       0
       0
       0
       0
       0
       0
       0
       0
       0
       0
       0
       0
       0
       0
       0
       0
       0
       0
       0
       0
       0
       0
       0
       0
       0
       0
       0
       0
       0
       0
       1
       0
       0
       0
       0
       1
       0
       0
       0
       0
       0
       0
       0
       0
       0
       0
       1
       0
       0
       0
       0
       0
       0
       0
       0
       1
       0
       0
       0
       0
       0
       0
       0
       0
       0
       0
       0
       0
       0
       1
       0
       0
       0
       0
       0
       0
       0
       0
       0
       1
       0
       0
       0
       0
       0
       0
       0
       0
       0
       0
       0
       0
       0
       0
       0
       0
       0
       1
       1
       0
       0
       1
       0
       0
       0
       1
       0
       0
       0
       0
       0
       0
       1
       0
       0
       0
       0
       1
       0
       0
       0
       0
       0
       0
       0
       0
       1
       0
       0
       0
       0
       0
       0
       0
       0
       0
       0
       0
       0
       0
       0
       0
       0
       0
       0
       0
       0
       0
       0
       1
       0
       0
       0
       0
       0
       0
       0
       0
       0
       0
       0
       0
       0
       0
       0
       0
       0
       0
       0
       0
       0
       0
       0
       0
       0
       0
       0
       0
       0
       0
       0
       0
       1
       0
       0
       0
       0
       0
       0
       0
       0
       0
       0
       0
       0
       0
       0
       0
       0
       0
       0
       0
       1
       0
       0
       0
       0
       0
       0
       0
       0
       0
       0
       0
       0
       0
       0
       0
       0
       1
       0
       0
       0
       0
       0
       0
       0
       0
       0
       0
       0
       0
       0
       0
       0
       0
       0
       0
       0
       0
       0
       0
       0
       0
       0
       0
       0
       0
       0
       0
       0
       0
       0
       1
       0
       0
       0
       0
       0
       0
       0
       0
       1
       0
       0
       0
       0
       0
       0
       0
       0
       0
       0
       0
       0
       0
       1
       0
       0
       0
       0
       0
       0
       1
       0
       0
       0
       0
       0
       0
       0
       0
       0
       0
       0
       0
       0
       0
       0
       0
       0
       1
       0
       0
       0
       0
       0
       0
       0
       0
       1
       0
       0
       0
       0
       0
       0
       0
       0
       0
       0
       0
       0
       0
       0
       0
       0
       0
       0
       0
       0
       0
       0
       0
       0
       0
       0
       0
       0
       0
       0
       0
       0
       0
       0
       0
       0
       0
       0
       0
       0
       0
       0
       0
       0
       0
       0
       0
       0
       0
       0
       0
       0
       0
       0
       0
       0
       0
       0
       0
       0
       0
       0
       0
       0
       0
       0
       0
       0
       0
       0
       0
       0
       0
       0
       0
       0
       0
       0
       0
       0
       0
       0
       0
       0
       0
       0
       0
       0
       0
       0
       0
       0
       0
       0
       0
       0
       0
       1
       0
       1
       0
       0
       0
       0
       0
       0
       0
       0
       0
       0
       0
       0
       0
       0
       0
       0
       0
       0
       0
       0
       0
       0
       0
       0
       0
       0
       0
       0
       0
       0
       0
       0
       1
       0
       0
       0
       0
       0
       0
       0
       0
       0
       0
       0
       0
       0
       0
       0
       0
       0
       0
       0
       0
       0
       0
       0
       0
       0
       0
       0
       0
       0
       0
       0
       0
       0
       0
       0
       0
       0
       0
       0
       0
       0
       0
       0
       0
       0
       0
       0
       0
       0
       0
       1
       0
       0
       0
       0
       1
       0
       0
       0
       0
       0
       0
       1
       0
       0
       0
       0
       0
       0
       0
       0
       0
       0
       0
       0
       0
       0
       0
       1
       0
       0
       0
       0
       0
       0
       0
       1
       0
       0
       0
       0
       0
       0
       0
       0
       0
       0
       0
       0
       0
       0
       0
       1
       0
       0
       0
       0
       0
       0
       0
       0
       0
       0
       0
       0
       0
       0
       1
       0
       0
       0
       0
       0
       0
       0
       0
       1
       0
       0
       0
       0
       0
       0
       0
       0
       0
       0
       0
       0
       0
       0
       0
       0
       0
       0
       0
       0
       0
       0
       0
       0
       0
       0
       0
       0
       0
       0
       0
       0
       0
       0
       0
       0
       1
       0
       0
       0
       0
       0
       0
       0
       0
       0
       0
       0
       0
       0
       0
       0
       0
       0
       0
       0
       0
       0
       0
       0
       0
       0
       0
       0
       0
       0
       0
       0
       0
       0
       0
       0
       0
       0
       0
       0
       0
       0
       0
       0
       0
       0
       0
       0
       0
       0
       0
       0
       0
       0
       0
       0
       0
       0
       0
       0
       0
       0
       0
       0
       0
       0
       0
       0
       0
       0
       0
       0
       0
       0
       0
       0
       0
       0
$ROI:
1
921 1079
$PRESETS:
None
0
0
$ENER_FIT:
0.000000 6.583851
$MCA_CAL:
3
0.000000E+000 6.583851E+000 0.000000E+000 keV
$SHAPE_CAL:
3
0.000000E+000 0.000000E+000 0.000000E+000
