$SPEC_ID:
Run 608, Background
$SPEC_REM:
DET# 1
DETDESC# Electrostatic MCA
AP# Maestro Version 6.08
$DATE_MEA:
09/24/2020 16:21:39
$MEAS_TIM:
607026 684051
$DATA:
0 2047
       0
       0
       0
       1
       0
       0
       0
       0
       0
       0
       0
       0
       0
       0
       0
       0
       0
       0
       1
       0
       1
       0
       0
       0
       0
       0
       0
       0
       0
       0
       0
       0
       0
       0
       0
       0
       0
       0
       0
       0
       0
       1
       0
       0
       0
       0
       0
       1
       0
       0
       0
       0
       0
       0
       0
       0
       0
       0
       0
       0
       0
       1
       0
       0
       0
       0
       4
       0
       4
   56081
59461865
77771219
75403042
73328969
71406326
69684712
68125108
66681730
65358306
64120688
63020499
61998193
61024749
60098221
59200559
58357308
57558564
56760904
56009329
55259396
54540636
53804577
53092070
52366434
51666858
50960797
50241604
49532588
48806196
48094666
47395439
46665530
45955529
45241670
44514490
43777501
43056338
42323408
41612594
40882440
40164901
39438463
38713991
37991298
37273096
36541964
35834673
35113474
34403557
33696528
33000159
32300831
31598072
30914455
30235286
29563751
28881996
28224053
27563789
26913700
26275456
25633253
25007112
24378463
23772418
23165139
22570073
21989446
21409299
20825569
20269484
19713180
19178358
18645042
18123264
17603432
17092499
16604516
16122523
15639704
15171207
14714696
14266328
13828579
13400313
12978935
12569323
12167382
11778885
11393517
11020041
10663387
10308488
 9958680
 9623852
 9299529
 8974860
 8665614
 8363021
 8065322
 7779521
 7503205
 7234331
 6972618
 6712924
 6466237
 6230514
 5995974
 5773780
 5552446
 5342443
 5136441
 4939701
 4750483
 4558890
 4382715
 4208647
 4039271
 3878494
 3721761
 3573139
 3425025
 3287544
 3149716
 3019444
 2894101
 2776627
 2657738
 2546150
 2435528
 2333506
 2229016
 2135917
 2042789
 1951658
 1867801
 1785919
 1710461
 1632515
 1558790
 1488787
 1423330
 1358027
 1295157
 1237388
 1182074
 1128113
 1077125
 1026060
  979388
  933633
  888656
  846832
  807981
  768810
  734141
  699055
  665287
  634615
  604153
  575234
  546395
  520933
  496612
  471823
  449429
  427576
  405991
  386401
  368811
  349730
  333073
  317055
  301070
  286370
  271923
  258749
  246089
  233299
  222944
  210367
  201019
  190723
  181417
  172851
  163621
  156225
  148563
  141030
  133958
  127371
  121115
  115388
  109637
  104430
   98653
   93846
   89349
   85017
   80982
   77489
   73278
   70059
   66073
   63432
   60383
   57585
   54587
   52158
   49627
   46665
   45094
   42675
   40924
   38843
   37245
   35398
   33794
   32316
   31174
   29424
   28223
   26828
   25709
   24908
   23285
   22485
   21519
   20633
   19782
   18905
   18187
   17532
   16747
   15942
   15516
   14966
   14080
   13657
   13252
   12507
   12137
   11455
   11204
   10766
   10248
    9996
    9739
    9358
    9027
    8675
    8402
    8073
    7915
    7455
    7267
    6978
    6862
    6685
    6373
    6003
    5914
    5761
    5573
    5355
    5507
    5167
    4961
    4666
    4642
    4463
    4391
    4214
    4110
    4032
    3875
    3781
    3716
    3508
    3562
    3350
    3287
    3168
    3112
    3100
    2878
    2908
    2802
    2682
    2663
    2516
    2426
    2440
    2409
    2334
    2333
    2228
    2207
    2083
    2059
    2002
    1957
    1876
    1768
    1758
    1733
    1656
    1634
    1633
    1562
    1503
    1464
    1509
    1460
    1368
    1327
    1398
    1300
    1299
    1197
    1238
    1172
    1162
    1156
    1043
    1002
    1068
     990
     995
     922
     905
     946
     869
     934
     891
     826
     805
     794
     792
     716
     723
     708
     695
     658
     643
     654
     592
     668
     633
     590
     523
     543
     520
     523
     501
     468
     466
     451
     446
     452
     400
     423
     443
     403
     415
     389
     355
     374
     331
     343
     330
     321
     300
     279
     296
     271
     265
     257
     256
     256
     243
     230
     209
     207
     214
     223
     186
     186
     200
     184
     196
     160
     166
     150
     145
     155
     142
     152
     145
     127
     112
     118
     108
     108
     111
     101
     108
      83
      93
      69
      71
      85
      63
      95
      70
      63
      65
      76
      65
      66
      64
      43
      56
      56
      51
      48
      44
      51
      43
      38
      31
      36
      28
      36
      40
      32
      32
      28
      28
      30
      27
      18
      29
      16
      17
      15
      21
      15
      21
      20
      11
      14
      15
      15
      20
       8
      12
      11
      13
      11
      16
       8
      11
       7
      15
       9
       6
       8
       5
       5
       9
      10
       6
       5
       7
       3
       7
       7
       7
       8
       4
       4
       4
       5
       3
       2
       3
       2
       3
       7
       2
       2
       1
       1
       0
       3
       6
       1
       1
       0
       1
       3
       3
       3
       3
       1
       1
       0
       1
       0
       1
       0
       1
       0
       2
       4
       1
       1
       2
       0
       0
       0
       0
       1
       1
       1
       0
       1
       0
       0
       0
       2
       1
       2
       0
       0
       0
       1
       0
       2
       3
       0
       0
       0
       0
       0
       2
       0
       2
       0
       2
       0
       0
       1
       0
       2
       0
       0
       0
       3
       1
       1
       1
       1
       1
       1
       0
       2
       4
       0
       1
       1
       3
       0
       0
       0
       4
       0
       0
       0
       1
       1
       0
       0
       2
       0
       1
       0
       1
       1
       1
       0
       0
       1
       0
       0
       0
       0
       0
       1
       1
       1
       0
       0
       0
       0
       0
       0
       0
       0
       3
       0
       0
       0
       0
       0
       0
       1
       0
       1
       1
       1
       1
       0
       0
       0
       2
       1
       0
       1
       0
       0
       0
       0
       0
       0
       2
       0
       2
       0
       0
       1
       0
       0
       0
       1
       3
       0
       3
       0
       0
       0
       1
       1
       1
       1
       1
       0
       0
       0
       0
       0
       2
       1
       2
       0
       0
       0
       0
       3
       0
       0
       0
       0
       0
       1
       1
       0
       1
       0
       1
       0
       1
       2
       0
       1
       0
       0
       0
       1
       0
       1
       1
       2
       0
       0
       0
       1
       0
       0
       1
       0
       1
       1
       3
       1
       0
       1
       0
       1
       0
       2
       3
       1
       0
       1
       0
       0
       0
       1
       0
       3
       0
       1
       0
       1
       0
       0
       1
       0
       1
       0
       1
       1
       1
       0
       2
       2
       1
       0
       0
       0
       0
       1
       0
       0
       2
       1
       1
       4
       0
       0
       2
       2
       1
       0
       1
       3
       2
       2
       2
       3
       3
       1
       3
       3
       2
       2
       6
       3
       7
       2
       3
       2
       1
       3
       5
       6
       4
       3
       4
       3
       6
       1
       7
       4
       3
       7
       3
       6
       2
       9
       7
       5
      10
       6
       8
       8
       9
       8
       5
       4
      12
       5
       5
      11
       7
       9
       6
      12
       7
       7
       7
       5
       8
       9
      10
       7
       9
       5
      14
       9
       8
       5
       6
       9
      10
       7
       9
       6
       6
       9
       8
      11
      10
       3
       6
       5
       4
       4
       6
       6
       3
       3
       6
       5
       3
       5
       3
       4
       4
       5
       3
       6
       6
       4
       4
       2
       4
       3
       2
       4
       3
       1
       4
       0
       0
       1
       2
       0
       2
       1
       2
       1
       1
       0
       1
       0
       0
       1
       1
       1
       0
       0
       0
       1
       0
       0
       1
       0
       0
       0
       0
       0
       0
       2
       1
       0
       0
       1
       0
       0
       1
       1
       0
       0
       0
       1
       0
       0
       0
       0
       3
       0
       0
       0
       0
       0
       1
       0
       0
       1
       1
       0
       0
       1
       0
       0
       0
       0
       1
       1
       0
       1
       0
       1
       1
       1
       0
       0
       0
       0
       1
       0
       0
       1
       0
       0
       0
       0
       0
       1
       0
       0
       1
       0
       0
       0
       0
       2
       1
       1
       1
       0
       1
       1
       0
       0
       0
       0
       0
       1
       1
       0
       0
       0
       0
       0
       0
       1
       0
       0
       0
       0
       0
       0
       0
       0
       0
       0
       0
       0
       0
       0
       0
       0
       1
       0
       0
       0
       0
       0
       0
       0
       0
       0
       1
       1
       0
       0
       0
       0
       0
       0
       0
       0
       0
       0
       0
       0
       0
       0
       0
       0
       0
       0
       0
       0
       1
       0
       0
       1
       0
       0
       0
       0
       0
       1
       0
       0
       0
       0
       0
       0
       0
       0
       0
       0
       0
       0
       0
       0
       0
       0
       0
       0
       0
       0
       1
       1
       1
       1
       0
       0
       0
       1
       0
       0
       0
       0
       0
       0
       0
       0
       0
       0
       0
       0
       0
       0
       0
       0
       0
       0
       0
       0
       0
       0
       0
       0
       0
       0
       0
       0
       0
       0
       0
       0
       1
       0
       0
       0
       0
       0
       0
       0
       0
       0
       0
       0
       0
       1
       0
       0
       0
       0
       0
       0
       0
       0
       0
       0
       0
       0
       0
       0
       0
       0
       1
       0
       0
       0
       0
       0
       0
       0
       0
       0
       0
       0
       1
       0
       0
       0
       0
       0
       0
       0
       0
       0
       0
       0
       0
       1
       1
       0
       0
       0
       1
       0
       0
       0
       0
       0
       0
       0
       0
       0
       0
       0
       0
       0
       0
       0
       0
       0
       0
       0
       0
       0
       0
       0
       0
       0
       0
       1
       0
       1
       0
       1
       0
       0
       0
       0
       0
       0
       0
       0
       0
       0
       0
       0
       0
       0
       1
       1
       0
       0
       1
       0
       0
       0
       0
       0
       0
       0
       0
       0
       0
       0
       0
       0
       0
       0
       0
       1
       0
       1
       0
       0
       0
       0
       0
       0
       0
       0
       0
       1
       0
       0
       0
       0
       0
       0
       0
       0
       0
       0
       1
       0
       0
       0
       0
       1
       0
       0
       0
       1
       0
       0
       0
       0
       1
       0
       0
       0
       0
       1
       0
       0
       0
       0
       0
       0
       0
       0
       0
       0
       0
       0
       1
       0
       0
       0
       0
       1
       0
       0
       0
       0
       1
       0
       0
       0
       0
       0
       0
       0
       0
       0
       0
       0
       0
       0
       0
       0
       0
       0
       0
       0
       0
       0
       0
       0
       0
       0
       0
       0
       0
       0
       0
       0
       0
       0
       0
       0
       0
       0
       1
       0
       0
       0
       0
       0
       0
       0
       0
       0
       0
       0
       0
       0
       0
       0
       0
       0
       0
       0
       1
       0
       0
       0
       0
       0
       0
       0
       0
       0
       0
       0
       0
       0
       1
       0
       0
       0
       0
       0
       0
       0
       0
       0
       1
       0
       0
       0
       0
       0
       0
       0
       0
       0
       0
       0
       0
       0
       0
       0
       0
       0
       0
       1
       0
       0
       1
       0
       0
       0
       1
       0
       0
       0
       0
       0
       0
       0
       0
       0
       0
       0
       1
       0
       0
       0
       0
       0
       0
       0
       0
       1
       0
       0
       0
       0
       0
       0
       0
       0
       0
       0
       0
       0
       0
       0
       0
       0
       0
       0
       0
       0
       0
       0
       1
       0
       0
       0
       0
       0
       0
       0
       0
       0
       0
       0
       0
       0
       0
       0
       0
       0
       0
       0
       0
       0
       0
       0
       0
       0
       0
       0
       0
       0
       0
       0
       0
       1
       0
       0
       0
       0
       0
       0
       0
       0
       0
       0
       0
       0
       0
       0
       0
       0
       0
       0
       0
       1
       0
       0
       0
       0
       0
       0
       0
       0
       0
       0
       0
       0
       0
       0
       0
       0
       1
       0
       0
       0
       0
       0
       0
       0
       0
       0
       0
       0
       0
       0
       0
       0
       0
       0
       0
       0
       0
       0
       0
       0
       0
       0
       0
       0
       0
       0
       0
       0
       0
       0
       1
       0
       0
       0
       0
       0
       0
       0
       0
       1
       0
       0
       0
       0
       0
       0
       0
       0
       0
       0
       0
       0
       0
       1
       0
       0
       0
       0
       0
       0
       1
       0
       0
       0
       0
       0
       0
       0
       0
       0
       0
       0
       0
       0
       0
       0
       0
       0
       1
       0
       0
       0
       0
       0
       0
       0
       0
       1
       0
       0
       0
       0
       0
       0
       0
       0
       0
       0
       0
       0
       0
       0
       0
       0
       0
       0
       0
       0
       0
       0
       0
       0
       0
       0
       0
       0
       0
       0
       0
       0
       0
       0
       0
       0
       0
       0
       0
       0
       0
       0
       0
       0
       0
       0
       0
       0
       0
       0
       0
       0
       0
       0
       0
       0
       0
       0
       0
       0
       0
       0
       0
       0
       0
       0
       0
       0
       0
       0
       0
       0
       0
       0
       0
       0
       0
       0
       0
       0
       0
       0
       0
       0
       0
       0
       0
       0
       0
       0
       0
       0
       0
       0
       0
       0
       0
       1
       0
       1
       0
       0
       0
       0
       0
       0
       0
       0
       0
       0
       0
       0
       0
       0
       0
       0
       0
       0
       0
       0
       0
       0
       0
       0
       0
       0
       0
       0
       0
       0
       0
       0
       0
       0
       0
       0
       0
       0
       0
       0
       0
       0
       0
       0
       0
       0
       0
       0
       0
       0
       0
       0
       0
       0
       0
       0
       0
       0
       0
       0
       0
       0
       0
       0
       0
       0
       0
       0
       0
       0
       0
       0
       0
       0
       0
       0
       0
       0
       0
       0
       0
       0
       0
       1
       0
       0
       0
       0
       0
       0
       0
       0
       0
       0
       0
       1
       0
       0
       0
       0
       0
       0
       0
       0
       0
       0
       0
       0
       0
       0
       0
       1
       0
       0
       0
       0
       0
       0
       0
       0
       0
       0
       0
       0
       0
       0
       0
       0
       0
       0
       0
       0
       0
       0
       0
       1
       0
       0
       0
       0
       0
       0
       0
       0
       0
       0
       0
       0
       0
       0
       1
       0
       0
       0
       0
       0
       0
       0
       0
       1
       0
       0
       0
       0
       0
       0
       0
       0
       0
       0
       0
       0
       0
       0
       0
       0
       0
       0
       0
       0
       0
       0
       0
       0
       0
       0
       0
       0
       0
       0
       0
       0
       0
       0
       0
       0
       1
       0
       0
       0
       0
       0
       0
       0
       0
       0
       0
       0
       0
       0
       0
       0
       0
       0
       0
       0
       0
       0
       0
       0
       0
       0
       0
       0
       0
       0
       0
       0
       0
       0
       0
       0
       0
       0
       0
       0
       0
       0
       0
       0
       0
       0
       0
       0
       0
       0
       0
       0
       0
       0
       0
       0
       0
       0
       0
       0
       0
       0
       0
       0
       0
       0
       0
       0
       0
       0
       0
       0
       0
       0
       0
       0
       0
       0
$ROI:
1
921 1079
$PRESETS:
None
0
0
$ENER_FIT:
0.000000 6.583851
$MCA_CAL:
3
0.000000E+000 6.583851E+000 0.000000E+000 keV
$SHAPE_CAL:
3
0.000000E+000 0.000000E+000 0.000000E+000
