$SPEC_ID:
Run 608, Background
$SPEC_REM:
DET# 1
DETDESC# Electrostatic MCA
AP# Maestro Version 6.08
$DATE_MEA:
09/24/2020 16:21:39
$MEAS_TIM:
588802 651649
$DATA:
0 2047
       0
       0
       0
       1
       0
       0
       0
       0
       0
       0
       0
       0
       0
       0
       0
       0
       0
       0
       1
       0
       1
       0
       0
       0
       0
       0
       0
       0
       0
       0
       0
       0
       0
       0
       0
       0
       0
       0
       0
       0
       0
       1
       0
       0
       0
       0
       0
       1
       0
       0
       0
       0
       0
       0
       0
       0
       0
       0
       0
       0
       0
       1
       0
       0
       0
       0
       4
       0
       4
   38427
45132834
58886370
56584108
54570650
52740164
51095141
49631534
48285894
47062887
45938484
44949066
44048948
43207156
42408742
41653516
40958506
40302049
39668801
39069795
38483141
37926414
37366295
36823840
36277299
35759648
35242645
34711765
34200660
33673581
33156152
32651208
32133966
31627778
31116540
30601700
30078480
29565501
29044037
28544184
28033814
27528718
27019729
26509740
26003076
25501360
24988266
24492219
23992492
23494180
23002030
22516539
22027846
21540058
21065927
20596514
20131202
19660143
19204286
18745753
18294488
17856500
17412160
16979209
16549483
16131554
15711916
15301617
14904770
14504874
14103483
13722075
13334830
12969534
12607754
12247841
11892466
11545479
11212612
10881484
10550362
10231442
 9919835
 9612298
 9317014
 9024385
 8737878
 8456588
 8185808
 7922703
 7657119
 7405300
 7162491
 6921912
 6685228
 6458625
 6239845
 6018887
 5810060
 5606033
 5403627
 5213750
 5024542
 4842128
 4666446
 4491187
 4325967
 4169190
 4008805
 3859335
 3710335
 3569761
 3430705
 3299378
 3171631
 3043876
 2924021
 2808812
 2693940
 2586800
 2482458
 2383310
 2284834
 2193758
 2100165
 2013313
 1929615
 1849605
 1771536
 1695762
 1621610
 1554422
 1484088
 1422972
 1360376
 1301163
 1245294
 1189562
 1139129
 1088568
 1039204
  992272
  948704
  906502
  863508
  825587
  788515
  753622
  718701
  684637
  654593
  623525
  593513
  566091
  541012
  513599
  491732
  467854
  446195
  425284
  404866
  386388
  366673
  350656
  333886
  317803
  302814
  288344
  273240
  260686
  249374
  236384
  225154
  215135
  204553
  194415
  184575
  175597
  167774
  158996
  152232
  143700
  137423
  130847
  124646
  118886
  112529
  107719
  102805
   97627
   92405
   88346
   84127
   80404
   76281
   72758
   68895
   65633
   62820
   59789
   56971
   54614
   52016
   49579
   46848
   44990
   42981
   41112
   38854
   37294
   35559
   33501
   32330
   30639
   29463
   27945
   26969
   25587
   24404
   23374
   22759
   21480
   20535
   19664
   18832
   18188
   17078
   16471
   15856
   15122
   14555
   13960
   13525
   12746
   12399
   11760
   11368
   10962
   10370
   10051
    9849
    9196
    8953
    8475
    8276
    7885
    7621
    7409
    7167
    6934
    6724
    6356
    6223
    5967
    5781
    5474
    5366
    5107
    5003
    4926
    4707
    4406
    4356
    4147
    4141
    3907
    4007
    3763
    3638
    3396
    3360
    3263
    3184
    3087
    2965
    2957
    2760
    2685
    2670
    2526
    2523
    2352
    2315
    2264
    2171
    2199
    2017
    2041
    2001
    1915
    1897
    1751
    1708
    1731
    1660
    1620
    1656
    1525
    1543
    1432
    1427
    1403
    1340
    1307
    1191
    1211
    1237
    1141
    1141
    1114
    1061
    1034
     996
     988
     994
     894
     870
     972
     857
     865
     798
     813
     810
     779
     774
     706
     655
     714
     686
     656
     624
     600
     626
     580
     621
     584
     553
     525
     525
     505
     468
     474
     460
     435
     447
     407
     422
     376
     437
     435
     383
     338
     342
     326
     343
     317
     302
     289
     293
     275
     328
     264
     279
     283
     257
     264
     263
     227
     252
     220
     223
     213
     202
     190
     182
     182
     189
     169
     168
     162
     160
     151
     149
     134
     110
     150
     131
     122
     117
     136
     129
     124
     107
      96
      90
      95
     109
      83
      91
      89
      83
      72
      80
      72
      62
      74
      73
      59
      52
      68
      44
      40
      51
      39
      52
      43
      42
      34
      41
      40
      39
      41
      23
      38
      28
      28
      35
      30
      31
      34
      21
      19
      25
      18
      22
      31
      21
      18
      13
      15
      23
      15
      11
      18
      10
      12
      10
      11
       6
      10
      12
       9
      11
      11
      11
      10
       4
       9
       8
       5
       7
       8
       6
       7
       4
       8
       5
       3
       6
       5
       2
       6
       5
       4
       4
       3
       2
       5
       4
       7
       4
       0
       3
       1
       5
       2
       1
       2
       2
       3
       5
       2
       1
       1
       1
       0
       2
       4
       1
       1
       0
       1
       2
       2
       2
       2
       1
       0
       0
       0
       0
       1
       0
       1
       0
       2
       4
       1
       1
       1
       0
       0
       0
       0
       0
       1
       1
       0
       1
       0
       0
       0
       2
       1
       1
       0
       0
       0
       1
       0
       2
       2
       0
       0
       0
       0
       0
       1
       0
       2
       0
       2
       0
       0
       1
       0
       1
       0
       0
       0
       1
       1
       1
       1
       0
       0
       0
       0
       2
       3
       0
       1
       1
       3
       0
       0
       0
       4
       0
       0
       0
       1
       1
       0
       0
       2
       0
       1
       0
       1
       1
       0
       0
       0
       1
       0
       0
       0
       0
       0
       1
       1
       1
       0
       0
       0
       0
       0
       0
       0
       0
       2
       0
       0
       0
       0
       0
       0
       1
       0
       1
       1
       0
       1
       0
       0
       0
       2
       1
       0
       1
       0
       0
       0
       0
       0
       0
       1
       0
       2
       0
       0
       0
       0
       0
       0
       0
       3
       0
       3
       0
       0
       0
       1
       1
       0
       1
       1
       0
       0
       0
       0
       0
       2
       1
       2
       0
       0
       0
       0
       3
       0
       0
       0
       0
       0
       1
       1
       0
       1
       0
       0
       0
       1
       1
       0
       0
       0
       0
       0
       0
       0
       1
       1
       1
       0
       0
       0
       1
       0
       0
       0
       0
       1
       1
       3
       1
       0
       1
       0
       1
       0
       2
       3
       0
       0
       1
       0
       0
       0
       1
       0
       3
       0
       0
       0
       1
       0
       0
       0
       0
       1
       0
       1
       1
       1
       0
       1
       2
       1
       0
       0
       0
       0
       1
       0
       0
       2
       1
       1
       3
       0
       0
       2
       2
       1
       0
       1
       1
       0
       0
       2
       2
       3
       1
       3
       3
       0
       2
       6
       3
       7
       2
       3
       2
       1
       3
       5
       6
       4
       2
       4
       3
       6
       1
       6
       4
       3
       7
       3
       6
       2
       9
       7
       5
      10
       6
       8
       8
       8
       7
       5
       4
      12
       5
       5
      10
       7
       9
       6
      12
       6
       7
       7
       5
       8
       9
      10
       6
       9
       5
      13
       8
       8
       5
       6
       8
      10
       7
       9
       6
       6
       9
       8
      10
      10
       3
       6
       5
       4
       4
       6
       6
       3
       3
       6
       5
       3
       5
       3
       4
       4
       5
       3
       6
       6
       3
       3
       2
       3
       3
       1
       4
       2
       0
       2
       0
       0
       1
       2
       0
       2
       1
       2
       1
       0
       0
       1
       0
       0
       0
       1
       1
       0
       0
       0
       1
       0
       0
       0
       0
       0
       0
       0
       0
       0
       2
       1
       0
       0
       1
       0
       0
       1
       0
       0
       0
       0
       1
       0
       0
       0
       0
       2
       0
       0
       0
       0
       0
       1
       0
       0
       1
       1
       0
       0
       1
       0
       0
       0
       0
       1
       1
       0
       1
       0
       1
       1
       1
       0
       0
       0
       0
       1
       0
       0
       1
       0
       0
       0
       0
       0
       1
       0
       0
       1
       0
       0
       0
       0
       2
       0
       1
       0
       0
       0
       1
       0
       0
       0
       0
       0
       1
       1
       0
       0
       0
       0
       0
       0
       1
       0
       0
       0
       0
       0
       0
       0
       0
       0
       0
       0
       0
       0
       0
       0
       0
       1
       0
       0
       0
       0
       0
       0
       0
       0
       0
       0
       0
       0
       0
       0
       0
       0
       0
       0
       0
       0
       0
       0
       0
       0
       0
       0
       0
       0
       0
       0
       0
       1
       0
       0
       1
       0
       0
       0
       0
       0
       1
       0
       0
       0
       0
       0
       0
       0
       0
       0
       0
       0
       0
       0
       0
       0
       0
       0
       0
       0
       0
       1
       1
       1
       0
       0
       0
       0
       1
       0
       0
       0
       0
       0
       0
       0
       0
       0
       0
       0
       0
       0
       0
       0
       0
       0
       0
       0
       0
       0
       0
       0
       0
       0
       0
       0
       0
       0
       0
       0
       0
       1
       0
       0
       0
       0
       0
       0
       0
       0
       0
       0
       0
       0
       1
       0
       0
       0
       0
       0
       0
       0
       0
       0
       0
       0
       0
       0
       0
       0
       0
       1
       0
       0
       0
       0
       0
       0
       0
       0
       0
       0
       0
       0
       0
       0
       0
       0
       0
       0
       0
       0
       0
       0
       0
       0
       1
       1
       0
       0
       0
       1
       0
       0
       0
       0
       0
       0
       0
       0
       0
       0
       0
       0
       0
       0
       0
       0
       0
       0
       0
       0
       0
       0
       0
       0
       0
       0
       1
       0
       1
       0
       1
       0
       0
       0
       0
       0
       0
       0
       0
       0
       0
       0
       0
       0
       0
       1
       1
       0
       0
       1
       0
       0
       0
       0
       0
       0
       0
       0
       0
       0
       0
       0
       0
       0
       0
       0
       1
       0
       1
       0
       0
       0
       0
       0
       0
       0
       0
       0
       1
       0
       0
       0
       0
       0
       0
       0
       0
       0
       0
       1
       0
       0
       0
       0
       1
       0
       0
       0
       1
       0
       0
       0
       0
       1
       0
       0
       0
       0
       1
       0
       0
       0
       0
       0
       0
       0
       0
       0
       0
       0
       0
       1
       0
       0
       0
       0
       1
       0
       0
       0
       0
       0
       0
       0
       0
       0
       0
       0
       0
       0
       0
       0
       0
       0
       0
       0
       0
       0
       0
       0
       0
       0
       0
       0
       0
       0
       0
       0
       0
       0
       0
       0
       0
       0
       0
       0
       0
       0
       0
       1
       0
       0
       0
       0
       0
       0
       0
       0
       0
       0
       0
       0
       0
       0
       0
       0
       0
       0
       0
       1
       0
       0
       0
       0
       0
       0
       0
       0
       0
       0
       0
       0
       0
       1
       0
       0
       0
       0
       0
       0
       0
       0
       0
       1
       0
       0
       0
       0
       0
       0
       0
       0
       0
       0
       0
       0
       0
       0
       0
       0
       0
       0
       1
       0
       0
       1
       0
       0
       0
       1
       0
       0
       0
       0
       0
       0
       0
       0
       0
       0
       0
       1
       0
       0
       0
       0
       0
       0
       0
       0
       1
       0
       0
       0
       0
       0
       0
       0
       0
       0
       0
       0
       0
       0
       0
       0
       0
       0
       0
       0
       0
       0
       0
       1
       0
       0
       0
       0
       0
       0
       0
       0
       0
       0
       0
       0
       0
       0
       0
       0
       0
       0
       0
       0
       0
       0
       0
       0
       0
       0
       0
       0
       0
       0
       0
       0
       1
       0
       0
       0
       0
       0
       0
       0
       0
       0
       0
       0
       0
       0
       0
       0
       0
       0
       0
       0
       1
       0
       0
       0
       0
       0
       0
       0
       0
       0
       0
       0
       0
       0
       0
       0
       0
       1
       0
       0
       0
       0
       0
       0
       0
       0
       0
       0
       0
       0
       0
       0
       0
       0
       0
       0
       0
       0
       0
       0
       0
       0
       0
       0
       0
       0
       0
       0
       0
       0
       0
       1
       0
       0
       0
       0
       0
       0
       0
       0
       1
       0
       0
       0
       0
       0
       0
       0
       0
       0
       0
       0
       0
       0
       0
       0
       0
       0
       0
       0
       0
       1
       0
       0
       0
       0
       0
       0
       0
       0
       0
       0
       0
       0
       0
       0
       0
       0
       0
       1
       0
       0
       0
       0
       0
       0
       0
       0
       0
       0
       0
       0
       0
       0
       0
       0
       0
       0
       0
       0
       0
       0
       0
       0
       0
       0
       0
       0
       0
       0
       0
       0
       0
       0
       0
       0
       0
       0
       0
       0
       0
       0
       0
       0
       0
       0
       0
       0
       0
       0
       0
       0
       0
       0
       0
       0
       0
       0
       0
       0
       0
       0
       0
       0
       0
       0
       0
       0
       0
       0
       0
       0
       0
       0
       0
       0
       0
       0
       0
       0
       0
       0
       0
       0
       0
       0
       0
       0
       0
       0
       0
       0
       0
       0
       0
       0
       0
       0
       0
       0
       0
       0
       0
       0
       0
       0
       1
       0
       0
       0
       0
       0
       0
       0
       0
       0
       0
       0
       0
       0
       0
       0
       0
       0
       0
       0
       0
       0
       0
       0
       0
       0
       0
       0
       0
       0
       0
       0
       0
       0
       0
       0
       0
       0
       0
       0
       0
       0
       0
       0
       0
       0
       0
       0
       0
       0
       0
       0
       0
       0
       0
       0
       0
       0
       0
       0
       0
       0
       0
       0
       0
       0
       0
       0
       0
       0
       0
       0
       0
       0
       0
       0
       0
       0
       0
       0
       0
       0
       0
       0
       0
       0
       1
       0
       0
       0
       0
       0
       0
       0
       0
       0
       0
       0
       1
       0
       0
       0
       0
       0
       0
       0
       0
       0
       0
       0
       0
       0
       0
       0
       0
       0
       0
       0
       0
       0
       0
       0
       0
       0
       0
       0
       0
       0
       0
       0
       0
       0
       0
       0
       0
       0
       0
       0
       0
       0
       0
       0
       0
       0
       0
       0
       0
       0
       0
       0
       0
       0
       0
       1
       0
       0
       0
       0
       0
       0
       0
       0
       1
       0
       0
       0
       0
       0
       0
       0
       0
       0
       0
       0
       0
       0
       0
       0
       0
       0
       0
       0
       0
       0
       0
       0
       0
       0
       0
       0
       0
       0
       0
       0
       0
       0
       0
       0
       0
       0
       0
       0
       0
       0
       0
       0
       0
       0
       0
       0
       0
       0
       0
       0
       0
       0
       0
       0
       0
       0
       0
       0
       0
       0
       0
       0
       0
       0
       0
       0
       0
       0
       0
       0
       0
       0
       0
       0
       0
       0
       0
       0
       0
       0
       0
       0
       0
       0
       0
       0
       0
       0
       0
       0
       0
       0
       0
       0
       0
       0
       0
       0
       0
       0
       0
       0
       0
       0
       0
       0
       0
       0
       0
       0
       0
       0
       0
$ROI:
1
921 1079
$PRESETS:
None
0
0
$ENER_FIT:
0.000000 6.583851
$MCA_CAL:
3
0.000000E+000 6.583851E+000 0.000000E+000 keV
$SHAPE_CAL:
3
0.000000E+000 0.000000E+000 0.000000E+000
