$SPEC_ID:
Run 608, Background
$SPEC_REM:
DET# 1
DETDESC# Electrostatic MCA
AP# Maestro Version 6.08
$DATE_MEA:
09/24/2020 16:21:39
$MEAS_TIM:
775881 986474
$DATA:
0 2047
       0
       0
       0
       1
       0
       0
       0
       0
       0
       0
       0
       0
       0
       0
       0
       0
       0
       0
       1
       0
       1
       0
       0
       0
       0
       0
       0
       0
       0
       0
       0
       0
       0
       0
       0
       0
       0
       0
       0
       0
       0
       1
       0
       0
       0
       0
       0
       1
       0
       0
       0
       0
       0
       0
       0
       0
       0
       0
       0
       0
       0
       1
       0
       0
       0
       0
       7
       3
      12
  472832
182886229
235694867
233034965
230642016
228339278
226214806
224183315
222230708
220306868
218482421
216725878
214977071
213301788
211566861
209889093
208179233
206495758
204748196
203030388
201264469
199518913
197706604
195880937
194018621
192177602
190275916
188348108
186392572
184393228
182416007
180396934
178333913
176280839
174169054
172075253
169929233
167790580
165616736
163462449
161283367
159088116
156881346
154667069
152428787
150201672
147952354
145737844
143523471
141263975
139045586
136842678
134606167
132383352
130163721
127965535
125759578
123586999
121416602
119244260
117100506
114958119
112838967
110731238
108637442
106554745
104514094
102485755
100459192
98462577
96473067
94511544
92586697
90674892
88786180
86922403
85063949
83251609
81469662
79700412
77949304
76212931
74526877
72846012
71197308
69581644
67995468
66424854
64863892
63355124
61865103
60390068
58972228
57538282
56146014
54804899
53452488
52141017
50852574
49592247
48365220
47138080
45954136
44784102
43649415
42529275
41439027
40381631
39314165
38308161
37308310
36334937
35374150
34428498
33531431
32628334
31756744
30900506
30072034
29264635
28464731
27694997
26938247
26212738
25486912
24774805
24097195
23437635
22790843
22149253
21537922
20945498
20344267
19784346
19217800
18675805
18163700
17642968
17141122
16648215
16181190
15713450
15262517
14836445
14407482
13990286
13590313
13202331
12816159
12446082
12080736
11740446
11399902
11063493
10743838
10427493
10123104
 9827119
 9541690
 9265504
 8991270
 8727909
 8470165
 8219797
 7980588
 7744069
 7516510
 7296222
 7080267
 6865727
 6666539
 6469000
 6278219
 6092343
 5905026
 5733348
 5557463
 5395463
 5238774
 5079687
 4926317
 4777773
 4632719
 4498284
 4361965
 4231213
 4101873
 3981389
 3860530
 3743111
 3631660
 3521988
 3417683
 3311592
 3212987
 3115263
 3020481
 2928447
 2842713
 2754584
 2670236
 2592877
 2515619
 2437422
 2359319
 2289141
 2219936
 2152984
 2086520
 2021309
 1963176
 1899394
 1846135
 1789832
 1731282
 1679645
 1628526
 1578880
 1530929
 1483778
 1434050
 1390747
 1351423
 1306223
 1267986
 1230317
 1190637
 1153870
 1118136
 1082664
 1050981
 1015951
  985717
  954554
  925690
  894674
  868629
  840340
  814464
  789699
  764979
  741307
  718943
  694720
  671881
  651101
  631025
  610900
  591842
  570400
  554721
  537770
  520512
  503294
  487432
  470842
  456615
  441982
  428236
  414304
  400868
  387047
  375581
  364009
  350647
  340304
  328534
  317572
  307411
  298065
  288550
  278123
  270992
  259314
  252165
  243277
  235343
  228202
  220238
  212999
  206111
  198991
  192411
  185876
  179744
  173684
  167490
  161178
  156558
  151214
  145795
  140829
  136262
  131466
  127028
  123411
  118507
  114787
  111368
  106854
  103587
   99507
   96102
   93111
   89433
   86081
   83578
   80687
   77105
   75193
   72663
   69870
   67725
   65322
   62698
   60707
   58438
   56102
   54652
   52964
   50121
   49101
   46971
   45498
   43890
   42381
   40430
   39120
   37866
   36555
   35068
   33802
   32273
   31750
   30453
   29048
   28041
   27431
   26137
   25146
   23988
   23362
   22799
   21630
   20719
   20062
   19579
   18542
   18147
   17323
   16652
   16007
   15236
   14771
   14434
   13677
   13226
   12544
   12187
   11978
   11315
   10909
   10571
   10052
    9797
    9432
    8994
    8727
    8437
    8002
    7855
    7334
    7107
    6791
    6456
    6363
    6151
    5963
    5625
    5445
    5163
    5022
    4699
    4573
    4407
    4230
    3977
    4035
    3910
    3641
    3535
    3414
    3260
    3080
    3003
    2918
    2805
    2721
    2592
    2418
    2385
    2185
    2142
    2110
    1996
    1892
    1852
    1796
    1660
    1613
    1564
    1484
    1483
    1347
    1312
    1267
    1229
    1126
    1142
    1086
     992
    1011
     933
     913
     860
     844
     803
     800
     724
     736
     661
     677
     608
     623
     591
     550
     540
     526
     472
     472
     485
     420
     393
     434
     408
     384
     355
     348
     344
     348
     347
     285
     313
     256
     282
     263
     246
     238
     233
     183
     213
     221
     209
     197
     191
     163
     172
     173
     166
     149
     146
     147
     155
     118
     116
     137
     118
     131
     127
     113
     118
     113
      99
      99
      96
      85
      77
     100
      84
      89
      74
      87
      74
      89
      75
      75
      68
      73
      63
      67
      79
      62
      61
      46
      67
      61
      62
      55
      42
      64
      51
      58
      52
      45
      42
      48
      48
      40
      41
      46
      33
      45
      41
      46
      40
      27
      42
      49
      35
      25
      29
      32
      26
      32
      27
      19
      28
      37
      24
      24
      37
      25
      24
      32
      25
      14
      18
      25
      25
      22
      28
      38
      23
      22
      20
      20
      12
      18
      27
      16
      25
      25
      15
      15
      19
      18
      11
      17
      16
      22
      14
      20
      17
      13
      16
      18
      19
      10
       7
      11
      12
      15
       9
      11
      12
       7
       4
       9
      10
      11
       4
       8
       7
       8
       5
      11
      12
      12
       8
       2
       6
       8
       5
       8
       3
       7
       7
       8
       7
       6
       7
       7
       4
       2
       4
       2
       3
       3
      10
       3
       5
      10
       6
       7
       3
       4
       3
       8
       2
       2
       4
       5
       4
       4
       2
       2
       6
       8
       7
       6
       3
       1
       1
       2
       1
       3
       5
       4
       2
       7
       3
       1
       2
       1
       4
       3
       3
       1
       1
       0
       1
       0
       3
       4
       4
       3
       1
       2
       0
       0
       4
       3
       4
       1
       3
       2
       2
       4
       1
       3
       2
       3
       4
       3
       4
       2
       2
       4
       0
       2
       2
       1
       1
       1
       2
       1
       2
       2
       1
       0
       0
       1
       0
       4
       2
       3
       2
       1
       4
       2
       2
       1
       2
       4
       1
       3
       1
       0
       2
       1
       3
       0
       6
       2
       3
       2
       3
       5
       3
       2
       2
       3
       0
       1
       3
       2
       1
       4
       3
       1
       1
       2
       3
       1
       3
       1
       2
       3
       1
       3
       5
       1
       2
       3
       2
       2
       1
       4
       3
       5
       3
       4
       5
       4
       4
       4
       7
       5
       2
       7
       4
       9
       2
       4
       3
       2
       4
       8
       8
       5
       3
       7
       5
       7
       2
      11
       4
       5
      11
       3
       9
       3
       9
       7
       6
      12
       8
       9
      11
       9
       9
       6
       6
      14
       7
       7
      13
       9
       9
       8
      13
       9
       7
       8
       7
      12
      12
      12
       9
       9
       8
      16
      10
      11
       6
       7
       9
      13
       9
      11
       7
      10
       9
      10
      11
      14
       4
       9
       7
       5
       5
       7
       9
       3
       4
      10
       7
       4
       7
       4
       6
       5
       6
       6
       7
       7
       5
       5
       3
       7
       5
       3
       4
       3
       2
       4
       1
       0
       2
       5
       0
       3
       2
       2
       2
       2
       2
       2
       0
       2
       3
       1
       4
       0
       1
       0
       4
       2
       0
       2
       0
       1
       2
       1
       1
       0
       2
       1
       0
       0
       1
       1
       0
       1
       1
       0
       1
       0
       1
       0
       0
       0
       0
       3
       0
       1
       0
       0
       0
       2
       0
       1
       2
       1
       0
       0
       1
       0
       0
       1
       0
       1
       1
       1
       1
       0
       2
       2
       1
       1
       0
       1
       0
       2
       0
       0
       1
       1
       0
       0
       0
       1
       1
       0
       0
       1
       0
       0
       0
       0
       2
       1
       1
       1
       1
       1
       1
       0
       0
       0
       0
       0
       2
       1
       0
       1
       0
       0
       0
       1
       1
       1
       2
       0
       0
       1
       0
       0
       0
       0
       1
       0
       1
       0
       0
       1
       0
       1
       0
       0
       1
       0
       0
       0
       0
       0
       0
       1
       1
       0
       0
       0
       0
       0
       0
       0
       0
       0
       0
       0
       0
       0
       0
       0
       0
       0
       0
       0
       0
       1
       1
       0
       1
       1
       0
       0
       0
       0
       2
       0
       1
       1
       0
       0
       0
       0
       0
       1
       0
       0
       0
       0
       0
       0
       0
       0
       0
       0
       0
       1
       1
       1
       1
       0
       0
       0
       2
       0
       0
       0
       1
       0
       0
       0
       0
       0
       0
       1
       0
       0
       0
       0
       0
       0
       0
       0
       0
       0
       1
       0
       0
       0
       0
       0
       0
       0
       0
       0
       0
       1
       0
       0
       0
       0
       2
       0
       0
       0
       1
       0
       0
       0
       1
       0
       0
       0
       0
       0
       0
       0
       0
       0
       0
       1
       0
       0
       0
       0
       1
       1
       0
       0
       0
       0
       1
       0
       0
       0
       0
       0
       0
       1
       1
       0
       2
       0
       0
       0
       0
       0
       0
       1
       0
       0
       1
       1
       0
       1
       0
       2
       0
       0
       1
       0
       0
       0
       0
       0
       0
       0
       1
       0
       0
       0
       1
       0
       1
       0
       0
       0
       0
       0
       0
       1
       0
       0
       1
       0
       3
       1
       1
       0
       2
       0
       0
       0
       0
       0
       0
       0
       0
       0
       0
       0
       0
       1
       1
       0
       1
       1
       0
       0
       0
       0
       0
       0
       0
       0
       0
       0
       1
       0
       0
       0
       0
       0
       1
       1
       1
       0
       0
       0
       0
       0
       0
       0
       0
       0
       1
       0
       0
       0
       0
       0
       0
       0
       0
       0
       0
       1
       0
       0
       0
       0
       2
       0
       0
       1
       1
       0
       0
       0
       0
       1
       0
       0
       0
       0
       1
       0
       0
       1
       0
       0
       0
       0
       0
       0
       0
       0
       0
       1
       0
       0
       0
       0
       1
       0
       0
       0
       0
       1
       0
       0
       0
       0
       0
       0
       0
       0
       0
       0
       0
       0
       0
       0
       0
       0
       0
       0
       1
       0
       0
       0
       0
       0
       0
       0
       0
       0
       0
       0
       0
       0
       1
       0
       0
       0
       0
       1
       1
       0
       0
       0
       0
       0
       0
       0
       0
       0
       2
       0
       0
       0
       0
       0
       0
       0
       0
       1
       0
       0
       0
       0
       0
       0
       0
       1
       0
       0
       0
       0
       0
       1
       0
       1
       0
       0
       0
       0
       0
       0
       0
       1
       0
       0
       0
       0
       0
       0
       0
       0
       0
       0
       0
       0
       0
       0
       0
       0
       1
       1
       1
       0
       0
       1
       0
       0
       1
       1
       0
       0
       1
       0
       0
       0
       1
       0
       0
       0
       0
       1
       0
       0
       0
       0
       0
       0
       0
       0
       1
       0
       0
       0
       0
       0
       1
       0
       0
       0
       0
       0
       0
       0
       0
       0
       0
       0
       0
       0
       0
       0
       0
       1
       0
       0
       0
       0
       0
       0
       0
       0
       0
       0
       0
       0
       0
       0
       0
       0
       0
       0
       0
       0
       0
       0
       0
       0
       0
       0
       0
       0
       0
       0
       0
       0
       1
       0
       0
       0
       0
       0
       0
       0
       0
       0
       0
       0
       0
       0
       0
       0
       0
       0
       0
       0
       1
       0
       0
       0
       0
       0
       0
       0
       0
       0
       0
       0
       0
       0
       0
       0
       0
       1
       0
       0
       0
       0
       0
       0
       0
       0
       0
       0
       0
       0
       0
       0
       0
       0
       0
       0
       0
       0
       0
       0
       0
       0
       0
       0
       0
       0
       0
       0
       0
       0
       0
       1
       0
       0
       0
       0
       0
       0
       0
       0
       1
       0
       0
       0
       0
       0
       0
       0
       0
       0
       0
       0
       0
       0
       1
       0
       0
       0
       0
       0
       0
       1
       0
       0
       0
       0
       0
       0
       0
       0
       0
       0
       0
       0
       0
       0
       0
       0
       0
       1
       0
       0
       0
       0
       0
       0
       0
       0
       1
       0
       0
       0
       0
       0
       0
       0
       0
       0
       0
       0
       0
       0
       0
       0
       0
       0
       0
       0
       0
       0
       0
       0
       0
       0
       0
       0
       0
       0
       0
       0
       0
       0
       0
       0
       0
       0
       0
       0
       0
       0
       0
       0
       0
       0
       0
       0
       0
       0
       0
       0
       0
       0
       0
       0
       0
       0
       0
       0
       0
       0
       1
       0
       0
       0
       0
       0
       0
       0
       0
       0
       0
       0
       0
       0
       0
       0
       0
       0
       0
       0
       0
       0
       0
       0
       0
       0
       0
       0
       0
       0
       0
       0
       0
       0
       0
       0
       1
       0
       1
       0
       0
       0
       0
       0
       0
       0
       0
       0
       0
       0
       0
       0
       0
       0
       0
       0
       0
       0
       0
       0
       0
       0
       0
       0
       0
       0
       0
       0
       0
       0
       0
       1
       0
       0
       0
       0
       0
       0
       0
       0
       0
       0
       0
       0
       0
       0
       0
       0
       2
       0
       0
       0
       0
       0
       0
       0
       0
       0
       0
       0
       0
       0
       0
       0
       0
       0
       0
       0
       1
       0
       0
       0
       0
       0
       0
       0
       0
       0
       0
       0
       0
       0
       1
       0
       0
       0
       0
       1
       0
       0
       0
       0
       0
       0
       1
       0
       0
       0
       0
       0
       0
       0
       0
       0
       0
       0
       0
       0
       0
       0
       1
       0
       0
       0
       0
       0
       0
       0
       1
       0
       0
       0
       0
       0
       0
       0
       0
       0
       0
       0
       0
       0
       0
       0
       1
       0
       0
       0
       0
       0
       0
       0
       0
       0
       0
       0
       0
       0
       0
       1
       0
       0
       0
       0
       0
       0
       1
       0
       1
       0
       0
       0
       0
       0
       0
       0
       0
       0
       0
       0
       0
       0
       0
       0
       0
       0
       0
       0
       0
       0
       0
       0
       0
       0
       0
       0
       0
       0
       0
       0
       0
       0
       0
       0
       0
       1
       0
       0
       0
       0
       0
       0
       0
       0
       0
       0
       0
       0
       0
       0
       0
       0
       0
       0
       0
       0
       0
       0
       0
       0
       0
       0
       1
       0
       0
       0
       0
       0
       0
       0
       0
       0
       0
       0
       1
       0
       0
       0
       0
       0
       0
       0
       0
       0
       0
       0
       0
       0
       0
       0
       0
       0
       0
       0
       0
       0
       0
       0
       0
       0
       0
       0
       0
       0
       0
       0
       0
       0
       0
       0
       0
       0
       0
$ROI:
1
921 1079
$PRESETS:
None
0
0
$ENER_FIT:
0.000000 6.583851
$MCA_CAL:
3
0.000000E+000 6.583851E+000 0.000000E+000 keV
$SHAPE_CAL:
3
0.000000E+000 0.000000E+000 0.000000E+000
