$SPEC_ID:
Run 608, Background
$SPEC_REM:
DET# 1
DETDESC# Electrostatic MCA
AP# Maestro Version 6.08
$DATE_MEA:
09/24/2020 16:21:39
$MEAS_TIM:
821522 1069280
$DATA:
0 2047
       0
       0
       0
       1
       0
       0
       0
       0
       0
       0
       0
       0
       0
       0
       0
       0
       0
       0
       1
       0
       1
       0
       0
       0
       0
       0
       0
       0
       0
       0
       0
       0
       0
       0
       0
       0
       0
       0
       0
       0
       0
       1
       0
       0
       0
       0
       0
       1
       0
       0
       0
       0
       0
       0
       0
       0
       0
       0
       0
       0
       0
       1
       0
       0
       0
       0
       7
       3
      14
  706725
214172654
274005720
271346883
268964078
266648530
264512903
262458427
260466271
258507143
256618494
254806058
252990780
251243668
249419148
247647846
245821073
244041499
242175975
240344041
238428271
236547552
234587772
232612467
230588511
228568797
226496681
224391998
222230754
220052540
217878260
215650825
213385387
211104986
208759616
206434631
204055752
201683165
199265598
196860399
194431929
191976349
189504636
187035011
184514678
182023257
179497859
177012869
174506368
171953304
169457837
166954326
164430968
161911621
159383368
156891452
154374502
151899585
149423768
146945962
144499058
142035795
139616176
137186187
134786590
132389427
130040240
127686127
125354935
123030660
120727278
118451591
116223404
113985981
111791590
109610652
107440061
105315333
103212849
101148814
99081840
97045451
95044671
93049149
91098064
89192342
87300338
85433339
83570758
81771877
79990681
78218832
76510948
74796248
73118452
71505007
69860954
68268427
66711653
65168497
63680631
62186053
60726762
59298951
57901095
56526932
55184068
53878865
52562937
51311968
50066643
48852990
47651791
46469985
45345124
44216133
43116397
42042206
40990929
39968330
38947400
37970905
37010698
36078257
35154710
34242004
33370889
32514010
31677807
30853406
30053907
29278352
28505292
27767934
27026272
26316880
25638086
24954387
24286580
23635792
23017417
22400435
21794612
21225193
20650613
20089989
19547866
19030736
18505547
18005153
17510619
17041916
16573341
16122000
15681279
15244941
14827566
14416967
14021040
13638289
13256248
12893033
12531970
12180812
11847355
11513667
11191893
10881844
10577465
10276865
 9989113
 9706666
 9440278
 9170729
 8906477
 8662618
 8409635
 8173666
 7947933
 7719689
 7494457
 7279893
 7068544
 6872129
 6672861
 6483631
 6292409
 6114699
 5939560
 5764003
 5598756
 5439156
 5282219
 5125256
 4977376
 4831921
 4695009
 4555952
 4426076
 4294071
 4169558
 4051662
 3932895
 3816230
 3700369
 3592795
 3487396
 3386027
 3284144
 3187748
 3096633
 3002236
 2918826
 2830316
 2744297
 2662956
 2585542
 2506628
 2432265
 2358093
 2286396
 2217053
 2154720
 2086307
 2024337
 1967522
 1905185
 1847705
 1791818
 1737296
 1684193
 1633433
 1583675
 1535716
 1489280
 1442208
 1398352
 1355975
 1313888
 1274076
 1234766
 1197993
 1162029
 1123667
 1088103
 1055433
 1022682
  990207
  960209
  927545
  900898
  874004
  845800
  818931
  793761
  767953
  744403
  720436
  698580
  676060
  654461
  632092
  614017
  593914
  573714
  556507
  538533
  520928
  504295
  488013
  473663
  456375
  444334
  426782
  414001
  401008
  387330
  375160
  362237
  350837
  338619
  328525
  316794
  307041
  296576
  286253
  276852
  267126
  258794
  249891
  241423
  233724
  225529
  218258
  210862
  204062
  196506
  190555
  184525
  177442
  171572
  165267
  159559
  154840
  149267
  143887
  139027
  134723
  129058
  125806
  121010
  117095
  113336
  109516
  105022
  101906
   98032
   94141
   91359
   88910
   84844
   82347
   78950
   76376
   73656
   71287
   68241
   66073
   63851
   61618
   59219
   57401
   54564
   53284
   51393
   49159
   47496
   46124
   44058
   42723
   40746
   39687
   38439
   36953
   35193
   34112
   33156
   31546
   30830
   29590
   28298
   27180
   26278
   25284
   24501
   23498
   22708
   21578
   20869
   20577
   19462
   18705
   18247
   17376
   16884
   16292
   15592
   15090
   14358
   13748
   13384
   12745
   12221
   11618
   11207
   11020
   10462
   10175
    9842
    9338
    8856
    8804
    8213
    7991
    7812
    7347
    7033
    6942
    6707
    6324
    6183
    5918
    5654
    5349
    5248
    5039
    4850
    4700
    4489
    4281
    4131
    3823
    3692
    3650
    3561
    3345
    3268
    3068
    2984
    2870
    2748
    2626
    2623
    2397
    2371
    2197
    2171
    2002
    1985
    1907
    1790
    1768
    1636
    1657
    1536
    1503
    1433
    1417
    1283
    1271
    1189
    1206
    1082
    1055
    1022
     952
     956
     889
     866
     846
     859
     739
     698
     758
     680
     670
     632
     623
     599
     571
     571
     472
     505
     454
     479
     443
     428
     404
     398
     344
     360
     388
     340
     325
     306
     278
     297
     298
     274
     236
     250
     244
     255
     209
     176
     202
     204
     196
     197
     177
     179
     181
     158
     152
     139
     125
     114
     148
     139
     133
     121
     135
     104
     129
     108
     105
      96
      98
      97
      82
     102
      90
      79
      69
      84
      77
      86
      71
      66
      87
      62
      77
      65
      63
      58
      58
      58
      58
      55
      56
      41
      54
      53
      52
      46
      36
      48
      58
      43
      30
      36
      37
      30
      42
      30
      27
      33
      45
      26
      27
      38
      30
      31
      36
      29
      16
      19
      26
      27
      23
      31
      40
      27
      23
      25
      20
      13
      19
      29
      17
      27
      25
      16
      16
      20
      20
      12
      17
      17
      24
      14
      21
      18
      13
      17
      19
      20
      14
       7
      12
      13
      16
      11
      11
      13
       8
       4
      10
      11
      12
       4
       8
       7
       9
       6
      11
      12
      15
       8
       2
       6
       9
       6
       8
       4
       8
       7
       8
       7
       6
       9
       8
       4
       2
       4
       2
       3
       3
      10
       4
       5
      10
       6
       8
       3
       4
       3
       8
       2
       2
       4
       5
       4
       6
       2
       4
       6
       8
       7
       6
       3
       1
       1
       2
       1
       3
       5
       4
       2
       7
       3
       1
       3
       3
       4
       3
       3
       1
       1
       0
       1
       1
       4
       4
       5
       3
       1
       3
       1
       0
       4
       3
       4
       1
       3
       2
       2
       4
       1
       3
       2
       3
       4
       3
       4
       3
       2
       5
       0
       2
       2
       1
       1
       1
       2
       1
       3
       2
       1
       1
       0
       1
       1
       4
       2
       3
       2
       2
       4
       2
       2
       1
       3
       6
       1
       4
       1
       1
       2
       1
       3
       0
       7
       2
       3
       2
       4
       6
       4
       2
       3
       3
       0
       1
       3
       2
       2
       4
       4
       1
       3
       2
       3
       1
       3
       2
       2
       5
       1
       3
       5
       1
       2
       3
       2
       3
       2
       4
       4
       5
       3
       4
       7
       4
       5
       4
       7
       5
       2
       7
       4
      10
       3
       4
       3
       4
       4
       8
       9
       6
       3
       7
       6
       7
       2
      12
       5
       5
      11
       3
      11
       4
      10
       7
       6
      12
       9
       9
      11
       9
       9
       6
       6
      14
       8
       7
      14
       9
      10
       8
      14
       9
       7
       9
       8
      12
      12
      12
       9
      10
       9
      17
      11
      13
       7
       8
       9
      13
       9
      11
       7
      10
      10
      10
      12
      16
       4
       9
       7
       5
       5
       7
       9
       3
       4
      12
       7
       4
       7
       4
       7
       5
       6
       7
       7
       8
       5
       5
       3
       7
       5
       3
       4
       3
       3
       4
       2
       1
       2
       5
       0
       4
       2
       2
       2
       2
       3
       2
       0
       2
       4
       1
       4
       0
       3
       1
       4
       3
       0
       2
       0
       1
       2
       1
       1
       0
       2
       1
       0
       1
       1
       1
       0
       1
       1
       0
       1
       0
       1
       0
       0
       0
       0
       3
       0
       1
       1
       0
       0
       2
       0
       1
       2
       1
       1
       0
       2
       0
       0
       1
       0
       1
       1
       1
       1
       0
       2
       3
       1
       1
       0
       1
       0
       2
       0
       0
       1
       1
       0
       0
       0
       1
       1
       0
       0
       1
       0
       0
       0
       0
       2
       1
       1
       1
       1
       1
       1
       0
       0
       0
       0
       0
       2
       1
       2
       1
       0
       0
       0
       1
       1
       1
       2
       0
       0
       1
       0
       0
       0
       0
       1
       0
       1
       0
       0
       1
       0
       1
       0
       0
       1
       0
       0
       0
       0
       0
       0
       1
       1
       0
       0
       0
       0
       0
       0
       0
       0
       0
       0
       0
       0
       0
       0
       0
       0
       0
       0
       0
       0
       1
       1
       0
       1
       1
       0
       0
       0
       0
       2
       0
       1
       1
       0
       0
       0
       0
       0
       1
       0
       0
       0
       0
       0
       0
       0
       0
       0
       0
       0
       1
       1
       2
       1
       0
       0
       0
       2
       0
       0
       0
       1
       0
       0
       0
       0
       0
       0
       1
       0
       0
       0
       0
       0
       0
       0
       0
       0
       0
       1
       0
       0
       0
       0
       0
       0
       0
       0
       0
       0
       1
       0
       0
       0
       0
       2
       1
       0
       0
       1
       0
       0
       0
       1
       1
       0
       0
       0
       0
       0
       0
       0
       0
       0
       1
       0
       0
       1
       0
       1
       1
       0
       0
       0
       0
       1
       0
       0
       0
       0
       0
       0
       1
       1
       0
       2
       0
       0
       0
       0
       0
       0
       1
       0
       0
       1
       1
       0
       1
       0
       2
       0
       0
       1
       0
       0
       0
       0
       0
       0
       0
       1
       0
       0
       0
       1
       1
       1
       0
       0
       0
       0
       0
       0
       1
       0
       0
       1
       0
       3
       1
       1
       0
       2
       0
       0
       0
       0
       0
       0
       0
       0
       0
       0
       0
       0
       1
       1
       0
       1
       1
       0
       0
       0
       0
       0
       0
       0
       0
       0
       0
       1
       0
       0
       0
       0
       0
       1
       1
       1
       0
       0
       0
       0
       0
       0
       0
       0
       0
       1
       0
       0
       0
       0
       0
       0
       0
       0
       0
       0
       1
       0
       0
       0
       0
       2
       0
       0
       1
       1
       0
       0
       0
       0
       1
       0
       0
       0
       0
       1
       0
       0
       1
       0
       0
       0
       0
       0
       0
       0
       0
       0
       1
       0
       0
       0
       0
       1
       0
       0
       0
       0
       1
       0
       0
       0
       0
       0
       0
       0
       0
       0
       0
       0
       0
       0
       0
       0
       0
       0
       0
       1
       0
       0
       0
       0
       0
       0
       0
       0
       0
       0
       0
       0
       0
       1
       0
       0
       0
       0
       1
       1
       0
       0
       0
       0
       0
       0
       0
       0
       0
       2
       0
       0
       0
       0
       0
       0
       0
       0
       1
       0
       0
       0
       0
       0
       0
       0
       1
       0
       0
       0
       0
       0
       1
       0
       1
       0
       0
       1
       0
       0
       0
       0
       1
       0
       0
       0
       0
       0
       0
       0
       0
       0
       0
       0
       0
       0
       0
       0
       0
       1
       1
       1
       0
       0
       1
       0
       0
       1
       1
       0
       0
       1
       0
       0
       0
       1
       0
       0
       0
       0
       1
       0
       0
       0
       0
       0
       0
       0
       0
       1
       0
       0
       0
       0
       0
       1
       0
       0
       0
       0
       0
       0
       0
       0
       0
       0
       0
       0
       0
       0
       0
       0
       1
       0
       0
       0
       0
       0
       0
       0
       0
       0
       0
       0
       0
       0
       0
       0
       0
       0
       0
       0
       0
       0
       0
       0
       0
       0
       0
       0
       0
       0
       0
       0
       0
       1
       0
       0
       0
       0
       0
       0
       0
       0
       0
       0
       0
       0
       0
       0
       0
       0
       0
       0
       0
       1
       0
       0
       0
       0
       0
       0
       0
       0
       0
       0
       0
       0
       0
       0
       0
       0
       1
       0
       0
       0
       0
       0
       1
       0
       0
       0
       0
       0
       0
       0
       0
       0
       0
       0
       0
       0
       0
       0
       0
       0
       0
       0
       0
       0
       0
       0
       0
       0
       0
       0
       1
       0
       0
       0
       0
       0
       0
       0
       0
       1
       0
       0
       0
       0
       0
       0
       0
       0
       0
       0
       0
       0
       0
       1
       0
       0
       0
       0
       0
       0
       1
       0
       0
       0
       0
       0
       0
       0
       0
       0
       0
       0
       0
       0
       0
       0
       0
       0
       1
       0
       0
       0
       0
       0
       0
       0
       0
       1
       0
       0
       0
       0
       0
       0
       0
       0
       0
       0
       0
       0
       0
       0
       0
       0
       0
       0
       0
       0
       0
       0
       0
       0
       0
       0
       0
       0
       0
       0
       0
       0
       0
       0
       0
       0
       0
       0
       0
       0
       0
       0
       0
       0
       0
       0
       0
       0
       0
       0
       0
       0
       0
       0
       0
       0
       0
       0
       0
       0
       0
       1
       0
       0
       0
       0
       0
       0
       0
       0
       0
       0
       0
       0
       0
       0
       0
       0
       0
       0
       0
       0
       0
       0
       0
       1
       0
       0
       0
       0
       0
       0
       0
       0
       0
       0
       0
       1
       0
       1
       0
       0
       0
       0
       0
       0
       0
       0
       0
       0
       0
       0
       0
       0
       0
       0
       0
       0
       0
       0
       0
       0
       0
       0
       0
       0
       0
       0
       0
       0
       0
       0
       1
       0
       0
       0
       0
       0
       0
       0
       0
       0
       0
       0
       0
       0
       0
       0
       0
       2
       0
       0
       0
       0
       0
       0
       0
       0
       0
       0
       0
       0
       0
       0
       0
       0
       0
       0
       0
       1
       0
       0
       0
       0
       0
       0
       0
       0
       0
       0
       0
       0
       0
       1
       0
       0
       0
       0
       1
       0
       0
       0
       0
       0
       0
       1
       0
       0
       0
       0
       0
       0
       0
       0
       0
       0
       0
       0
       0
       0
       0
       1
       0
       0
       0
       0
       0
       0
       0
       1
       0
       0
       0
       0
       0
       0
       0
       0
       0
       0
       0
       0
       0
       0
       0
       1
       0
       0
       0
       0
       0
       0
       0
       0
       0
       0
       0
       0
       0
       0
       1
       0
       0
       0
       0
       0
       0
       1
       0
       1
       0
       0
       0
       0
       0
       0
       0
       0
       0
       0
       0
       0
       0
       0
       0
       0
       0
       0
       0
       0
       0
       0
       0
       0
       0
       0
       0
       0
       0
       0
       0
       0
       0
       0
       0
       1
       1
       0
       0
       0
       0
       0
       0
       0
       0
       0
       0
       0
       0
       0
       0
       0
       0
       0
       0
       0
       0
       0
       0
       0
       0
       0
       0
       1
       0
       0
       0
       0
       0
       0
       0
       0
       0
       0
       0
       1
       0
       0
       0
       0
       0
       0
       0
       0
       0
       0
       0
       0
       0
       0
       0
       0
       0
       0
       0
       0
       0
       0
       0
       0
       0
       0
       0
       0
       0
       0
       0
       0
       0
       0
       0
       0
       0
       0
$ROI:
1
921 1079
$PRESETS:
None
0
0
$ENER_FIT:
0.000000 6.583851
$MCA_CAL:
3
0.000000E+000 6.583851E+000 0.000000E+000 keV
$SHAPE_CAL:
3
0.000000E+000 0.000000E+000 0.000000E+000
