$SPEC_ID:
Run 608, Background
$SPEC_REM:
DET# 1
DETDESC# Electrostatic MCA
AP# Maestro Version 6.08
$DATE_MEA:
09/24/2020 16:21:39
$MEAS_TIM:
779808 993675
$DATA:
0 2047
       0
       0
       0
       1
       0
       0
       0
       0
       0
       0
       0
       0
       0
       0
       0
       0
       0
       0
       1
       0
       1
       0
       0
       0
       0
       0
       0
       0
       0
       0
       0
       0
       0
       0
       0
       0
       0
       0
       0
       0
       0
       1
       0
       0
       0
       0
       0
       1
       0
       0
       0
       0
       0
       0
       0
       0
       0
       0
       0
       0
       0
       1
       0
       0
       0
       0
       7
       3
      12
  494735
185694686
239120447
236465144
234071478
231768321
229643209
227609821
225654550
223733710
221903709
220139719
218390155
216706385
214963614
213280650
211555351
209870861
208112106
206383383
204598720
202845794
201022138
199183278
197307338
195453035
193536323
191594061
189618976
187600540
185610980
183572258
181492944
179420764
177287189
175170198
173005918
170846775
168655177
166473029
164272725
162057263
159825555
157591585
155324746
153075188
150799838
148563120
146320680
144036678
141791735
139564672
137299789
135051369
132804843
130581605
128346852
126146164
123948871
121748073
119575597
117407193
115260353
113123097
111000598
108891121
106823275
104764415
102710205
100684186
98666133
96675913
94724718
92779247
90865043
88972659
87084860
85243323
83434676
81638219
79853161
78091150
76379243
74669781
72993870
71349041
69734763
68138597
66549199
65015093
63496394
61995812
60551681
59091144
57672349
56304384
54925880
53586907
52275207
50990575
49738115
48486487
47279104
46081984
44925268
43778611
42667105
41585931
40495494
39467324
38445080
37450317
36466464
35499459
34580613
33657342
32766226
31888467
31039814
30211870
29392830
28602485
27827813
27082744
26338873
25608912
24913823
24234477
23570789
22912209
22284385
21675566
21058102
20481880
19900238
19343475
18816204
18280094
17762978
17255254
16774555
16293848
15826954
15389427
14946228
14517318
14104226
13703872
13305413
12923633
12545765
12193730
11843260
11495312
11165066
10838953
10523367
10217596
 9921773
 9636497
 9353543
 9079574
 8813842
 8554482
 8306957
 8061299
 7826541
 7597674
 7373449
 7151316
 6945072
 6739510
 6542550
 6350144
 6155189
 5976921
 5794216
 5625851
 5464223
 5299200
 5139527
 4985266
 4833300
 4693374
 4552713
 4416806
 4282431
 4156507
 4031960
 3908849
 3792166
 3679234
 3570041
 3459127
 3357038
 3254994
 3156707
 3060811
 2970903
 2879553
 2792054
 2711243
 2630905
 2548818
 2467823
 2395278
 2321967
 2252573
 2182636
 2115172
 2053977
 1988184
 1932631
 1873765
 1812475
 1759089
 1705326
 1652838
 1603206
 1553559
 1501808
 1456594
 1415455
 1367947
 1327836
 1288809
 1246971
 1208936
 1171865
 1134447
 1100583
 1064813
 1032909
 1000221
  970387
  937934
  910114
  880693
  853129
  827801
  801653
  777107
  753757
  728071
  704591
  682777
  661307
  640408
  620042
  598269
  581444
  564005
  545242
  527488
  510982
  493512
  478680
  463216
  448785
  434165
  420197
  405543
  393375
  381552
  367796
  356702
  344269
  332761
  322180
  312115
  302369
  291166
  283738
  271625
  264062
  254692
  246297
  238720
  230491
  222984
  215674
  208443
  201234
  194649
  188098
  181625
  175170
  168746
  163753
  158161
  152412
  147388
  142459
  137507
  132748
  128940
  123735
  119962
  116242
  111430
  108063
  103859
  100394
   97262
   93260
   89771
   87128
   84199
   80416
   78380
   75728
   72766
   70554
   68074
   65325
   63171
   60855
   58489
   56829
   55135
   52197
   51068
   48940
   47281
   45607
   44078
   42017
   40627
   39337
   37956
   36311
   35111
   33516
   32941
   31559
   30138
   29046
   28397
   27084
   25999
   24876
   24198
   23600
   22416
   21462
   20720
   20186
   19143
   18729
   17867
   17223
   16529
   15733
   15230
   14900
   14127
   13642
   12920
   12525
   12327
   11686
   11230
   10874
   10345
   10074
    9738
    9238
    8965
    8664
    8220
    8045
    7494
    7299
    6948
    6604
    6514
    6295
    6098
    5768
    5578
    5275
    5143
    4809
    4675
    4519
    4337
    4061
    4131
    3984
    3726
    3609
    3476
    3323
    3145
    3058
    2968
    2860
    2769
    2631
    2459
    2427
    2214
    2175
    2148
    2035
    1929
    1884
    1814
    1695
    1631
    1593
    1509
    1505
    1362
    1330
    1287
    1254
    1142
    1157
    1096
    1008
    1023
     936
     923
     872
     861
     815
     811
     735
     741
     667
     683
     618
     631
     601
     559
     542
     533
     480
     479
     490
     428
     397
     437
     412
     385
     359
     349
     347
     351
     350
     286
     316
     256
     285
     265
     247
     240
     234
     185
     214
     222
     211
     197
     192
     163
     173
     173
     168
     150
     146
     148
     157
     118
     117
     137
     118
     131
     128
     114
     118
     113
     101
      99
      96
      85
      77
     100
      85
      89
      74
      87
      75
      89
      75
      75
      69
      73
      63
      68
      80
      62
      61
      46
      67
      62
      62
      56
      43
      64
      51
      58
      52
      45
      42
      48
      48
      40
      41
      46
      34
      45
      41
      46
      40
      27
      42
      49
      36
      25
      29
      32
      26
      33
      27
      19
      28
      37
      24
      24
      37
      26
      24
      32
      25
      14
      18
      25
      25
      22
      28
      38
      23
      22
      20
      20
      12
      18
      27
      16
      25
      25
      15
      15
      19
      18
      11
      17
      16
      22
      14
      20
      17
      13
      16
      18
      19
      10
       7
      11
      12
      15
       9
      11
      12
       7
       4
       9
      10
      11
       4
       8
       7
       8
       5
      11
      12
      13
       8
       2
       6
       8
       5
       8
       3
       7
       7
       8
       7
       6
       7
       7
       4
       2
       4
       2
       3
       3
      10
       3
       5
      10
       6
       7
       3
       4
       3
       8
       2
       2
       4
       5
       4
       4
       2
       2
       6
       8
       7
       6
       3
       1
       1
       2
       1
       3
       5
       4
       2
       7
       3
       1
       2
       1
       4
       3
       3
       1
       1
       0
       1
       0
       3
       4
       4
       3
       1
       2
       0
       0
       4
       3
       4
       1
       3
       2
       2
       4
       1
       3
       2
       3
       4
       3
       4
       2
       2
       4
       0
       2
       2
       1
       1
       1
       2
       1
       2
       2
       1
       0
       0
       1
       0
       4
       2
       3
       2
       1
       4
       2
       2
       1
       2
       4
       1
       4
       1
       0
       2
       1
       3
       0
       6
       2
       3
       2
       3
       5
       3
       2
       2
       3
       0
       1
       3
       2
       2
       4
       3
       1
       2
       2
       3
       1
       3
       1
       2
       3
       1
       3
       5
       1
       2
       3
       2
       2
       1
       4
       3
       5
       3
       4
       5
       4
       4
       4
       7
       5
       2
       7
       4
       9
       2
       4
       3
       2
       4
       8
       8
       5
       3
       7
       5
       7
       2
      11
       4
       5
      11
       3
       9
       3
       9
       7
       6
      12
       8
       9
      11
       9
       9
       6
       6
      14
       7
       7
      14
       9
       9
       8
      14
       9
       7
       8
       7
      12
      12
      12
       9
       9
       8
      16
      10
      11
       6
       7
       9
      13
       9
      11
       7
      10
      10
      10
      11
      14
       4
       9
       7
       5
       5
       7
       9
       3
       4
      10
       7
       4
       7
       4
       6
       5
       6
       7
       7
       7
       5
       5
       3
       7
       5
       3
       4
       3
       2
       4
       1
       0
       2
       5
       0
       3
       2
       2
       2
       2
       2
       2
       0
       2
       3
       1
       4
       0
       1
       0
       4
       2
       0
       2
       0
       1
       2
       1
       1
       0
       2
       1
       0
       0
       1
       1
       0
       1
       1
       0
       1
       0
       1
       0
       0
       0
       0
       3
       0
       1
       0
       0
       0
       2
       0
       1
       2
       1
       0
       0
       1
       0
       0
       1
       0
       1
       1
       1
       1
       0
       2
       3
       1
       1
       0
       1
       0
       2
       0
       0
       1
       1
       0
       0
       0
       1
       1
       0
       0
       1
       0
       0
       0
       0
       2
       1
       1
       1
       1
       1
       1
       0
       0
       0
       0
       0
       2
       1
       0
       1
       0
       0
       0
       1
       1
       1
       2
       0
       0
       1
       0
       0
       0
       0
       1
       0
       1
       0
       0
       1
       0
       1
       0
       0
       1
       0
       0
       0
       0
       0
       0
       1
       1
       0
       0
       0
       0
       0
       0
       0
       0
       0
       0
       0
       0
       0
       0
       0
       0
       0
       0
       0
       0
       1
       1
       0
       1
       1
       0
       0
       0
       0
       2
       0
       1
       1
       0
       0
       0
       0
       0
       1
       0
       0
       0
       0
       0
       0
       0
       0
       0
       0
       0
       1
       1
       1
       1
       0
       0
       0
       2
       0
       0
       0
       1
       0
       0
       0
       0
       0
       0
       1
       0
       0
       0
       0
       0
       0
       0
       0
       0
       0
       1
       0
       0
       0
       0
       0
       0
       0
       0
       0
       0
       1
       0
       0
       0
       0
       2
       0
       0
       0
       1
       0
       0
       0
       1
       0
       0
       0
       0
       0
       0
       0
       0
       0
       0
       1
       0
       0
       0
       0
       1
       1
       0
       0
       0
       0
       1
       0
       0
       0
       0
       0
       0
       1
       1
       0
       2
       0
       0
       0
       0
       0
       0
       1
       0
       0
       1
       1
       0
       1
       0
       2
       0
       0
       1
       0
       0
       0
       0
       0
       0
       0
       1
       0
       0
       0
       1
       0
       1
       0
       0
       0
       0
       0
       0
       1
       0
       0
       1
       0
       3
       1
       1
       0
       2
       0
       0
       0
       0
       0
       0
       0
       0
       0
       0
       0
       0
       1
       1
       0
       1
       1
       0
       0
       0
       0
       0
       0
       0
       0
       0
       0
       1
       0
       0
       0
       0
       0
       1
       1
       1
       0
       0
       0
       0
       0
       0
       0
       0
       0
       1
       0
       0
       0
       0
       0
       0
       0
       0
       0
       0
       1
       0
       0
       0
       0
       2
       0
       0
       1
       1
       0
       0
       0
       0
       1
       0
       0
       0
       0
       1
       0
       0
       1
       0
       0
       0
       0
       0
       0
       0
       0
       0
       1
       0
       0
       0
       0
       1
       0
       0
       0
       0
       1
       0
       0
       0
       0
       0
       0
       0
       0
       0
       0
       0
       0
       0
       0
       0
       0
       0
       0
       1
       0
       0
       0
       0
       0
       0
       0
       0
       0
       0
       0
       0
       0
       1
       0
       0
       0
       0
       1
       1
       0
       0
       0
       0
       0
       0
       0
       0
       0
       2
       0
       0
       0
       0
       0
       0
       0
       0
       1
       0
       0
       0
       0
       0
       0
       0
       1
       0
       0
       0
       0
       0
       1
       0
       1
       0
       0
       0
       0
       0
       0
       0
       1
       0
       0
       0
       0
       0
       0
       0
       0
       0
       0
       0
       0
       0
       0
       0
       0
       1
       1
       1
       0
       0
       1
       0
       0
       1
       1
       0
       0
       1
       0
       0
       0
       1
       0
       0
       0
       0
       1
       0
       0
       0
       0
       0
       0
       0
       0
       1
       0
       0
       0
       0
       0
       1
       0
       0
       0
       0
       0
       0
       0
       0
       0
       0
       0
       0
       0
       0
       0
       0
       1
       0
       0
       0
       0
       0
       0
       0
       0
       0
       0
       0
       0
       0
       0
       0
       0
       0
       0
       0
       0
       0
       0
       0
       0
       0
       0
       0
       0
       0
       0
       0
       0
       1
       0
       0
       0
       0
       0
       0
       0
       0
       0
       0
       0
       0
       0
       0
       0
       0
       0
       0
       0
       1
       0
       0
       0
       0
       0
       0
       0
       0
       0
       0
       0
       0
       0
       0
       0
       0
       1
       0
       0
       0
       0
       0
       0
       0
       0
       0
       0
       0
       0
       0
       0
       0
       0
       0
       0
       0
       0
       0
       0
       0
       0
       0
       0
       0
       0
       0
       0
       0
       0
       0
       1
       0
       0
       0
       0
       0
       0
       0
       0
       1
       0
       0
       0
       0
       0
       0
       0
       0
       0
       0
       0
       0
       0
       1
       0
       0
       0
       0
       0
       0
       1
       0
       0
       0
       0
       0
       0
       0
       0
       0
       0
       0
       0
       0
       0
       0
       0
       0
       1
       0
       0
       0
       0
       0
       0
       0
       0
       1
       0
       0
       0
       0
       0
       0
       0
       0
       0
       0
       0
       0
       0
       0
       0
       0
       0
       0
       0
       0
       0
       0
       0
       0
       0
       0
       0
       0
       0
       0
       0
       0
       0
       0
       0
       0
       0
       0
       0
       0
       0
       0
       0
       0
       0
       0
       0
       0
       0
       0
       0
       0
       0
       0
       0
       0
       0
       0
       0
       0
       0
       1
       0
       0
       0
       0
       0
       0
       0
       0
       0
       0
       0
       0
       0
       0
       0
       0
       0
       0
       0
       0
       0
       0
       0
       0
       0
       0
       0
       0
       0
       0
       0
       0
       0
       0
       0
       1
       0
       1
       0
       0
       0
       0
       0
       0
       0
       0
       0
       0
       0
       0
       0
       0
       0
       0
       0
       0
       0
       0
       0
       0
       0
       0
       0
       0
       0
       0
       0
       0
       0
       0
       1
       0
       0
       0
       0
       0
       0
       0
       0
       0
       0
       0
       0
       0
       0
       0
       0
       2
       0
       0
       0
       0
       0
       0
       0
       0
       0
       0
       0
       0
       0
       0
       0
       0
       0
       0
       0
       1
       0
       0
       0
       0
       0
       0
       0
       0
       0
       0
       0
       0
       0
       1
       0
       0
       0
       0
       1
       0
       0
       0
       0
       0
       0
       1
       0
       0
       0
       0
       0
       0
       0
       0
       0
       0
       0
       0
       0
       0
       0
       1
       0
       0
       0
       0
       0
       0
       0
       1
       0
       0
       0
       0
       0
       0
       0
       0
       0
       0
       0
       0
       0
       0
       0
       1
       0
       0
       0
       0
       0
       0
       0
       0
       0
       0
       0
       0
       0
       0
       1
       0
       0
       0
       0
       0
       0
       1
       0
       1
       0
       0
       0
       0
       0
       0
       0
       0
       0
       0
       0
       0
       0
       0
       0
       0
       0
       0
       0
       0
       0
       0
       0
       0
       0
       0
       0
       0
       0
       0
       0
       0
       0
       0
       0
       0
       1
       0
       0
       0
       0
       0
       0
       0
       0
       0
       0
       0
       0
       0
       0
       0
       0
       0
       0
       0
       0
       0
       0
       0
       0
       0
       0
       1
       0
       0
       0
       0
       0
       0
       0
       0
       0
       0
       0
       1
       0
       0
       0
       0
       0
       0
       0
       0
       0
       0
       0
       0
       0
       0
       0
       0
       0
       0
       0
       0
       0
       0
       0
       0
       0
       0
       0
       0
       0
       0
       0
       0
       0
       0
       0
       0
       0
       0
$ROI:
1
921 1079
$PRESETS:
None
0
0
$ENER_FIT:
0.000000 6.583851
$MCA_CAL:
3
0.000000E+000 6.583851E+000 0.000000E+000 keV
$SHAPE_CAL:
3
0.000000E+000 0.000000E+000 0.000000E+000
