$SPEC_ID:
Run 608, Background
$SPEC_REM:
DET# 1
DETDESC# Electrostatic MCA
AP# Maestro Version 6.08
$DATE_MEA:
09/24/2020 16:21:39
$MEAS_TIM:
914265 1238493
$DATA:
0 2047
       0
       0
       0
       1
       0
       0
       0
       0
       0
       0
       0
       0
       0
       0
       0
       0
       0
       0
       1
       0
       1
       0
       0
       0
       0
       0
       0
       0
       0
       0
       0
       0
       0
       0
       0
       0
       0
       0
       0
       0
       0
       1
       0
       0
       0
       0
       0
       1
       0
       0
       0
       0
       0
       0
       0
       0
       0
       0
       0
       0
       0
       1
       0
       0
       0
       0
       7
       3
      15
 1225434
280291025
354489662
351864176
349459178
347112857
344907780
342774778
340681082
338623669
336605441
334633291
332648212
330713895
328684252
326686605
324615667
322588254
320442723
318310950
316086446
313881363
311589514
309253298
306849830
304459833
301978212
299449439
296865511
294265391
291639591
288943571
286195789
283443028
280577546
277732922
274853017
271948180
268988033
266031079
263043554
260003874
256963816
253903134
250780422
247698320
244561331
241465774
238336130
235139733
232036607
228900043
225724774
222560578
219388048
216236034
213053326
209932546
206789776
203640173
200539622
197390926
194315378
191206821
188115742
185056849
182043573
178996447
176001289
173006135
170031090
167073323
164170211
161266414
158409001
155570210
152713572
149944487
147161199
144455834
141732755
139051744
136399774
133760627
131158023
128625673
126094168
123600217
121119852
118709691
116290691
113919728
111617479
109298934
107016754
104816233
102581862
100413316
98288875
96165212
94118192
92060398
90050142
88085687
86148392
84247531
82380672
80547229
78722964
76944925
75211786
73504226
71816670
70142626
68544129
66946721
65384352
63864472
62357460
60895736
59432880
58023347
56641993
55286564
53956440
52641774
51359853
50112982
48900843
47692666
46530380
45376128
44239685
43156775
42062793
41010687
39995420
38983944
37991270
37017568
36090800
35163427
34261717
33392395
32531487
31685541
30864329
30071405
29286226
28515037
27766206
27044310
26325481
25640019
24961698
24288119
23648734
23010872
22400034
21808629
21216715
20652455
20085092
19540050
19015474
18499246
17994982
17504117
17028564
16555941
16105948
15658945
15233884
14811550
14394771
14002638
13605821
13229650
12868630
12503077
12154136
11807331
11471751
11151934
10833094
10531259
10226850
 9943314
 9661895
 9383012
 9113947
 8851599
 8598912
 8350434
 8109240
 7878325
 7652291
 7429687
 7218970
 7005658
 6801491
 6609425
 6416933
 6229917
 6040827
 5867676
 5690790
 5528081
 5366874
 5207768
 5056262
 4902655
 4764797
 4621072
 4482818
 4352623
 4222272
 4094764
 3972762
 3853248
 3736982
 3624937
 3518678
 3409258
 3307181
 3212127
 3111828
 3018195
 2925396
 2837939
 2750570
 2666517
 2585663
 2507143
 2430300
 2354981
 2282089
 2212321
 2145031
 2079490
 2016673
 1953752
 1893380
 1832368
 1775244
 1719993
 1669652
 1615820
 1565505
 1515267
 1470120
 1424353
 1380585
 1335486
 1295550
 1252410
 1213518
 1174666
 1138695
 1101128
 1067190
 1031534
 1001334
  968560
  935894
  908556
  879268
  849534
  822965
  795990
  771901
  745316
  723285
  696798
  675932
  653854
  632201
  612717
  590528
  571925
  553330
  536029
  516926
  500638
  484090
  467412
  452729
  436374
  422501
  408560
  395919
  382136
  369550
  356536
  344727
  334850
  322029
  311377
  301427
  290931
  281809
  270905
  262271
  253848
  245531
  236375
  228661
  220746
  212170
  205925
  198772
  191988
  185958
  179810
  172505
  167404
  160870
  154711
  150624
  146058
  139532
  135472
  130368
  126093
  121462
  117583
  112943
  109031
  105503
  102228
   97467
   94607
   90730
   87970
   85095
   81721
   78638
   76333
   73270
   70968
   67612
   66012
   63635
   61199
   58783
   56688
   54968
   52373
   51219
   49332
   47312
   45347
   43984
   42475
   40711
   39354
   37825
   36030
   34966
   34034
   32582
   31182
   30308
   29023
   28260
   27256
   26087
   25060
   24057
   23067
   22392
   21372
   20431
   19643
   18971
   18352
   17607
   16993
   16422
   15705
   15051
   14786
   13800
   13454
   12948
   12403
   11903
   11517
   11223
   10641
   10304
    9897
    9391
    9130
    8852
    8383
    8206
    7795
    7468
    7070
    6889
    6517
    6164
    6123
    5889
    5620
    5460
    5199
    4989
    4882
    4576
    4458
    4318
    4053
    3926
    3717
    3534
    3378
    3287
    3177
    3026
    2987
    2736
    2780
    2573
    2501
    2408
    2289
    2172
    2082
    1967
    1944
    1859
    1727
    1677
    1676
    1537
    1451
    1403
    1452
    1371
    1269
    1152
    1187
    1097
    1109
     989
     991
     995
     927
     878
     787
     784
     780
     765
     714
     660
     625
     624
     565
     587
     587
     533
     490
     459
     442
     450
     440
     442
     359
     390
     379
     357
     318
     285
     292
     307
     294
     294
     258
     250
     263
     224
     224
     191
     203
     176
     196
     191
     188
     162
     185
     143
     175
     142
     133
     130
     134
     140
     113
     130
     128
     119
      97
     105
      97
     106
      87
      80
     102
      77
     102
      80
      76
      74
      75
      70
      65
      71
      64
      55
      61
      67
      68
      56
      40
      57
      64
      55
      38
      44
      42
      40
      48
      37
      38
      39
      50
      33
      38
      43
      35
      33
      41
      32
      16
      22
      29
      28
      27
      32
      43
      30
      29
      26
      22
      14
      23
      33
      20
      28
      25
      20
      18
      22
      22
      14
      17
      17
      27
      14
      24
      18
      13
      18
      19
      20
      14
       9
      13
      13
      18
      11
      11
      13
       8
       5
      11
      15
      12
       5
       9
       7
       9
       6
      11
      14
      15
       8
       2
       7
      10
       7
       9
       4
       8
       7
       8
       8
       7
      10
       9
       5
       3
       4
       2
       3
       4
      10
       4
       5
      10
       7
       8
       3
       5
       4
       8
       2
       3
       5
       6
       5
       6
       2
       4
       6
       8
       7
       6
       3
       1
       1
       2
       1
       3
       6
       4
       2
       8
       3
       1
       3
       4
       4
       3
       3
       2
       1
       0
       1
       1
       4
       4
       6
       4
       2
       3
       1
       0
       4
       3
       4
       1
       4
       2
       2
       6
       2
       3
       2
       3
       4
       3
       5
       3
       2
       6
       1
       3
       2
       1
       3
       2
       3
       2
       5
       2
       1
       1
       0
       2
       2
       4
       2
       3
       2
       3
       5
       2
       2
       1
       4
       6
       1
       4
       1
       2
       2
       1
       5
       0
       8
       2
       3
       3
       4
       7
       4
       2
       3
       3
       0
       2
       4
       4
       3
       5
       4
       1
       4
       2
       4
       1
       4
       2
       2
       7
       2
       4
       6
       2
       2
       4
       2
       3
       3
       5
       4
       6
       4
       4
       8
       4
       5
       5
       8
       5
       4
       7
       5
      10
       3
       5
       4
       6
       4
       8
       9
       6
       3
       9
       7
       8
       2
      13
       5
       7
      12
       4
      11
       4
      10
       8
       7
      13
      10
       9
      11
      10
      10
       7
       7
      15
      10
       8
      14
       9
      14
      10
      15
       9
       7
       9
      10
      12
      12
      12
      10
      10
      11
      18
      11
      13
       8
       9
       9
      13
       9
      12
       8
      11
      10
      10
      13
      17
       4
      10
       8
       7
       6
       9
       9
       4
       5
      12
       7
       4
       7
       4
       9
       6
       7
       7
       9
       8
       5
       5
       3
       7
       5
       3
       4
       3
       3
       4
       3
       1
       2
       5
       1
       4
       3
       2
       3
       2
       3
       4
       0
       2
       4
       2
       4
       0
       4
       1
       4
       3
       0
       3
       1
       2
       3
       1
       1
       1
       2
       1
       1
       1
       1
       2
       2
       2
       2
       2
       1
       0
       1
       0
       0
       0
       0
       3
       0
       1
       1
       0
       0
       2
       0
       1
       3
       1
       2
       0
       2
       1
       0
       1
       0
       2
       1
       1
       1
       0
       2
       3
       1
       2
       0
       1
       0
       2
       0
       0
       1
       2
       0
       0
       0
       1
       1
       0
       0
       1
       0
       0
       0
       0
       2
       1
       1
       1
       1
       1
       1
       0
       0
       0
       0
       0
       2
       1
       2
       1
       0
       0
       0
       1
       1
       1
       2
       0
       0
       1
       0
       0
       0
       0
       1
       0
       2
       0
       0
       1
       0
       2
       0
       0
       1
       0
       0
       0
       0
       0
       0
       1
       1
       1
       0
       0
       0
       0
       0
       0
       0
       0
       0
       0
       0
       0
       0
       0
       0
       0
       0
       0
       0
       1
       1
       0
       1
       1
       0
       0
       0
       0
       2
       0
       1
       1
       0
       0
       0
       0
       0
       1
       0
       0
       0
       0
       0
       0
       0
       1
       0
       0
       0
       1
       1
       2
       1
       0
       0
       0
       2
       0
       0
       0
       1
       0
       0
       0
       0
       0
       0
       1
       0
       0
       0
       0
       0
       0
       0
       0
       0
       0
       1
       0
       0
       0
       0
       0
       0
       0
       0
       0
       0
       1
       1
       0
       0
       0
       2
       1
       0
       0
       1
       0
       0
       0
       1
       1
       0
       1
       0
       0
       0
       0
       0
       1
       0
       1
       0
       0
       1
       0
       1
       1
       0
       0
       1
       0
       1
       0
       0
       0
       0
       0
       0
       1
       1
       0
       2
       0
       0
       0
       0
       0
       0
       1
       0
       0
       1
       1
       0
       1
       0
       2
       1
       0
       1
       0
       0
       0
       0
       0
       0
       0
       1
       0
       0
       0
       1
       1
       1
       0
       0
       0
       0
       0
       0
       1
       0
       0
       1
       0
       3
       1
       1
       0
       2
       0
       0
       0
       0
       0
       0
       0
       0
       0
       0
       0
       0
       1
       1
       0
       1
       1
       0
       0
       0
       0
       0
       0
       0
       0
       0
       0
       1
       0
       0
       0
       0
       0
       1
       1
       1
       0
       0
       0
       0
       0
       0
       0
       0
       0
       1
       0
       0
       0
       0
       0
       0
       0
       0
       0
       0
       1
       0
       0
       0
       0
       2
       0
       0
       1
       1
       0
       0
       0
       0
       1
       0
       0
       0
       0
       1
       0
       0
       1
       0
       0
       0
       0
       0
       0
       0
       0
       0
       1
       0
       0
       0
       0
       1
       0
       0
       0
       0
       1
       0
       0
       0
       0
       0
       0
       0
       0
       0
       0
       0
       0
       0
       0
       0
       0
       0
       0
       1
       0
       0
       0
       0
       0
       0
       0
       0
       0
       0
       0
       0
       0
       1
       0
       0
       0
       0
       1
       1
       0
       0
       0
       0
       0
       0
       0
       0
       0
       2
       0
       0
       0
       0
       0
       0
       0
       0
       1
       0
       0
       0
       0
       0
       0
       0
       1
       0
       0
       0
       0
       0
       1
       0
       1
       0
       0
       1
       0
       0
       0
       0
       1
       0
       0
       0
       0
       0
       0
       0
       0
       0
       0
       0
       0
       0
       0
       0
       0
       1
       1
       1
       0
       0
       1
       0
       0
       1
       1
       0
       0
       1
       0
       0
       0
       1
       0
       0
       0
       0
       1
       0
       0
       0
       0
       0
       0
       0
       0
       1
       0
       0
       0
       0
       0
       1
       0
       0
       0
       0
       0
       0
       0
       0
       0
       0
       0
       0
       0
       0
       0
       0
       1
       0
       0
       0
       0
       0
       0
       0
       0
       0
       0
       0
       0
       0
       0
       0
       0
       0
       0
       0
       0
       0
       0
       0
       0
       0
       0
       0
       0
       0
       0
       0
       0
       1
       0
       0
       0
       0
       0
       0
       0
       0
       0
       0
       0
       1
       0
       0
       0
       0
       0
       0
       0
       1
       0
       0
       0
       0
       0
       0
       0
       0
       0
       0
       0
       0
       0
       0
       0
       0
       1
       0
       0
       0
       0
       0
       1
       0
       0
       0
       0
       0
       0
       0
       0
       0
       0
       0
       0
       0
       0
       0
       0
       0
       0
       0
       0
       0
       0
       0
       0
       0
       0
       0
       1
       0
       0
       0
       0
       0
       0
       0
       0
       1
       0
       0
       0
       0
       0
       0
       0
       0
       0
       0
       0
       0
       0
       1
       0
       0
       0
       0
       0
       0
       1
       0
       0
       0
       0
       0
       0
       0
       0
       0
       0
       0
       0
       0
       0
       0
       0
       0
       1
       0
       0
       0
       0
       0
       0
       0
       0
       1
       0
       0
       0
       0
       0
       0
       0
       0
       0
       0
       0
       0
       0
       0
       0
       0
       0
       0
       0
       0
       0
       0
       0
       0
       0
       0
       0
       0
       0
       0
       0
       0
       0
       0
       0
       0
       0
       0
       0
       0
       0
       0
       0
       0
       0
       0
       0
       0
       0
       0
       0
       0
       0
       0
       0
       0
       0
       0
       0
       0
       0
       1
       0
       0
       0
       0
       0
       0
       0
       0
       0
       0
       0
       0
       0
       0
       0
       0
       0
       0
       0
       0
       0
       0
       0
       1
       0
       0
       0
       0
       0
       0
       0
       0
       0
       0
       0
       1
       0
       1
       0
       0
       0
       0
       0
       0
       0
       0
       0
       0
       0
       0
       0
       0
       0
       0
       0
       0
       0
       0
       0
       0
       0
       0
       0
       0
       0
       0
       0
       0
       0
       0
       1
       0
       0
       0
       0
       0
       0
       0
       0
       0
       0
       0
       0
       0
       0
       0
       0
       2
       0
       0
       0
       0
       0
       0
       0
       0
       0
       0
       0
       0
       0
       0
       0
       0
       0
       0
       0
       1
       0
       0
       0
       0
       0
       0
       0
       0
       0
       0
       0
       0
       0
       1
       0
       0
       0
       0
       1
       0
       0
       0
       0
       0
       0
       1
       0
       0
       0
       0
       0
       0
       0
       0
       0
       0
       0
       0
       0
       0
       0
       1
       0
       0
       0
       0
       0
       0
       0
       1
       0
       0
       0
       0
       0
       0
       0
       0
       0
       0
       0
       0
       0
       0
       0
       1
       0
       0
       0
       0
       0
       0
       0
       0
       0
       0
       0
       0
       0
       0
       1
       0
       0
       0
       0
       0
       0
       1
       0
       1
       0
       0
       0
       0
       0
       0
       0
       0
       0
       0
       0
       0
       0
       0
       0
       0
       0
       0
       0
       0
       0
       0
       0
       0
       0
       0
       0
       0
       0
       0
       0
       0
       0
       0
       0
       1
       1
       0
       0
       0
       0
       0
       0
       0
       0
       0
       0
       0
       0
       0
       0
       0
       0
       0
       0
       0
       0
       0
       0
       0
       0
       0
       0
       1
       0
       0
       0
       0
       0
       0
       0
       0
       0
       0
       0
       1
       0
       0
       0
       0
       0
       0
       0
       0
       0
       0
       0
       0
       0
       0
       0
       0
       0
       0
       0
       0
       0
       0
       0
       0
       0
       0
       0
       0
       0
       0
       0
       0
       0
       0
       0
       0
       0
       0
$ROI:
1
921 1079
$PRESETS:
None
0
0
$ENER_FIT:
0.000000 6.583851
$MCA_CAL:
3
0.000000E+000 6.583851E+000 0.000000E+000 keV
$SHAPE_CAL:
3
0.000000E+000 0.000000E+000 0.000000E+000
