$SPEC_ID:
Run 608, Background
$SPEC_REM:
DET# 1
DETDESC# Electrostatic MCA
AP# Maestro Version 6.08
$DATE_MEA:
09/24/2020 16:21:39
$MEAS_TIM:
688073 828062
$DATA:
0 2047
       0
       0
       0
       1
       0
       0
       0
       0
       0
       0
       0
       0
       0
       0
       0
       0
       0
       0
       1
       0
       1
       0
       0
       0
       0
       0
       0
       0
       0
       0
       0
       0
       0
       0
       0
       0
       0
       0
       0
       0
       0
       1
       0
       0
       0
       0
       0
       1
       0
       0
       0
       0
       0
       0
       0
       0
       0
       0
       0
       0
       0
       1
       0
       0
       0
       0
       6
       2
       6
  137171
123191115
161458482
158817756
156427865
154162911
152070979
150112943
148243973
146433981
144721323
143106798
141529135
140001372
138479750
136988317
135504573
134036828
132560457
131104126
129621291
128169643
126668883
125180242
123661457
122155478
120620708
119065710
117487348
115908402
114314648
112734475
111096641
109487259
107848165
106198579
104525240
102882465
101201137
99540017
97873985
96186638
94506949
92828272
91139115
89458404
87765429
86109157
84448965
82776670
81124996
79493527
77843754
76204649
74591567
72989319
71396803
69800299
68237345
66673126
65132876
63619211
62107825
60611493
59134320
57668486
56241865
54829817
53423054
52045897
50666663
49330566
48012058
46715995
45441832
44190699
42942708
41728598
40549547
39385503
38231086
37105723
36012791
34922158
33869480
32828163
31812628
30825496
29848619
28908701
27983412
27074251
26196768
25334555
24487834
23674854
22880137
22098354
21339117
20605106
19887337
19184804
18509734
17846494
17207447
16581707
15977610
15395412
14820625
14273157
13736006
13218823
12712645
12224668
11758082
11296152
10856357
10430426
10013347
 9616436
 9228104
 8859550
 8492741
 8153708
 7816775
 7488026
 7178529
 6883888
 6597104
 6314526
 6043748
 5791216
 5532903
 5299817
 5067650
 4848868
 4638803
 4431456
 4239279
 4045208
 3866007
 3690229
 3523804
 3366429
 3211470
 3064340
 2925444
 2792003
 2662311
 2539571
 2419916
 2305030
 2197629
 2092501
 1993954
 1897639
 1810226
 1721974
 1638238
 1559472
 1484233
 1413400
 1342470
 1279086
 1216157
 1155212
 1098186
 1044803
  992438
  943895
  896356
  851655
  809538
  769606
  729954
  693375
  658237
  626628
  594409
  563843
  535588
  507812
  482183
  457261
  433838
  412546
  390121
  370572
  352026
  333816
  316273
  300249
  285775
  271481
  257240
  244180
  231305
  219127
  208474
  197304
  187301
  178627
  169150
  161062
  151724
  144639
  137850
  131180
  123608
  118279
  111845
  106294
  101866
   96332
   91200
   87174
   83046
   79223
   75284
   71627
   68651
   65041
   62458
   58995
   56589
   54270
   51046
   48811
   46726
   44714
   42890
   40763
   39444
   37761
   36121
   34198
   33258
   31951
   30629
   29471
   27978
   26888
   25820
   24568
   23897
   23157
   22146
   21305
   20765
   19783
   19081
   18554
   17765
   17158
   16661
   15979
   15448
   14986
   14751
   14248
   13721
   13163
   12898
   12567
   12051
   11635
   11670
   11193
   10729
   10380
   10118
    9740
    9608
    9211
    8925
    8857
    8458
    8289
    8072
    7831
    7829
    7388
    7269
    6992
    6990
    6800
    6460
    6438
    6274
    6106
    5919
    5762
    5639
    5478
    5484
    5330
    5176
    5109
    4931
    4767
    4656
    4515
    4378
    4403
    4065
    4154
    4047
    3953
    3798
    3777
    3644
    3500
    3432
    3401
    3388
    3218
    3160
    3084
    3020
    3042
    2795
    2818
    2800
    2692
    2674
    2449
    2418
    2426
    2272
    2304
    2245
    2153
    2134
    2117
    2114
    1974
    1909
    1855
    1875
    1801
    1738
    1701
    1616
    1610
    1544
    1518
    1542
    1457
    1456
    1433
    1353
    1243
    1273
    1253
    1198
    1143
    1149
    1097
    1040
    1052
    1022
     996
     956
     958
     899
     898
     869
     798
     874
     770
     799
     784
     732
     685
     698
     703
     610
     636
     589
     583
     562
     554
     496
     482
     476
     467
     494
     454
     439
     417
     415
     413
     382
     362
     333
     339
     337
     336
     308
     293
     290
     270
     253
     253
     254
     246
     244
     250
     223
     203
     180
     164
     181
     157
     196
     163
     151
     139
     167
     133
     147
     139
     123
     119
     122
     111
     108
     101
     109
     100
      76
      81
      88
      72
      76
      85
      73
      68
      64
      68
      67
      57
      40
      55
      36
      54
      48
      45
      41
      47
      45
      32
      35
      32
      35
      38
      26
      29
      29
      26
      21
      29
      25
      24
      21
      29
      15
      20
      22
      13
      14
      13
      20
      10
      10
      13
      10
      15
      13
      17
      12
       8
       9
       6
       8
       4
       5
       7
       4
      10
       9
       3
       4
       1
       1
       2
       5
      11
       3
       7
       3
       4
       4
       6
       6
       4
       2
       3
       0
       3
       1
       3
       2
       4
       0
       3
       4
       1
       1
       4
       1
       1
       2
       2
       2
       2
       1
       2
       4
       0
       0
       1
       3
       1
       2
       0
       1
       1
       1
       0
       3
       4
       0
       2
       0
       1
       1
       3
       0
       3
       2
       3
       0
       1
       2
       0
       3
       1
       0
       0
       3
       1
       1
       1
       1
       2
       1
       0
       2
       5
       1
       1
       1
       4
       0
       2
       0
       4
       1
       0
       1
       2
       1
       0
       0
       2
       0
       1
       1
       1
       1
       2
       0
       0
       1
       0
       0
       1
       0
       0
       1
       2
       1
       1
       0
       1
       0
       0
       2
       1
       2
       3
       0
       0
       1
       0
       0
       2
       1
       0
       1
       1
       2
       1
       0
       0
       0
       2
       2
       0
       1
       0
       0
       1
       0
       0
       2
       3
       2
       3
       0
       0
       1
       0
       0
       0
       2
       4
       1
       4
       0
       0
       0
       1
       2
       1
       1
       1
       0
       0
       1
       0
       1
       2
       2
       2
       0
       0
       0
       0
       3
       0
       1
       0
       0
       1
       2
       3
       0
       2
       0
       2
       0
       1
       2
       0
       2
       2
       0
       2
       1
       1
       1
       1
       2
       0
       1
       2
       1
       0
       0
       1
       0
       3
       2
       3
       1
       1
       2
       2
       1
       0
       2
       3
       1
       1
       1
       0
       2
       0
       2
       0
       6
       1
       2
       1
       2
       1
       2
       2
       1
       3
       0
       1
       2
       1
       1
       3
       2
       1
       1
       1
       0
       0
       1
       0
       0
       2
       1
       2
       5
       0
       1
       3
       2
       1
       1
       2
       3
       4
       3
       3
       5
       4
       2
       3
       4
       4
       2
       7
       3
       7
       2
       3
       3
       1
       3
       6
       7
       5
       3
       5
       5
       6
       1
       7
       4
       4
       9
       3
       9
       2
       9
       7
       6
      12
       8
       8
      10
       9
       9
       6
       5
      14
       6
       7
      12
       9
       9
       8
      12
       7
       7
       8
       5
      10
      11
      11
       7
       9
       5
      15
      10
       9
       5
       7
       9
      10
       9
      10
       7
       9
       9
       9
      11
      13
       4
       8
       6
       4
       5
       6
       8
       3
       3
       7
       6
       4
       7
       3
       5
       4
       5
       5
       6
       7
       5
       4
       2
       5
       5
       2
       4
       3
       2
       4
       1
       0
       2
       4
       0
       3
       1
       2
       2
       1
       1
       1
       0
       1
       2
       1
       1
       0
       1
       0
       3
       2
       0
       2
       0
       0
       1
       1
       0
       0
       2
       1
       0
       0
       1
       0
       0
       1
       1
       0
       0
       0
       1
       0
       0
       0
       0
       3
       0
       1
       0
       0
       0
       1
       0
       0
       1
       1
       0
       0
       1
       0
       0
       0
       0
       1
       1
       1
       1
       0
       1
       2
       1
       1
       0
       0
       0
       1
       0
       0
       1
       0
       0
       0
       0
       0
       1
       0
       0
       1
       0
       0
       0
       0
       2
       1
       1
       1
       0
       1
       1
       0
       0
       0
       0
       0
       1
       1
       0
       1
       0
       0
       0
       1
       1
       1
       1
       0
       0
       0
       0
       0
       0
       0
       0
       0
       1
       0
       0
       0
       0
       1
       0
       0
       0
       0
       0
       0
       0
       0
       0
       1
       1
       0
       0
       0
       0
       0
       0
       0
       0
       0
       0
       0
       0
       0
       0
       0
       0
       0
       0
       0
       0
       1
       0
       0
       1
       1
       0
       0
       0
       0
       2
       0
       1
       0
       0
       0
       0
       0
       0
       1
       0
       0
       0
       0
       0
       0
       0
       0
       0
       0
       0
       1
       1
       1
       1
       0
       0
       0
       2
       0
       0
       0
       0
       0
       0
       0
       0
       0
       0
       0
       0
       0
       0
       0
       0
       0
       0
       0
       0
       0
       1
       0
       0
       0
       0
       0
       0
       0
       0
       0
       0
       1
       0
       0
       0
       0
       0
       0
       0
       0
       1
       0
       0
       0
       1
       0
       0
       0
       0
       0
       0
       0
       0
       0
       0
       0
       0
       0
       0
       0
       0
       1
       0
       0
       0
       0
       1
       0
       0
       0
       0
       0
       0
       1
       1
       0
       2
       0
       0
       0
       0
       0
       0
       1
       0
       0
       1
       1
       0
       1
       0
       1
       0
       0
       1
       0
       0
       0
       0
       0
       0
       0
       1
       0
       0
       0
       0
       0
       0
       0
       0
       0
       0
       0
       0
       1
       0
       0
       1
       0
       2
       0
       1
       0
       1
       0
       0
       0
       0
       0
       0
       0
       0
       0
       0
       0
       0
       1
       1
       0
       1
       1
       0
       0
       0
       0
       0
       0
       0
       0
       0
       0
       0
       0
       0
       0
       0
       0
       1
       0
       1
       0
       0
       0
       0
       0
       0
       0
       0
       0
       1
       0
       0
       0
       0
       0
       0
       0
       0
       0
       0
       1
       0
       0
       0
       0
       2
       0
       0
       0
       1
       0
       0
       0
       0
       1
       0
       0
       0
       0
       1
       0
       0
       1
       0
       0
       0
       0
       0
       0
       0
       0
       0
       1
       0
       0
       0
       0
       1
       0
       0
       0
       0
       1
       0
       0
       0
       0
       0
       0
       0
       0
       0
       0
       0
       0
       0
       0
       0
       0
       0
       0
       0
       0
       0
       0
       0
       0
       0
       0
       0
       0
       0
       0
       0
       0
       1
       0
       0
       0
       0
       1
       1
       0
       0
       0
       0
       0
       0
       0
       0
       0
       1
       0
       0
       0
       0
       0
       0
       0
       0
       1
       0
       0
       0
       0
       0
       0
       0
       0
       0
       0
       0
       0
       0
       1
       0
       0
       0
       0
       0
       0
       0
       0
       0
       1
       0
       0
       0
       0
       0
       0
       0
       0
       0
       0
       0
       0
       0
       0
       0
       0
       1
       1
       1
       0
       0
       1
       0
       0
       1
       1
       0
       0
       0
       0
       0
       0
       1
       0
       0
       0
       0
       1
       0
       0
       0
       0
       0
       0
       0
       0
       1
       0
       0
       0
       0
       0
       0
       0
       0
       0
       0
       0
       0
       0
       0
       0
       0
       0
       0
       0
       0
       0
       0
       1
       0
       0
       0
       0
       0
       0
       0
       0
       0
       0
       0
       0
       0
       0
       0
       0
       0
       0
       0
       0
       0
       0
       0
       0
       0
       0
       0
       0
       0
       0
       0
       0
       1
       0
       0
       0
       0
       0
       0
       0
       0
       0
       0
       0
       0
       0
       0
       0
       0
       0
       0
       0
       1
       0
       0
       0
       0
       0
       0
       0
       0
       0
       0
       0
       0
       0
       0
       0
       0
       1
       0
       0
       0
       0
       0
       0
       0
       0
       0
       0
       0
       0
       0
       0
       0
       0
       0
       0
       0
       0
       0
       0
       0
       0
       0
       0
       0
       0
       0
       0
       0
       0
       0
       1
       0
       0
       0
       0
       0
       0
       0
       0
       1
       0
       0
       0
       0
       0
       0
       0
       0
       0
       0
       0
       0
       0
       1
       0
       0
       0
       0
       0
       0
       1
       0
       0
       0
       0
       0
       0
       0
       0
       0
       0
       0
       0
       0
       0
       0
       0
       0
       1
       0
       0
       0
       0
       0
       0
       0
       0
       1
       0
       0
       0
       0
       0
       0
       0
       0
       0
       0
       0
       0
       0
       0
       0
       0
       0
       0
       0
       0
       0
       0
       0
       0
       0
       0
       0
       0
       0
       0
       0
       0
       0
       0
       0
       0
       0
       0
       0
       0
       0
       0
       0
       0
       0
       0
       0
       0
       0
       0
       0
       0
       0
       0
       0
       0
       0
       0
       0
       0
       0
       1
       0
       0
       0
       0
       0
       0
       0
       0
       0
       0
       0
       0
       0
       0
       0
       0
       0
       0
       0
       0
       0
       0
       0
       0
       0
       0
       0
       0
       0
       0
       0
       0
       0
       0
       0
       1
       0
       1
       0
       0
       0
       0
       0
       0
       0
       0
       0
       0
       0
       0
       0
       0
       0
       0
       0
       0
       0
       0
       0
       0
       0
       0
       0
       0
       0
       0
       0
       0
       0
       0
       1
       0
       0
       0
       0
       0
       0
       0
       0
       0
       0
       0
       0
       0
       0
       0
       0
       0
       0
       0
       0
       0
       0
       0
       0
       0
       0
       0
       0
       0
       0
       0
       0
       0
       0
       0
       0
       0
       0
       0
       0
       0
       0
       0
       0
       0
       0
       0
       0
       0
       0
       1
       0
       0
       0
       0
       1
       0
       0
       0
       0
       0
       0
       1
       0
       0
       0
       0
       0
       0
       0
       0
       0
       0
       0
       0
       0
       0
       0
       1
       0
       0
       0
       0
       0
       0
       0
       1
       0
       0
       0
       0
       0
       0
       0
       0
       0
       0
       0
       0
       0
       0
       0
       1
       0
       0
       0
       0
       0
       0
       0
       0
       0
       0
       0
       0
       0
       0
       1
       0
       0
       0
       0
       0
       0
       0
       0
       1
       0
       0
       0
       0
       0
       0
       0
       0
       0
       0
       0
       0
       0
       0
       0
       0
       0
       0
       0
       0
       0
       0
       0
       0
       0
       0
       0
       0
       0
       0
       0
       0
       0
       0
       0
       0
       1
       0
       0
       0
       0
       0
       0
       0
       0
       0
       0
       0
       0
       0
       0
       0
       0
       0
       0
       0
       0
       0
       0
       0
       0
       0
       0
       1
       0
       0
       0
       0
       0
       0
       0
       0
       0
       0
       0
       0
       0
       0
       0
       0
       0
       0
       0
       0
       0
       0
       0
       0
       0
       0
       0
       0
       0
       0
       0
       0
       0
       0
       0
       0
       0
       0
       0
       0
       0
       0
       0
       0
       0
       0
       0
       0
       0
       0
$ROI:
1
921 1079
$PRESETS:
None
0
0
$ENER_FIT:
0.000000 6.583851
$MCA_CAL:
3
0.000000E+000 6.583851E+000 0.000000E+000 keV
$SHAPE_CAL:
3
0.000000E+000 0.000000E+000 0.000000E+000
