$SPEC_ID:
Run 608, Background
$SPEC_REM:
DET# 1
DETDESC# Electrostatic MCA
AP# Maestro Version 6.08
$DATE_MEA:
09/24/2020 16:21:39
$MEAS_TIM:
827646 1080081
$DATA:
0 2047
       0
       0
       0
       1
       0
       0
       0
       0
       0
       0
       0
       0
       0
       0
       0
       0
       0
       0
       1
       0
       1
       0
       0
       0
       0
       0
       0
       0
       0
       0
       0
       0
       0
       0
       0
       0
       0
       0
       0
       0
       0
       1
       0
       0
       0
       0
       0
       1
       0
       0
       0
       0
       0
       0
       0
       0
       0
       0
       0
       0
       0
       1
       0
       0
       0
       0
       7
       3
      14
  720578
218193433
279073488
276416089
274027790
271700474
269558453
267499034
265492344
263520058
261621090
259791625
257963106
256201515
254358607
252564712
250718290
248917502
247029654
245175029
243235218
241321549
239342009
237340208
235286761
233237548
231136421
228999695
226809128
224593912
222389504
220126134
217826804
215511529
213129985
210766082
208350667
205940481
203486832
201043894
198574478
196080142
193568774
191055657
188491982
185962400
183398328
180871402
178317625
175722435
173185832
170636972
168071781
165508674
162939335
160402741
157843841
155327241
152805457
150278810
147792395
145283949
142821085
140346833
137901870
135462450
133070375
130672234
128298672
125931566
123586848
121262658
118995476
116712829
114476988
112255744
110043740
107874964
105730607
103625873
101521646
99445388
97402616
95368069
93374875
91432723
89499223
87591828
85692826
83858707
82037555
80232192
78485849
76734404
75020784
73372532
71692142
70065033
68473914
66897165
65373291
63850118
62355170
60897035
59466210
58061874
56686297
55350938
54006763
52725672
51448572
50206963
48979206
47771032
46617889
45461772
44335514
43233438
42156290
41109880
40060787
39059439
38077202
37119506
36175837
35238065
34342837
33466146
32607237
31762677
30942035
30145402
29350677
28594779
27833007
27104553
26407819
25706341
25019967
24350620
23716548
23080253
22458818
21872706
21281663
20705932
20147881
19616361
19076317
18560503
18051180
17568802
17087666
16623992
16169291
15718432
15289989
14866937
14458545
14065307
13670839
13295983
12923794
12563660
12218725
11873736
11543722
11223465
10909690
10599158
10302825
10011607
 9736743
 9458290
 9185121
 8933017
 8672497
 8429044
 8196454
 7961197
 7728456
 7507486
 7289441
 7085692
 6879682
 6684420
 6487308
 6303796
 6122689
 5941190
 5770520
 5605983
 5443591
 5281245
 5129339
 4979305
 4837620
 4694155
 4560176
 4422520
 4294653
 4172232
 4049413
 3929326
 3809024
 3698464
 3589512
 3484715
 3379665
 3279562
 3185208
 3087629
 3001761
 2910196
 2821671
 2737780
 2657668
 2576083
 2499374
 2422629
 2348598
 2277733
 2212912
 2142326
 2078333
 2019198
 1955550
 1896115
 1838237
 1782269
 1727319
 1674601
 1623359
 1573820
 1525914
 1477568
 1432412
 1388505
 1345376
 1304029
 1264056
 1225917
 1188920
 1149157
 1112839
 1079021
 1045532
 1012129
  981137
  947691
  920230
  892374
  863566
  836053
  810207
  783548
  759213
  734895
  712348
  689333
  667246
  643960
  625675
  605046
  584161
  566593
  548137
  530091
  513154
  496540
  481635
  464098
  451643
  433796
  420856
  407498
  393416
  381014
  367619
  356138
  343696
  333306
  321485
  311265
  300773
  290208
  280483
  270764
  262166
  253180
  244556
  236693
  228260
  220844
  213439
  206477
  198772
  192769
  186585
  179402
  173458
  167041
  161213
  156403
  150823
  145303
  140440
  136013
  130256
  126921
  122117
  118110
  114307
  110505
  105872
  102689
   98830
   94894
   92052
   89589
   85462
   82972
   79493
   76936
   74171
   71765
   68692
   66496
   64247
   62005
   59562
   57723
   54886
   53579
   51665
   49426
   47733
   46379
   44258
   42930
   40943
   39871
   38632
   37095
   35366
   34267
   33269
   31693
   30949
   29723
   28393
   27270
   26366
   25361
   24596
   23580
   22792
   21636
   20918
   20650
   19522
   18764
   18308
   17420
   16923
   16343
   15633
   15124
   14398
   13788
   13423
   12792
   12250
   11641
   11237
   11040
   10490
   10193
    9866
    9355
    8870
    8820
    8231
    8008
    7827
    7364
    7045
    6954
    6720
    6334
    6193
    5923
    5661
    5358
    5255
    5050
    4856
    4703
    4498
    4287
    4135
    3831
    3696
    3656
    3567
    3352
    3273
    3075
    2985
    2877
    2751
    2629
    2625
    2399
    2375
    2197
    2172
    2007
    1989
    1909
    1791
    1768
    1637
    1657
    1540
    1505
    1433
    1420
    1284
    1272
    1190
    1206
    1082
    1055
    1026
     953
     956
     889
     866
     846
     859
     740
     700
     759
     680
     670
     632
     624
     601
     571
     571
     473
     506
     455
     479
     444
     428
     404
     398
     344
     360
     388
     340
     325
     307
     278
     297
     299
     275
     236
     250
     244
     255
     209
     176
     202
     204
     196
     197
     177
     179
     182
     158
     152
     139
     125
     114
     148
     139
     133
     121
     135
     104
     129
     108
     105
      96
      98
      97
      82
     102
      90
      79
      69
      84
      77
      86
      71
      66
      87
      62
      77
      65
      63
      58
      58
      58
      58
      55
      56
      41
      54
      53
      52
      46
      36
      48
      58
      43
      30
      36
      37
      30
      42
      30
      28
      33
      45
      26
      27
      38
      30
      31
      36
      29
      16
      19
      26
      27
      23
      31
      40
      27
      23
      25
      20
      13
      19
      29
      17
      27
      25
      16
      16
      20
      20
      12
      17
      17
      24
      14
      21
      18
      13
      17
      19
      20
      14
       7
      12
      13
      16
      11
      11
      13
       8
       4
      10
      11
      12
       4
       8
       7
       9
       6
      11
      13
      15
       8
       2
       6
       9
       6
       8
       4
       8
       7
       8
       7
       6
       9
       8
       4
       2
       4
       2
       3
       3
      10
       4
       5
      10
       6
       8
       3
       4
       3
       8
       2
       2
       4
       5
       4
       6
       2
       4
       6
       8
       7
       6
       3
       1
       1
       2
       1
       3
       5
       4
       2
       7
       3
       1
       3
       3
       4
       3
       3
       1
       1
       0
       1
       1
       4
       4
       5
       3
       1
       3
       1
       0
       4
       3
       4
       1
       3
       2
       2
       4
       1
       3
       2
       3
       4
       3
       4
       3
       2
       5
       0
       2
       2
       1
       1
       1
       2
       1
       3
       2
       1
       1
       0
       1
       1
       4
       2
       3
       2
       2
       4
       2
       2
       1
       3
       6
       1
       4
       1
       1
       2
       1
       3
       0
       7
       2
       3
       2
       4
       6
       4
       2
       3
       3
       0
       1
       3
       2
       2
       4
       4
       1
       3
       2
       3
       1
       3
       2
       2
       5
       1
       3
       5
       1
       2
       3
       2
       3
       2
       4
       4
       5
       3
       4
       7
       4
       5
       4
       7
       5
       2
       7
       4
      10
       3
       4
       3
       4
       4
       8
       9
       6
       3
       7
       6
       7
       2
      12
       5
       5
      11
       3
      11
       4
      10
       7
       6
      13
       9
       9
      11
       9
       9
       6
       6
      14
       8
       7
      14
       9
      10
       8
      15
       9
       7
       9
       9
      12
      12
      12
       9
      10
      10
      17
      11
      13
       7
       8
       9
      13
       9
      11
       7
      10
      10
      10
      12
      16
       4
       9
       8
       5
       5
       8
       9
       3
       4
      12
       7
       4
       7
       4
       7
       5
       6
       7
       7
       8
       5
       5
       3
       7
       5
       3
       4
       3
       3
       4
       2
       1
       2
       5
       0
       4
       2
       2
       2
       2
       3
       2
       0
       2
       4
       1
       4
       0
       3
       1
       4
       3
       0
       3
       0
       1
       2
       1
       1
       0
       2
       1
       0
       1
       1
       1
       0
       1
       1
       1
       1
       0
       1
       0
       0
       0
       0
       3
       0
       1
       1
       0
       0
       2
       0
       1
       2
       1
       1
       0
       2
       0
       0
       1
       0
       1
       1
       1
       1
       0
       2
       3
       1
       1
       0
       1
       0
       2
       0
       0
       1
       2
       0
       0
       0
       1
       1
       0
       0
       1
       0
       0
       0
       0
       2
       1
       1
       1
       1
       1
       1
       0
       0
       0
       0
       0
       2
       1
       2
       1
       0
       0
       0
       1
       1
       1
       2
       0
       0
       1
       0
       0
       0
       0
       1
       0
       1
       0
       0
       1
       0
       1
       0
       0
       1
       0
       0
       0
       0
       0
       0
       1
       1
       0
       0
       0
       0
       0
       0
       0
       0
       0
       0
       0
       0
       0
       0
       0
       0
       0
       0
       0
       0
       1
       1
       0
       1
       1
       0
       0
       0
       0
       2
       0
       1
       1
       0
       0
       0
       0
       0
       1
       0
       0
       0
       0
       0
       0
       0
       1
       0
       0
       0
       1
       1
       2
       1
       0
       0
       0
       2
       0
       0
       0
       1
       0
       0
       0
       0
       0
       0
       1
       0
       0
       0
       0
       0
       0
       0
       0
       0
       0
       1
       0
       0
       0
       0
       0
       0
       0
       0
       0
       0
       1
       0
       0
       0
       0
       2
       1
       0
       0
       1
       0
       0
       0
       1
       1
       0
       0
       0
       0
       0
       0
       0
       0
       0
       1
       0
       0
       1
       0
       1
       1
       0
       0
       0
       0
       1
       0
       0
       0
       0
       0
       0
       1
       1
       0
       2
       0
       0
       0
       0
       0
       0
       1
       0
       0
       1
       1
       0
       1
       0
       2
       0
       0
       1
       0
       0
       0
       0
       0
       0
       0
       1
       0
       0
       0
       1
       1
       1
       0
       0
       0
       0
       0
       0
       1
       0
       0
       1
       0
       3
       1
       1
       0
       2
       0
       0
       0
       0
       0
       0
       0
       0
       0
       0
       0
       0
       1
       1
       0
       1
       1
       0
       0
       0
       0
       0
       0
       0
       0
       0
       0
       1
       0
       0
       0
       0
       0
       1
       1
       1
       0
       0
       0
       0
       0
       0
       0
       0
       0
       1
       0
       0
       0
       0
       0
       0
       0
       0
       0
       0
       1
       0
       0
       0
       0
       2
       0
       0
       1
       1
       0
       0
       0
       0
       1
       0
       0
       0
       0
       1
       0
       0
       1
       0
       0
       0
       0
       0
       0
       0
       0
       0
       1
       0
       0
       0
       0
       1
       0
       0
       0
       0
       1
       0
       0
       0
       0
       0
       0
       0
       0
       0
       0
       0
       0
       0
       0
       0
       0
       0
       0
       1
       0
       0
       0
       0
       0
       0
       0
       0
       0
       0
       0
       0
       0
       1
       0
       0
       0
       0
       1
       1
       0
       0
       0
       0
       0
       0
       0
       0
       0
       2
       0
       0
       0
       0
       0
       0
       0
       0
       1
       0
       0
       0
       0
       0
       0
       0
       1
       0
       0
       0
       0
       0
       1
       0
       1
       0
       0
       1
       0
       0
       0
       0
       1
       0
       0
       0
       0
       0
       0
       0
       0
       0
       0
       0
       0
       0
       0
       0
       0
       1
       1
       1
       0
       0
       1
       0
       0
       1
       1
       0
       0
       1
       0
       0
       0
       1
       0
       0
       0
       0
       1
       0
       0
       0
       0
       0
       0
       0
       0
       1
       0
       0
       0
       0
       0
       1
       0
       0
       0
       0
       0
       0
       0
       0
       0
       0
       0
       0
       0
       0
       0
       0
       1
       0
       0
       0
       0
       0
       0
       0
       0
       0
       0
       0
       0
       0
       0
       0
       0
       0
       0
       0
       0
       0
       0
       0
       0
       0
       0
       0
       0
       0
       0
       0
       0
       1
       0
       0
       0
       0
       0
       0
       0
       0
       0
       0
       0
       0
       0
       0
       0
       0
       0
       0
       0
       1
       0
       0
       0
       0
       0
       0
       0
       0
       0
       0
       0
       0
       0
       0
       0
       0
       1
       0
       0
       0
       0
       0
       1
       0
       0
       0
       0
       0
       0
       0
       0
       0
       0
       0
       0
       0
       0
       0
       0
       0
       0
       0
       0
       0
       0
       0
       0
       0
       0
       0
       1
       0
       0
       0
       0
       0
       0
       0
       0
       1
       0
       0
       0
       0
       0
       0
       0
       0
       0
       0
       0
       0
       0
       1
       0
       0
       0
       0
       0
       0
       1
       0
       0
       0
       0
       0
       0
       0
       0
       0
       0
       0
       0
       0
       0
       0
       0
       0
       1
       0
       0
       0
       0
       0
       0
       0
       0
       1
       0
       0
       0
       0
       0
       0
       0
       0
       0
       0
       0
       0
       0
       0
       0
       0
       0
       0
       0
       0
       0
       0
       0
       0
       0
       0
       0
       0
       0
       0
       0
       0
       0
       0
       0
       0
       0
       0
       0
       0
       0
       0
       0
       0
       0
       0
       0
       0
       0
       0
       0
       0
       0
       0
       0
       0
       0
       0
       0
       0
       0
       1
       0
       0
       0
       0
       0
       0
       0
       0
       0
       0
       0
       0
       0
       0
       0
       0
       0
       0
       0
       0
       0
       0
       0
       1
       0
       0
       0
       0
       0
       0
       0
       0
       0
       0
       0
       1
       0
       1
       0
       0
       0
       0
       0
       0
       0
       0
       0
       0
       0
       0
       0
       0
       0
       0
       0
       0
       0
       0
       0
       0
       0
       0
       0
       0
       0
       0
       0
       0
       0
       0
       1
       0
       0
       0
       0
       0
       0
       0
       0
       0
       0
       0
       0
       0
       0
       0
       0
       2
       0
       0
       0
       0
       0
       0
       0
       0
       0
       0
       0
       0
       0
       0
       0
       0
       0
       0
       0
       1
       0
       0
       0
       0
       0
       0
       0
       0
       0
       0
       0
       0
       0
       1
       0
       0
       0
       0
       1
       0
       0
       0
       0
       0
       0
       1
       0
       0
       0
       0
       0
       0
       0
       0
       0
       0
       0
       0
       0
       0
       0
       1
       0
       0
       0
       0
       0
       0
       0
       1
       0
       0
       0
       0
       0
       0
       0
       0
       0
       0
       0
       0
       0
       0
       0
       1
       0
       0
       0
       0
       0
       0
       0
       0
       0
       0
       0
       0
       0
       0
       1
       0
       0
       0
       0
       0
       0
       1
       0
       1
       0
       0
       0
       0
       0
       0
       0
       0
       0
       0
       0
       0
       0
       0
       0
       0
       0
       0
       0
       0
       0
       0
       0
       0
       0
       0
       0
       0
       0
       0
       0
       0
       0
       0
       0
       1
       1
       0
       0
       0
       0
       0
       0
       0
       0
       0
       0
       0
       0
       0
       0
       0
       0
       0
       0
       0
       0
       0
       0
       0
       0
       0
       0
       1
       0
       0
       0
       0
       0
       0
       0
       0
       0
       0
       0
       1
       0
       0
       0
       0
       0
       0
       0
       0
       0
       0
       0
       0
       0
       0
       0
       0
       0
       0
       0
       0
       0
       0
       0
       0
       0
       0
       0
       0
       0
       0
       0
       0
       0
       0
       0
       0
       0
       0
$ROI:
1
921 1079
$PRESETS:
None
0
0
$ENER_FIT:
0.000000 6.583851
$MCA_CAL:
3
0.000000E+000 6.583851E+000 0.000000E+000 keV
$SHAPE_CAL:
3
0.000000E+000 0.000000E+000 0.000000E+000
