$SPEC_ID:
Run 608, Background
$SPEC_REM:
DET# 1
DETDESC# Electrostatic MCA
AP# Maestro Version 6.08
$DATE_MEA:
09/24/2020 16:21:39
$MEAS_TIM:
694197 838863
$DATA:
0 2047
       0
       0
       0
       1
       0
       0
       0
       0
       0
       0
       0
       0
       0
       0
       0
       0
       0
       0
       1
       0
       1
       0
       0
       0
       0
       0
       0
       0
       0
       0
       0
       0
       0
       0
       0
       0
       0
       0
       0
       0
       0
       1
       0
       0
       0
       0
       0
       1
       0
       0
       0
       0
       0
       0
       0
       0
       0
       0
       0
       0
       0
       1
       0
       0
       0
       0
       6
       2
       7
  143240
128169309
168004444
165330852
162913577
160613413
158490582
156495435
154585522
152735563
150976461
149318215
147688784
146111636
144540076
142993731
141452867
139926754
138390409
136873107
135329564
133813510
132242470
130687420
129105800
127528753
125921629
124298458
122648278
120989846
119324578
117671646
115958955
114274052
112558626
110830304
109083135
107363090
105603512
103860056
102122682
100353532
98597881
96841912
95070497
93313784
91542168
89811968
88069883
86324586
84593821
82888131
81162912
79450192
77760953
76087184
74419860
72749119
71116894
69480708
67871636
66287469
64711928
63145130
61601511
60074049
58580677
57106552
55637003
54196283
52755948
51358929
49982200
48632963
47300426
45993236
44689787
43423941
42189876
40976019
39772679
38599456
37456180
36320167
35219304
34132869
33076552
32046396
31023957
30045835
29081181
28132836
27217831
26319622
25437801
24591542
23760547
22947325
22156168
21393323
20645187
19913127
19208509
18519024
17854086
17202322
16572296
15968235
15368170
14798425
14240673
13701385
13176096
12668470
12183502
11702662
11246789
10804184
10369346
 9957902
 9553238
 9171277
 8789702
 8437184
 8087872
 7747027
 7425499
 7119500
 6821714
 6528895
 6248130
 5984920
 5718005
 5476755
 5235011
 5008361
 4791208
 4575563
 4376583
 4176053
 3989682
 3808463
 3635771
 3472470
 3313179
 3160192
 3016498
 2877827
 2743871
 2617152
 2493678
 2374977
 2263700
 2154739
 2053106
 1953974
 1863410
 1771919
 1685525
 1604499
 1526840
 1453333
 1380705
 1315035
 1249993
 1187458
 1128360
 1073440
 1019740
  969352
  920495
  874366
  830868
  789912
  749119
  711501
  675228
  642905
  609393
  578245
  549260
  520630
  494239
  468719
  444701
  422701
  399594
  379637
  360449
  341688
  323939
  307281
  292481
  277747
  263050
  249869
  236691
  224217
  213157
  201838
  191564
  182638
  172997
  164750
  155165
  147891
  140963
  134083
  126382
  120887
  114330
  108649
  104086
   98334
   93231
   89048
   84871
   80956
   76903
   73215
   70197
   66505
   63780
   60288
   57845
   55431
   52164
   49847
   47867
   45714
   43896
   41670
   40330
   38609
   36963
   34985
   34049
   32729
   31358
   30121
   28656
   27538
   26420
   25172
   24470
   23676
   22708
   21835
   21318
   20274
   19566
   19028
   18190
   17646
   17085
   16371
   15852
   15387
   15151
   14598
   14085
   13506
   13213
   12916
   12392
   11911
   11992
   11474
   11058
   10667
   10420
    9994
    9852
    9451
    9151
    9093
    8685
    8486
    8266
    8031
    8043
    7594
    7454
    7177
    7182
    7012
    6634
    6609
    6464
    6276
    6079
    5921
    5763
    5633
    5642
    5504
    5315
    5229
    5071
    4904
    4772
    4642
    4499
    4521
    4175
    4266
    4151
    4051
    3899
    3868
    3748
    3579
    3518
    3470
    3475
    3309
    3221
    3159
    3100
    3127
    2856
    2902
    2872
    2759
    2739
    2518
    2482
    2483
    2320
    2359
    2299
    2195
    2182
    2177
    2163
    2006
    1955
    1900
    1920
    1839
    1774
    1735
    1670
    1645
    1579
    1554
    1570
    1498
    1488
    1462
    1384
    1273
    1295
    1273
    1215
    1170
    1178
    1113
    1060
    1076
    1042
    1015
     973
     978
     915
     920
     889
     813
     894
     783
     806
     794
     741
     698
     711
     718
     622
     646
     596
     596
     576
     563
     504
     494
     488
     480
     500
     463
     444
     420
     420
     416
     388
     366
     336
     348
     344
     337
     313
     297
     294
     273
     258
     257
     256
     248
     244
     254
     229
     206
     181
     170
     183
     158
     197
     164
     155
     140
     172
     134
     149
     140
     123
     120
     124
     112
     110
     102
     110
     101
      77
      82
      93
      73
      76
      86
      74
      69
      65
      68
      68
      57
      42
      55
      36
      55
      48
      45
      41
      49
      45
      32
      35
      33
      35
      38
      29
      29
      29
      26
      22
      29
      25
      24
      22
      29
      15
      20
      22
      13
      14
      13
      21
      10
      10
      13
      11
      16
      13
      18
      12
       8
       9
       6
       8
       5
       5
       7
       4
      10
       9
       3
       4
       1
       1
       2
       5
      11
       3
       7
       4
       4
       4
       6
       6
       4
       2
       3
       0
       3
       2
       3
       2
       4
       0
       3
       4
       1
       1
       4
       1
       1
       2
       2
       2
       2
       1
       2
       4
       0
       0
       1
       3
       1
       2
       0
       1
       1
       1
       0
       3
       4
       0
       2
       0
       1
       1
       3
       0
       3
       2
       3
       0
       1
       2
       0
       3
       1
       0
       0
       3
       1
       1
       1
       1
       2
       1
       0
       2
       5
       1
       1
       1
       4
       0
       2
       0
       4
       1
       0
       1
       2
       1
       0
       1
       2
       0
       1
       1
       1
       1
       2
       0
       0
       1
       0
       0
       1
       0
       0
       1
       2
       1
       1
       0
       1
       0
       0
       2
       1
       2
       3
       0
       0
       1
       0
       0
       2
       1
       0
       1
       1
       2
       1
       0
       0
       0
       2
       2
       0
       1
       0
       0
       1
       0
       0
       2
       3
       2
       3
       0
       0
       1
       0
       0
       0
       2
       4
       1
       4
       0
       0
       0
       1
       2
       1
       1
       1
       0
       0
       1
       0
       1
       2
       2
       2
       1
       0
       0
       0
       3
       0
       1
       0
       0
       1
       2
       3
       0
       2
       0
       2
       0
       1
       2
       0
       2
       2
       0
       2
       1
       1
       1
       1
       2
       0
       1
       2
       1
       0
       0
       1
       0
       3
       2
       3
       1
       1
       3
       2
       1
       0
       2
       3
       1
       1
       1
       0
       2
       0
       2
       0
       6
       1
       2
       1
       2
       1
       2
       2
       1
       3
       0
       1
       2
       1
       1
       3
       2
       1
       1
       1
       1
       0
       2
       0
       0
       2
       1
       2
       5
       0
       1
       3
       2
       1
       1
       2
       3
       4
       3
       3
       5
       4
       2
       3
       4
       4
       2
       7
       3
       7
       2
       3
       3
       1
       3
       6
       7
       5
       3
       5
       5
       6
       1
       7
       4
       4
      10
       3
       9
       2
       9
       7
       6
      12
       8
       8
      11
       9
       9
       6
       5
      14
       6
       7
      12
       9
       9
       8
      12
       7
       7
       8
       5
      10
      11
      11
       8
       9
       5
      15
      10
       9
       6
       7
       9
      11
       9
      10
       7
       9
       9
       9
      11
      13
       4
       8
       6
       4
       5
       6
       8
       3
       3
       8
       6
       4
       7
       3
       5
       4
       5
       5
       6
       7
       5
       4
       3
       5
       5
       2
       4
       3
       2
       4
       1
       0
       2
       4
       0
       3
       1
       2
       2
       1
       1
       1
       0
       1
       2
       1
       2
       0
       1
       0
       3
       2
       0
       2
       0
       0
       1
       1
       0
       0
       2
       1
       0
       0
       1
       0
       0
       1
       1
       0
       0
       0
       1
       0
       0
       0
       0
       3
       0
       1
       0
       0
       0
       1
       0
       0
       1
       1
       0
       0
       1
       0
       0
       0
       0
       1
       1
       1
       1
       0
       1
       2
       1
       1
       0
       0
       0
       1
       0
       0
       1
       0
       0
       0
       0
       0
       1
       0
       0
       1
       0
       0
       0
       0
       2
       1
       1
       1
       0
       1
       1
       0
       0
       0
       0
       0
       1
       1
       0
       1
       0
       0
       0
       1
       1
       1
       1
       0
       0
       0
       0
       0
       0
       0
       0
       0
       1
       0
       0
       0
       0
       1
       0
       0
       0
       0
       0
       0
       0
       0
       0
       1
       1
       0
       0
       0
       0
       0
       0
       0
       0
       0
       0
       0
       0
       0
       0
       0
       0
       0
       0
       0
       0
       1
       0
       0
       1
       1
       0
       0
       0
       0
       2
       0
       1
       0
       0
       0
       0
       0
       0
       1
       0
       0
       0
       0
       0
       0
       0
       0
       0
       0
       0
       1
       1
       1
       1
       0
       0
       0
       2
       0
       0
       0
       0
       0
       0
       0
       0
       0
       0
       0
       0
       0
       0
       0
       0
       0
       0
       0
       0
       0
       1
       0
       0
       0
       0
       0
       0
       0
       0
       0
       0
       1
       0
       0
       0
       0
       0
       0
       0
       0
       1
       0
       0
       0
       1
       0
       0
       0
       0
       0
       0
       0
       0
       0
       0
       0
       0
       0
       0
       0
       0
       1
       0
       0
       0
       0
       1
       0
       0
       0
       0
       0
       0
       1
       1
       0
       2
       0
       0
       0
       0
       0
       0
       1
       0
       0
       1
       1
       0
       1
       0
       1
       0
       0
       1
       0
       0
       0
       0
       0
       0
       0
       1
       0
       0
       0
       0
       0
       0
       0
       0
       0
       0
       0
       0
       1
       0
       0
       1
       0
       2
       1
       1
       0
       1
       0
       0
       0
       0
       0
       0
       0
       0
       0
       0
       0
       0
       1
       1
       0
       1
       1
       0
       0
       0
       0
       0
       0
       0
       0
       0
       0
       0
       0
       0
       0
       0
       0
       1
       0
       1
       0
       0
       0
       0
       0
       0
       0
       0
       0
       1
       0
       0
       0
       0
       0
       0
       0
       0
       0
       0
       1
       0
       0
       0
       0
       2
       0
       0
       1
       1
       0
       0
       0
       0
       1
       0
       0
       0
       0
       1
       0
       0
       1
       0
       0
       0
       0
       0
       0
       0
       0
       0
       1
       0
       0
       0
       0
       1
       0
       0
       0
       0
       1
       0
       0
       0
       0
       0
       0
       0
       0
       0
       0
       0
       0
       0
       0
       0
       0
       0
       0
       0
       0
       0
       0
       0
       0
       0
       0
       0
       0
       0
       0
       0
       0
       1
       0
       0
       0
       0
       1
       1
       0
       0
       0
       0
       0
       0
       0
       0
       0
       1
       0
       0
       0
       0
       0
       0
       0
       0
       1
       0
       0
       0
       0
       0
       0
       0
       0
       0
       0
       0
       0
       0
       1
       0
       0
       0
       0
       0
       0
       0
       0
       0
       1
       0
       0
       0
       0
       0
       0
       0
       0
       0
       0
       0
       0
       0
       0
       0
       0
       1
       1
       1
       0
       0
       1
       0
       0
       1
       1
       0
       0
       1
       0
       0
       0
       1
       0
       0
       0
       0
       1
       0
       0
       0
       0
       0
       0
       0
       0
       1
       0
       0
       0
       0
       0
       0
       0
       0
       0
       0
       0
       0
       0
       0
       0
       0
       0
       0
       0
       0
       0
       0
       1
       0
       0
       0
       0
       0
       0
       0
       0
       0
       0
       0
       0
       0
       0
       0
       0
       0
       0
       0
       0
       0
       0
       0
       0
       0
       0
       0
       0
       0
       0
       0
       0
       1
       0
       0
       0
       0
       0
       0
       0
       0
       0
       0
       0
       0
       0
       0
       0
       0
       0
       0
       0
       1
       0
       0
       0
       0
       0
       0
       0
       0
       0
       0
       0
       0
       0
       0
       0
       0
       1
       0
       0
       0
       0
       0
       0
       0
       0
       0
       0
       0
       0
       0
       0
       0
       0
       0
       0
       0
       0
       0
       0
       0
       0
       0
       0
       0
       0
       0
       0
       0
       0
       0
       1
       0
       0
       0
       0
       0
       0
       0
       0
       1
       0
       0
       0
       0
       0
       0
       0
       0
       0
       0
       0
       0
       0
       1
       0
       0
       0
       0
       0
       0
       1
       0
       0
       0
       0
       0
       0
       0
       0
       0
       0
       0
       0
       0
       0
       0
       0
       0
       1
       0
       0
       0
       0
       0
       0
       0
       0
       1
       0
       0
       0
       0
       0
       0
       0
       0
       0
       0
       0
       0
       0
       0
       0
       0
       0
       0
       0
       0
       0
       0
       0
       0
       0
       0
       0
       0
       0
       0
       0
       0
       0
       0
       0
       0
       0
       0
       0
       0
       0
       0
       0
       0
       0
       0
       0
       0
       0
       0
       0
       0
       0
       0
       0
       0
       0
       0
       0
       0
       0
       1
       0
       0
       0
       0
       0
       0
       0
       0
       0
       0
       0
       0
       0
       0
       0
       0
       0
       0
       0
       0
       0
       0
       0
       0
       0
       0
       0
       0
       0
       0
       0
       0
       0
       0
       0
       1
       0
       1
       0
       0
       0
       0
       0
       0
       0
       0
       0
       0
       0
       0
       0
       0
       0
       0
       0
       0
       0
       0
       0
       0
       0
       0
       0
       0
       0
       0
       0
       0
       0
       0
       1
       0
       0
       0
       0
       0
       0
       0
       0
       0
       0
       0
       0
       0
       0
       0
       0
       0
       0
       0
       0
       0
       0
       0
       0
       0
       0
       0
       0
       0
       0
       0
       0
       0
       0
       0
       0
       0
       0
       0
       0
       0
       0
       0
       0
       0
       0
       0
       0
       0
       0
       1
       0
       0
       0
       0
       1
       0
       0
       0
       0
       0
       0
       1
       0
       0
       0
       0
       0
       0
       0
       0
       0
       0
       0
       0
       0
       0
       0
       1
       0
       0
       0
       0
       0
       0
       0
       1
       0
       0
       0
       0
       0
       0
       0
       0
       0
       0
       0
       0
       0
       0
       0
       1
       0
       0
       0
       0
       0
       0
       0
       0
       0
       0
       0
       0
       0
       0
       1
       0
       0
       0
       0
       0
       0
       0
       0
       1
       0
       0
       0
       0
       0
       0
       0
       0
       0
       0
       0
       0
       0
       0
       0
       0
       0
       0
       0
       0
       0
       0
       0
       0
       0
       0
       0
       0
       0
       0
       0
       0
       0
       0
       0
       0
       1
       0
       0
       0
       0
       0
       0
       0
       0
       0
       0
       0
       0
       0
       0
       0
       0
       0
       0
       0
       0
       0
       0
       0
       0
       0
       0
       1
       0
       0
       0
       0
       0
       0
       0
       0
       0
       0
       0
       0
       0
       0
       0
       0
       0
       0
       0
       0
       0
       0
       0
       0
       0
       0
       0
       0
       0
       0
       0
       0
       0
       0
       0
       0
       0
       0
       0
       0
       0
       0
       0
       0
       0
       0
       0
       0
       0
       0
$ROI:
1
921 1079
$PRESETS:
None
0
0
$ENER_FIT:
0.000000 6.583851
$MCA_CAL:
3
0.000000E+000 6.583851E+000 0.000000E+000 keV
$SHAPE_CAL:
3
0.000000E+000 0.000000E+000 0.000000E+000
