$SPEC_ID:
Run 608, Background
$SPEC_REM:
DET# 1
DETDESC# Electrostatic MCA
AP# Maestro Version 6.08
$DATE_MEA:
09/24/2020 16:21:39
$MEAS_TIM:
823564 1072881
$DATA:
0 2047
       0
       0
       0
       1
       0
       0
       0
       0
       0
       0
       0
       0
       0
       0
       0
       0
       0
       0
       1
       0
       1
       0
       0
       0
       0
       0
       0
       0
       0
       0
       0
       0
       0
       0
       0
       0
       0
       0
       0
       0
       0
       1
       0
       0
       0
       0
       0
       1
       0
       0
       0
       0
       0
       0
       0
       0
       0
       0
       0
       0
       0
       1
       0
       0
       0
       0
       7
       3
      14
  711268
215510805
275691358
273031558
270650101
268327930
266189544
264135043
262137428
260173132
258281995
256463723
254644180
252892687
251062148
249283145
247450569
245663760
243787696
241950908
240027906
238134871
236170047
234185355
232150087
230121181
228040360
225924512
223753300
221560972
219377397
217139432
214861773
212571425
210213384
207875070
205483069
203099351
200671223
198251848
195811103
193343656
190857985
188371430
185837289
183333820
180795861
178295968
175775556
173207213
170698261
168179181
165642055
163107788
160567027
158060746
155527788
153040606
150549420
148057061
145597479
143116591
140684439
138238833
135823308
133411744
131048841
128680471
126333938
123996727
121679159
119386983
117146037
114894141
112685977
110491722
108307840
106169611
104051075
101975351
99894609
97845332
95829704
93822897
91858530
89940105
88033423
86152305
84278821
82468012
80673188
78889986
77170106
75442160
73753752
72128253
70472672
68867094
67301774
65746388
64245602
62741546
61269619
59832493
58423879
57039616
55685867
54369830
53045376
51784415
50528836
49305990
48096003
46905245
45770678
44631609
43524040
42440217
41380351
40349234
39319666
38334770
37367006
36426507
35496391
34576501
33696109
32832977
31989098
31158121
30350995
29568617
28788043
28045439
27296901
26581387
25894836
25206430
24533381
23876168
23252559
22628596
22018034
21442681
20862524
20297411
19748777
19226687
18697326
18192077
17691782
17218861
16745787
16290258
15844796
15403594
14982537
14568204
14168354
13782144
13394969
13028465
12663587
12308838
11972745
11634902
11310502
10996714
10689268
10385339
10094879
 9809628
 9540222
 9267858
 9000338
 8753803
 8497858
 8259447
 8031624
 7800880
 7573427
 7356364
 7143130
 6944133
 6742369
 6551416
 6358152
 6178892
 6001075
 5823426
 5656655
 5495395
 5336425
 5177928
 5028401
 4881487
 4743199
 4602585
 4471292
 4337324
 4211371
 4092250
 3972391
 3854413
 3736978
 3628565
 3521705
 3419322
 3316315
 3218630
 3126640
 3030769
 2946898
 2857089
 2770681
 2688062
 2609703
 2530113
 2455158
 2379690
 2307414
 2237520
 2174501
 2105183
 2042378
 1985012
 1922216
 1863868
 1807710
 1752518
 1698970
 1647227
 1597014
 1548403
 1501587
 1454400
 1409859
 1367052
 1324422
 1284197
 1244601
 1207375
 1171044
 1132328
 1096469
 1063483
 1030388
  997708
  967281
  934377
  907363
  880161
  851802
  824743
  799330
  773084
  749459
  725240
  703233
  680494
  658816
  636067
  617997
  597779
  577222
  559921
  541766
  523995
  507205
  490897
  476369
  459074
  446783
  429196
  416307
  403215
  389370
  377132
  364050
  352660
  340279
  330116
  318422
  308480
  298009
  287612
  278085
  268351
  259918
  250963
  242497
  234725
  226488
  219151
  211721
  204877
  197290
  191273
  185192
  178091
  172168
  165835
  160093
  155356
  149796
  144364
  139473
  135149
  129472
  126192
  121404
  117412
  113650
  109844
  105332
  102175
   98310
   94403
   91616
   89132
   85061
   82560
   79133
   76562
   73812
   71454
   68395
   66230
   63987
   61747
   59326
   57510
   54671
   53386
   51471
   49254
   47586
   46212
   44134
   42794
   40808
   39749
   38504
   36999
   35251
   34168
   33191
   31597
   30873
   29631
   28322
   27215
   26311
   25311
   24535
   23526
   22742
   21594
   20880
   20611
   19480
   18725
   18266
   17398
   16890
   16313
   15610
   15101
   14372
   13758
   13403
   12758
   12229
   11626
   11218
   11026
   10472
   10184
    9847
    9344
    8858
    8810
    8220
    7999
    7820
    7352
    7035
    6948
    6712
    6327
    6187
    5920
    5656
    5353
    5249
    5043
    4851
    4701
    4493
    4281
    4133
    3826
    3692
    3651
    3563
    3347
    3270
    3071
    2985
    2871
    2751
    2628
    2624
    2398
    2373
    2197
    2171
    2003
    1986
    1908
    1790
    1768
    1636
    1657
    1537
    1504
    1433
    1419
    1284
    1272
    1190
    1206
    1082
    1055
    1023
     953
     956
     889
     866
     846
     859
     739
     700
     759
     680
     670
     632
     623
     600
     571
     571
     473
     506
     455
     479
     443
     428
     404
     398
     344
     360
     388
     340
     325
     306
     278
     297
     299
     274
     236
     250
     244
     255
     209
     176
     202
     204
     196
     197
     177
     179
     182
     158
     152
     139
     125
     114
     148
     139
     133
     121
     135
     104
     129
     108
     105
      96
      98
      97
      82
     102
      90
      79
      69
      84
      77
      86
      71
      66
      87
      62
      77
      65
      63
      58
      58
      58
      58
      55
      56
      41
      54
      53
      52
      46
      36
      48
      58
      43
      30
      36
      37
      30
      42
      30
      28
      33
      45
      26
      27
      38
      30
      31
      36
      29
      16
      19
      26
      27
      23
      31
      40
      27
      23
      25
      20
      13
      19
      29
      17
      27
      25
      16
      16
      20
      20
      12
      17
      17
      24
      14
      21
      18
      13
      17
      19
      20
      14
       7
      12
      13
      16
      11
      11
      13
       8
       4
      10
      11
      12
       4
       8
       7
       9
       6
      11
      12
      15
       8
       2
       6
       9
       6
       8
       4
       8
       7
       8
       7
       6
       9
       8
       4
       2
       4
       2
       3
       3
      10
       4
       5
      10
       6
       8
       3
       4
       3
       8
       2
       2
       4
       5
       4
       6
       2
       4
       6
       8
       7
       6
       3
       1
       1
       2
       1
       3
       5
       4
       2
       7
       3
       1
       3
       3
       4
       3
       3
       1
       1
       0
       1
       1
       4
       4
       5
       3
       1
       3
       1
       0
       4
       3
       4
       1
       3
       2
       2
       4
       1
       3
       2
       3
       4
       3
       4
       3
       2
       5
       0
       2
       2
       1
       1
       1
       2
       1
       3
       2
       1
       1
       0
       1
       1
       4
       2
       3
       2
       2
       4
       2
       2
       1
       3
       6
       1
       4
       1
       1
       2
       1
       3
       0
       7
       2
       3
       2
       4
       6
       4
       2
       3
       3
       0
       1
       3
       2
       2
       4
       4
       1
       3
       2
       3
       1
       3
       2
       2
       5
       1
       3
       5
       1
       2
       3
       2
       3
       2
       4
       4
       5
       3
       4
       7
       4
       5
       4
       7
       5
       2
       7
       4
      10
       3
       4
       3
       4
       4
       8
       9
       6
       3
       7
       6
       7
       2
      12
       5
       5
      11
       3
      11
       4
      10
       7
       6
      12
       9
       9
      11
       9
       9
       6
       6
      14
       8
       7
      14
       9
      10
       8
      14
       9
       7
       9
       8
      12
      12
      12
       9
      10
       9
      17
      11
      13
       7
       8
       9
      13
       9
      11
       7
      10
      10
      10
      12
      16
       4
       9
       7
       5
       5
       7
       9
       3
       4
      12
       7
       4
       7
       4
       7
       5
       6
       7
       7
       8
       5
       5
       3
       7
       5
       3
       4
       3
       3
       4
       2
       1
       2
       5
       0
       4
       2
       2
       2
       2
       3
       2
       0
       2
       4
       1
       4
       0
       3
       1
       4
       3
       0
       3
       0
       1
       2
       1
       1
       0
       2
       1
       0
       1
       1
       1
       0
       1
       1
       1
       1
       0
       1
       0
       0
       0
       0
       3
       0
       1
       1
       0
       0
       2
       0
       1
       2
       1
       1
       0
       2
       0
       0
       1
       0
       1
       1
       1
       1
       0
       2
       3
       1
       1
       0
       1
       0
       2
       0
       0
       1
       1
       0
       0
       0
       1
       1
       0
       0
       1
       0
       0
       0
       0
       2
       1
       1
       1
       1
       1
       1
       0
       0
       0
       0
       0
       2
       1
       2
       1
       0
       0
       0
       1
       1
       1
       2
       0
       0
       1
       0
       0
       0
       0
       1
       0
       1
       0
       0
       1
       0
       1
       0
       0
       1
       0
       0
       0
       0
       0
       0
       1
       1
       0
       0
       0
       0
       0
       0
       0
       0
       0
       0
       0
       0
       0
       0
       0
       0
       0
       0
       0
       0
       1
       1
       0
       1
       1
       0
       0
       0
       0
       2
       0
       1
       1
       0
       0
       0
       0
       0
       1
       0
       0
       0
       0
       0
       0
       0
       0
       0
       0
       0
       1
       1
       2
       1
       0
       0
       0
       2
       0
       0
       0
       1
       0
       0
       0
       0
       0
       0
       1
       0
       0
       0
       0
       0
       0
       0
       0
       0
       0
       1
       0
       0
       0
       0
       0
       0
       0
       0
       0
       0
       1
       0
       0
       0
       0
       2
       1
       0
       0
       1
       0
       0
       0
       1
       1
       0
       0
       0
       0
       0
       0
       0
       0
       0
       1
       0
       0
       1
       0
       1
       1
       0
       0
       0
       0
       1
       0
       0
       0
       0
       0
       0
       1
       1
       0
       2
       0
       0
       0
       0
       0
       0
       1
       0
       0
       1
       1
       0
       1
       0
       2
       0
       0
       1
       0
       0
       0
       0
       0
       0
       0
       1
       0
       0
       0
       1
       1
       1
       0
       0
       0
       0
       0
       0
       1
       0
       0
       1
       0
       3
       1
       1
       0
       2
       0
       0
       0
       0
       0
       0
       0
       0
       0
       0
       0
       0
       1
       1
       0
       1
       1
       0
       0
       0
       0
       0
       0
       0
       0
       0
       0
       1
       0
       0
       0
       0
       0
       1
       1
       1
       0
       0
       0
       0
       0
       0
       0
       0
       0
       1
       0
       0
       0
       0
       0
       0
       0
       0
       0
       0
       1
       0
       0
       0
       0
       2
       0
       0
       1
       1
       0
       0
       0
       0
       1
       0
       0
       0
       0
       1
       0
       0
       1
       0
       0
       0
       0
       0
       0
       0
       0
       0
       1
       0
       0
       0
       0
       1
       0
       0
       0
       0
       1
       0
       0
       0
       0
       0
       0
       0
       0
       0
       0
       0
       0
       0
       0
       0
       0
       0
       0
       1
       0
       0
       0
       0
       0
       0
       0
       0
       0
       0
       0
       0
       0
       1
       0
       0
       0
       0
       1
       1
       0
       0
       0
       0
       0
       0
       0
       0
       0
       2
       0
       0
       0
       0
       0
       0
       0
       0
       1
       0
       0
       0
       0
       0
       0
       0
       1
       0
       0
       0
       0
       0
       1
       0
       1
       0
       0
       1
       0
       0
       0
       0
       1
       0
       0
       0
       0
       0
       0
       0
       0
       0
       0
       0
       0
       0
       0
       0
       0
       1
       1
       1
       0
       0
       1
       0
       0
       1
       1
       0
       0
       1
       0
       0
       0
       1
       0
       0
       0
       0
       1
       0
       0
       0
       0
       0
       0
       0
       0
       1
       0
       0
       0
       0
       0
       1
       0
       0
       0
       0
       0
       0
       0
       0
       0
       0
       0
       0
       0
       0
       0
       0
       1
       0
       0
       0
       0
       0
       0
       0
       0
       0
       0
       0
       0
       0
       0
       0
       0
       0
       0
       0
       0
       0
       0
       0
       0
       0
       0
       0
       0
       0
       0
       0
       0
       1
       0
       0
       0
       0
       0
       0
       0
       0
       0
       0
       0
       0
       0
       0
       0
       0
       0
       0
       0
       1
       0
       0
       0
       0
       0
       0
       0
       0
       0
       0
       0
       0
       0
       0
       0
       0
       1
       0
       0
       0
       0
       0
       1
       0
       0
       0
       0
       0
       0
       0
       0
       0
       0
       0
       0
       0
       0
       0
       0
       0
       0
       0
       0
       0
       0
       0
       0
       0
       0
       0
       1
       0
       0
       0
       0
       0
       0
       0
       0
       1
       0
       0
       0
       0
       0
       0
       0
       0
       0
       0
       0
       0
       0
       1
       0
       0
       0
       0
       0
       0
       1
       0
       0
       0
       0
       0
       0
       0
       0
       0
       0
       0
       0
       0
       0
       0
       0
       0
       1
       0
       0
       0
       0
       0
       0
       0
       0
       1
       0
       0
       0
       0
       0
       0
       0
       0
       0
       0
       0
       0
       0
       0
       0
       0
       0
       0
       0
       0
       0
       0
       0
       0
       0
       0
       0
       0
       0
       0
       0
       0
       0
       0
       0
       0
       0
       0
       0
       0
       0
       0
       0
       0
       0
       0
       0
       0
       0
       0
       0
       0
       0
       0
       0
       0
       0
       0
       0
       0
       0
       1
       0
       0
       0
       0
       0
       0
       0
       0
       0
       0
       0
       0
       0
       0
       0
       0
       0
       0
       0
       0
       0
       0
       0
       1
       0
       0
       0
       0
       0
       0
       0
       0
       0
       0
       0
       1
       0
       1
       0
       0
       0
       0
       0
       0
       0
       0
       0
       0
       0
       0
       0
       0
       0
       0
       0
       0
       0
       0
       0
       0
       0
       0
       0
       0
       0
       0
       0
       0
       0
       0
       1
       0
       0
       0
       0
       0
       0
       0
       0
       0
       0
       0
       0
       0
       0
       0
       0
       2
       0
       0
       0
       0
       0
       0
       0
       0
       0
       0
       0
       0
       0
       0
       0
       0
       0
       0
       0
       1
       0
       0
       0
       0
       0
       0
       0
       0
       0
       0
       0
       0
       0
       1
       0
       0
       0
       0
       1
       0
       0
       0
       0
       0
       0
       1
       0
       0
       0
       0
       0
       0
       0
       0
       0
       0
       0
       0
       0
       0
       0
       1
       0
       0
       0
       0
       0
       0
       0
       1
       0
       0
       0
       0
       0
       0
       0
       0
       0
       0
       0
       0
       0
       0
       0
       1
       0
       0
       0
       0
       0
       0
       0
       0
       0
       0
       0
       0
       0
       0
       1
       0
       0
       0
       0
       0
       0
       1
       0
       1
       0
       0
       0
       0
       0
       0
       0
       0
       0
       0
       0
       0
       0
       0
       0
       0
       0
       0
       0
       0
       0
       0
       0
       0
       0
       0
       0
       0
       0
       0
       0
       0
       0
       0
       0
       1
       1
       0
       0
       0
       0
       0
       0
       0
       0
       0
       0
       0
       0
       0
       0
       0
       0
       0
       0
       0
       0
       0
       0
       0
       0
       0
       0
       1
       0
       0
       0
       0
       0
       0
       0
       0
       0
       0
       0
       1
       0
       0
       0
       0
       0
       0
       0
       0
       0
       0
       0
       0
       0
       0
       0
       0
       0
       0
       0
       0
       0
       0
       0
       0
       0
       0
       0
       0
       0
       0
       0
       0
       0
       0
       0
       0
       0
       0
$ROI:
1
921 1079
$PRESETS:
None
0
0
$ENER_FIT:
0.000000 6.583851
$MCA_CAL:
3
0.000000E+000 6.583851E+000 0.000000E+000 keV
$SHAPE_CAL:
3
0.000000E+000 0.000000E+000 0.000000E+000
