$SPEC_ID:
Run 608, Background
$SPEC_REM:
DET# 1
DETDESC# Electrostatic MCA
AP# Maestro Version 6.08
$DATE_MEA:
09/24/2020 16:21:39
$MEAS_TIM:
815427 1058480
$DATA:
0 2047
       0
       0
       0
       1
       0
       0
       0
       0
       0
       0
       0
       0
       0
       0
       0
       0
       0
       0
       1
       0
       1
       0
       0
       0
       0
       0
       0
       0
       0
       0
       0
       0
       0
       0
       0
       0
       0
       0
       0
       0
       0
       1
       0
       0
       0
       0
       0
       1
       0
       0
       0
       0
       0
       0
       0
       0
       0
       0
       0
       0
       0
       1
       0
       0
       0
       0
       7
       3
      14
  693404
210115951
268881129
266222125
263844216
261538800
259408848
257364131
255387557
253438257
251558602
249757901
247957568
246229447
244424371
242675465
240870868
239110292
237264812
235453957
233571113
231714357
229781657
227830411
225836606
223847034
221808129
219730288
217604239
215458694
213316292
211125553
208891539
206654156
204346643
202055951
199711524
197378909
194999485
192636097
190247235
187833866
185402829
182975232
180493962
178046480
175563969
173123102
170657867
168148644
165693974
163241967
160757781
158279800
155798650
153351516
150879669
148450318
146018142
143588945
141182096
138768018
136389316
134007300
131651013
129301732
126991139
124684837
122400666
120118760
117857655
115627354
113439412
111247817
109097290
106961157
104832569
102750911
100690110
98668433
96640904
94645610
92686373
90733743
88822891
86952534
85102844
83278470
81452938
79688903
77947512
76213098
74544087
72868148
71226783
69646326
68037371
66481589
64960407
63449150
61995972
60536329
59110123
57717032
56349771
55007229
53697140
52422213
51135632
49914422
48699954
47515004
46340724
45188269
44091351
42990567
41919136
40868543
39843910
38846287
37851237
36898719
35961846
35056083
34154912
33265053
32417090
31581678
30768519
29962127
29186149
28430975
27677638
26961956
26238830
25548991
24889340
24223002
23575227
22941394
22340148
21739147
21151706
20596312
20038842
19494425
18967639
18465387
17954066
17469047
16986520
16532800
16078517
15639238
15210920
14787614
14381862
13983513
13600816
13228944
12857701
12505038
12155343
11814736
11491157
11167172
10856059
10554609
10259980
 9969364
 9690195
 9416126
 9156166
 8895026
 8639884
 8403847
 8158486
 7930433
 7711696
 7490162
 7271899
 7064293
 6858765
 6669348
 6476656
 6293367
 6107338
 5935981
 5766381
 5596363
 5435379
 5280776
 5129406
 4977931
 4834400
 4693906
 4560580
 4425854
 4300401
 4172862
 4052413
 3937904
 3823699
 3709756
 3598344
 3493655
 3391577
 3293817
 3194672
 3101332
 3013438
 2921605
 2841073
 2755774
 2672116
 2593049
 2518135
 2441669
 2369774
 2298223
 2228369
 2160841
 2100889
 2034075
 1973724
 1919170
 1858675
 1802523
 1748269
 1695563
 1644311
 1594893
 1546510
 1499781
 1455017
 1409092
 1366813
 1325549
 1284629
 1245854
 1207659
 1171988
 1137114
 1099809
 1065136
 1033415
 1001582
  969946
  940609
  908951
  883143
  857009
  829216
  803149
  778682
  753453
  730509
  707037
  685819
  663776
  642715
  620990
  603343
  583751
  563968
  547195
  529521
  512433
  496077
  480130
  466118
  449302
  437448
  420147
  407761
  394995
  381631
  369715
  357055
  345840
  333931
  324040
  312534
  302937
  292732
  282607
  273345
  263773
  255515
  246972
  238483
  231063
  222892
  215763
  208518
  201858
  194393
  188545
  182645
  175586
  169914
  163596
  157946
  153411
  147892
  142518
  137726
  133553
  127859
  124673
  119998
  116130
  112343
  108627
  104150
  101081
   97258
   93429
   90755
   88262
   84267
   81806
   78419
   75854
   73170
   70824
   67802
   65603
   63470
   61242
   58853
   57087
   54262
   53021
   51101
   48887
   47236
   45878
   43829
   42522
   40533
   39503
   38234
   36764
   35033
   33962
   33019
   31411
   30716
   29478
   28183
   27077
   26182
   25203
   24410
   23420
   22618
   21492
   20791
   20509
   19397
   18648
   18192
   17334
   16835
   16243
   15542
   15055
   14318
   13712
   13348
   12714
   12194
   11591
   11172
   11002
   10428
   10157
    9817
    9315
    8830
    8781
    8195
    7975
    7791
    7334
    7021
    6926
    6696
    6317
    6172
    5908
    5638
    5340
    5242
    5032
    4845
    4694
    4486
    4276
    4121
    3818
    3684
    3646
    3557
    3340
    3263
    3061
    2974
    2867
    2744
    2625
    2621
    2397
    2371
    2197
    2169
    1996
    1981
    1903
    1789
    1767
    1634
    1655
    1534
    1503
    1431
    1415
    1281
    1269
    1189
    1205
    1081
    1055
    1022
     951
     956
     889
     864
     845
     858
     739
     698
     758
     679
     670
     630
     623
     599
     570
     570
     470
     505
     454
     479
     441
     428
     403
     398
     344
     360
     388
     339
     325
     305
     278
     297
     298
     273
     236
     249
     244
     255
     209
     176
     202
     204
     196
     197
     177
     179
     181
     158
     152
     139
     125
     114
     148
     139
     133
     121
     135
     103
     129
     108
     105
      96
      98
      97
      82
     102
      90
      79
      69
      84
      77
      86
      71
      66
      87
      62
      77
      65
      63
      58
      58
      58
      58
      55
      56
      41
      54
      53
      52
      46
      36
      48
      58
      43
      30
      36
      37
      30
      42
      30
      27
      33
      45
      26
      27
      38
      30
      30
      36
      29
      16
      19
      26
      27
      23
      31
      40
      27
      23
      25
      20
      12
      19
      29
      17
      27
      25
      16
      16
      20
      20
      12
      17
      17
      24
      14
      21
      18
      13
      17
      19
      20
      14
       7
      12
      13
      16
      11
      11
      13
       8
       4
      10
      11
      12
       4
       8
       7
       9
       6
      11
      12
      15
       8
       2
       6
       9
       6
       8
       4
       7
       7
       8
       7
       6
       9
       7
       4
       2
       4
       2
       3
       3
      10
       4
       5
      10
       6
       8
       3
       4
       3
       8
       2
       2
       4
       5
       4
       6
       2
       2
       6
       8
       7
       6
       3
       1
       1
       2
       1
       3
       5
       4
       2
       7
       3
       1
       3
       3
       4
       3
       3
       1
       1
       0
       1
       1
       4
       4
       5
       3
       1
       3
       0
       0
       4
       3
       4
       1
       3
       2
       2
       4
       1
       3
       2
       3
       4
       3
       4
       3
       2
       5
       0
       2
       2
       1
       1
       1
       2
       1
       3
       2
       1
       1
       0
       1
       1
       4
       2
       3
       2
       2
       4
       2
       2
       1
       3
       6
       1
       4
       1
       1
       2
       1
       3
       0
       7
       2
       3
       2
       4
       5
       4
       2
       3
       3
       0
       1
       3
       2
       2
       4
       4
       1
       3
       2
       3
       1
       3
       2
       2
       4
       1
       3
       5
       1
       2
       3
       2
       3
       1
       4
       4
       5
       3
       4
       7
       4
       5
       4
       7
       5
       2
       7
       4
      10
       3
       4
       3
       3
       4
       8
       8
       6
       3
       7
       6
       7
       2
      12
       5
       5
      11
       3
      10
       4
      10
       7
       6
      12
       9
       9
      11
       9
       9
       6
       6
      14
       8
       7
      14
       9
      10
       8
      14
       9
       7
       9
       8
      12
      12
      12
       9
      10
       8
      17
      11
      13
       7
       8
       9
      13
       9
      11
       7
      10
      10
      10
      12
      16
       4
       9
       7
       5
       5
       7
       9
       3
       4
      11
       7
       4
       7
       4
       7
       5
       6
       7
       7
       8
       5
       5
       3
       7
       5
       3
       4
       3
       3
       4
       2
       1
       2
       5
       0
       3
       2
       2
       2
       2
       3
       2
       0
       2
       4
       1
       4
       0
       3
       1
       4
       3
       0
       2
       0
       1
       2
       1
       1
       0
       2
       1
       0
       1
       1
       1
       0
       1
       1
       0
       1
       0
       1
       0
       0
       0
       0
       3
       0
       1
       1
       0
       0
       2
       0
       1
       2
       1
       1
       0
       2
       0
       0
       1
       0
       1
       1
       1
       1
       0
       2
       3
       1
       1
       0
       1
       0
       2
       0
       0
       1
       1
       0
       0
       0
       1
       1
       0
       0
       1
       0
       0
       0
       0
       2
       1
       1
       1
       1
       1
       1
       0
       0
       0
       0
       0
       2
       1
       1
       1
       0
       0
       0
       1
       1
       1
       2
       0
       0
       1
       0
       0
       0
       0
       1
       0
       1
       0
       0
       1
       0
       1
       0
       0
       1
       0
       0
       0
       0
       0
       0
       1
       1
       0
       0
       0
       0
       0
       0
       0
       0
       0
       0
       0
       0
       0
       0
       0
       0
       0
       0
       0
       0
       1
       1
       0
       1
       1
       0
       0
       0
       0
       2
       0
       1
       1
       0
       0
       0
       0
       0
       1
       0
       0
       0
       0
       0
       0
       0
       0
       0
       0
       0
       1
       1
       2
       1
       0
       0
       0
       2
       0
       0
       0
       1
       0
       0
       0
       0
       0
       0
       1
       0
       0
       0
       0
       0
       0
       0
       0
       0
       0
       1
       0
       0
       0
       0
       0
       0
       0
       0
       0
       0
       1
       0
       0
       0
       0
       2
       1
       0
       0
       1
       0
       0
       0
       1
       1
       0
       0
       0
       0
       0
       0
       0
       0
       0
       1
       0
       0
       1
       0
       1
       1
       0
       0
       0
       0
       1
       0
       0
       0
       0
       0
       0
       1
       1
       0
       2
       0
       0
       0
       0
       0
       0
       1
       0
       0
       1
       1
       0
       1
       0
       2
       0
       0
       1
       0
       0
       0
       0
       0
       0
       0
       1
       0
       0
       0
       1
       0
       1
       0
       0
       0
       0
       0
       0
       1
       0
       0
       1
       0
       3
       1
       1
       0
       2
       0
       0
       0
       0
       0
       0
       0
       0
       0
       0
       0
       0
       1
       1
       0
       1
       1
       0
       0
       0
       0
       0
       0
       0
       0
       0
       0
       1
       0
       0
       0
       0
       0
       1
       1
       1
       0
       0
       0
       0
       0
       0
       0
       0
       0
       1
       0
       0
       0
       0
       0
       0
       0
       0
       0
       0
       1
       0
       0
       0
       0
       2
       0
       0
       1
       1
       0
       0
       0
       0
       1
       0
       0
       0
       0
       1
       0
       0
       1
       0
       0
       0
       0
       0
       0
       0
       0
       0
       1
       0
       0
       0
       0
       1
       0
       0
       0
       0
       1
       0
       0
       0
       0
       0
       0
       0
       0
       0
       0
       0
       0
       0
       0
       0
       0
       0
       0
       1
       0
       0
       0
       0
       0
       0
       0
       0
       0
       0
       0
       0
       0
       1
       0
       0
       0
       0
       1
       1
       0
       0
       0
       0
       0
       0
       0
       0
       0
       2
       0
       0
       0
       0
       0
       0
       0
       0
       1
       0
       0
       0
       0
       0
       0
       0
       1
       0
       0
       0
       0
       0
       1
       0
       1
       0
       0
       1
       0
       0
       0
       0
       1
       0
       0
       0
       0
       0
       0
       0
       0
       0
       0
       0
       0
       0
       0
       0
       0
       1
       1
       1
       0
       0
       1
       0
       0
       1
       1
       0
       0
       1
       0
       0
       0
       1
       0
       0
       0
       0
       1
       0
       0
       0
       0
       0
       0
       0
       0
       1
       0
       0
       0
       0
       0
       1
       0
       0
       0
       0
       0
       0
       0
       0
       0
       0
       0
       0
       0
       0
       0
       0
       1
       0
       0
       0
       0
       0
       0
       0
       0
       0
       0
       0
       0
       0
       0
       0
       0
       0
       0
       0
       0
       0
       0
       0
       0
       0
       0
       0
       0
       0
       0
       0
       0
       1
       0
       0
       0
       0
       0
       0
       0
       0
       0
       0
       0
       0
       0
       0
       0
       0
       0
       0
       0
       1
       0
       0
       0
       0
       0
       0
       0
       0
       0
       0
       0
       0
       0
       0
       0
       0
       1
       0
       0
       0
       0
       0
       1
       0
       0
       0
       0
       0
       0
       0
       0
       0
       0
       0
       0
       0
       0
       0
       0
       0
       0
       0
       0
       0
       0
       0
       0
       0
       0
       0
       1
       0
       0
       0
       0
       0
       0
       0
       0
       1
       0
       0
       0
       0
       0
       0
       0
       0
       0
       0
       0
       0
       0
       1
       0
       0
       0
       0
       0
       0
       1
       0
       0
       0
       0
       0
       0
       0
       0
       0
       0
       0
       0
       0
       0
       0
       0
       0
       1
       0
       0
       0
       0
       0
       0
       0
       0
       1
       0
       0
       0
       0
       0
       0
       0
       0
       0
       0
       0
       0
       0
       0
       0
       0
       0
       0
       0
       0
       0
       0
       0
       0
       0
       0
       0
       0
       0
       0
       0
       0
       0
       0
       0
       0
       0
       0
       0
       0
       0
       0
       0
       0
       0
       0
       0
       0
       0
       0
       0
       0
       0
       0
       0
       0
       0
       0
       0
       0
       0
       1
       0
       0
       0
       0
       0
       0
       0
       0
       0
       0
       0
       0
       0
       0
       0
       0
       0
       0
       0
       0
       0
       0
       0
       1
       0
       0
       0
       0
       0
       0
       0
       0
       0
       0
       0
       1
       0
       1
       0
       0
       0
       0
       0
       0
       0
       0
       0
       0
       0
       0
       0
       0
       0
       0
       0
       0
       0
       0
       0
       0
       0
       0
       0
       0
       0
       0
       0
       0
       0
       0
       1
       0
       0
       0
       0
       0
       0
       0
       0
       0
       0
       0
       0
       0
       0
       0
       0
       2
       0
       0
       0
       0
       0
       0
       0
       0
       0
       0
       0
       0
       0
       0
       0
       0
       0
       0
       0
       1
       0
       0
       0
       0
       0
       0
       0
       0
       0
       0
       0
       0
       0
       1
       0
       0
       0
       0
       1
       0
       0
       0
       0
       0
       0
       1
       0
       0
       0
       0
       0
       0
       0
       0
       0
       0
       0
       0
       0
       0
       0
       1
       0
       0
       0
       0
       0
       0
       0
       1
       0
       0
       0
       0
       0
       0
       0
       0
       0
       0
       0
       0
       0
       0
       0
       1
       0
       0
       0
       0
       0
       0
       0
       0
       0
       0
       0
       0
       0
       0
       1
       0
       0
       0
       0
       0
       0
       1
       0
       1
       0
       0
       0
       0
       0
       0
       0
       0
       0
       0
       0
       0
       0
       0
       0
       0
       0
       0
       0
       0
       0
       0
       0
       0
       0
       0
       0
       0
       0
       0
       0
       0
       0
       0
       0
       1
       1
       0
       0
       0
       0
       0
       0
       0
       0
       0
       0
       0
       0
       0
       0
       0
       0
       0
       0
       0
       0
       0
       0
       0
       0
       0
       0
       1
       0
       0
       0
       0
       0
       0
       0
       0
       0
       0
       0
       1
       0
       0
       0
       0
       0
       0
       0
       0
       0
       0
       0
       0
       0
       0
       0
       0
       0
       0
       0
       0
       0
       0
       0
       0
       0
       0
       0
       0
       0
       0
       0
       0
       0
       0
       0
       0
       0
       0
$ROI:
1
921 1079
$PRESETS:
None
0
0
$ENER_FIT:
0.000000 6.583851
$MCA_CAL:
3
0.000000E+000 6.583851E+000 0.000000E+000 keV
$SHAPE_CAL:
3
0.000000E+000 0.000000E+000 0.000000E+000
