$SPEC_ID:
Run 608, Background
$SPEC_REM:
DET# 1
DETDESC# Electrostatic MCA
AP# Maestro Version 6.08
$DATE_MEA:
09/24/2020 16:21:39
$MEAS_TIM:
879326 1173689
$DATA:
0 2047
       0
       0
       0
       1
       0
       0
       0
       0
       0
       0
       0
       0
       0
       0
       0
       0
       0
       0
       1
       0
       1
       0
       0
       0
       0
       0
       0
       0
       0
       0
       0
       0
       0
       0
       0
       0
       0
       0
       0
       0
       0
       1
       0
       0
       0
       0
       0
       1
       0
       0
       0
       0
       0
       0
       0
       0
       0
       0
       0
       0
       0
       1
       0
       0
       0
       0
       7
       3
      15
 1022859
252928187
321281559
318645977
316259410
313928650
311753578
309669199
307623865
305604303
303659867
301767661
299862087
298018487
296084171
294187334
292238377
290316946
288303463
286310680
284223424
282169380
280035463
277863550
275631078
273420006
271118387
268788760
266400834
263992843
261564822
259088190
256565323
254019938
251389341
248777052
246122743
243464861
240746116
238043168
235300774
232531199
229744254
226945086
224083554
221284448
218419272
215600868
212744100
209833539
206997856
204149933
201261985
198385976
195493666
192644039
189751447
186925360
184069224
181215776
178404876
175556153
172767970
169969610
167172353
164405520
161684726
158940426
156239514
153536412
150854265
148192898
145584452
142973301
140403162
137848944
135283997
132798938
130306463
127882623
125442032
123040090
120661392
118301303
115973877
113708664
111455979
109227686
107008055
104863245
102712544
100595424
98547228
96479176
94451177
92500007
90521854
88579713
86700034
84819111
83005809
81175706
79398702
77657719
75942952
74261748
72608384
70993813
69377389
67820145
66280350
64773956
63288703
61807924
60402746
58990153
57620476
56278215
54955800
53665700
52379176
51140962
49927894
48740896
47575436
46413642
45292817
44199441
43133175
42072592
41052732
40044674
39049283
38091055
37142134
36214691
35329836
34441803
33574420
32718746
31908096
31095132
30305631
29542988
28789740
28050805
27330976
26638643
25948613
25274783
24619021
23986287
23355594
22757040
22160278
21570748
21012111
20452870
19914437
19396481
18882132
18383845
17886480
17408391
16949242
16493552
16049312
15620422
15203440
14786551
14390614
13998552
13623856
13250908
12886819
12541033
12191295
11857506
11541135
11219414
10909132
10603119
10306423
10026090
 9743296
 9477029
 9205701
 8955801
 8705392
 8457537
 8220057
 7988165
 7764759
 7541428
 7327449
 7124798
 6923771
 6723308
 6536689
 6348063
 6166620
 5993657
 5821687
 5656927
 5487942
 5332779
 5175866
 5029512
 4884166
 4741543
 4606490
 4469217
 4345169
 4216904
 4092132
 3974959
 3859029
 3744440
 3635519
 3526155
 3421365
 3321284
 3224860
 3125937
 3033809
 2947991
 2858137
 2773987
 2689591
 2610274
 2531773
 2454928
 2382096
 2310117
 2240773
 2172030
 2106451
 2043945
 1981291
 1921934
 1864981
 1807608
 1752675
 1696927
 1644632
 1594648
 1547987
 1499059
 1452757
 1406963
 1366040
 1324125
 1284192
 1242635
 1205681
 1166750
 1131171
 1095126
 1062300
 1027771
  996576
  963399
  935577
  905892
  875286
  850308
  823111
  795780
  771521
  746408
  724246
  699581
  679534
  654288
  635012
  614849
  594437
  576374
  555775
  538879
  521454
  505535
  487487
  472278
  457157
  441335
  428059
  412716
  399674
  386626
  374682
  361947
  350107
  337914
  327257
  317680
  305768
  295783
  286232
  276626
  267987
  257642
  249479
  241757
  233823
  225388
  217925
  210567
  202506
  196530
  189883
  183399
  177762
  171990
  165177
  160193
  154284
  148218
  144320
  139985
  133913
  130034
  125061
  121120
  116703
  113060
  108802
  104951
  101579
   98373
   93930
   91271
   87546
   84885
   82127
   78926
   75962
   73794
   70772
   68737
   65402
   63927
   61589
   59341
   56923
   55035
   53307
   50878
   49732
   47888
   46027
   44048
   42759
   41280
   39589
   38279
   36801
   35073
   34058
   33238
   31806
   30442
   29581
   28360
   27626
   26668
   25479
   24527
   23552
   22602
   21907
   20875
   20018
   19219
   18584
   18016
   17273
   16671
   16136
   15390
   14754
   14513
   13550
   13232
   12734
   12213
   11694
   11336
   11057
   10472
   10130
    9735
    9252
    9004
    8726
    8250
    8087
    7675
    7365
    6976
    6808
    6435
    6093
    6043
    5824
    5557
    5393
    5144
    4931
    4837
    4509
    4407
    4265
    4013
    3885
    3687
    3506
    3347
    3255
    3141
    2993
    2952
    2713
    2755
    2548
    2476
    2388
    2273
    2157
    2063
    1951
    1928
    1840
    1715
    1659
    1667
    1526
    1434
    1384
    1439
    1363
    1255
    1143
    1178
    1089
    1102
     986
     988
     988
     921
     874
     780
     779
     775
     762
     712
     657
     624
     621
     559
     582
     586
     529
     487
     455
     439
     448
     438
     439
     358
     389
     375
     355
     316
     283
     290
     305
     292
     292
     258
     247
     262
     223
     219
     191
     203
     175
     196
     191
     186
     161
     184
     141
     174
     141
     132
     130
     134
     139
     113
     130
     125
     118
      97
     105
      95
     105
      87
      80
     102
      77
     101
      80
      76
      74
      75
      70
      65
      71
      64
      54
      61
      66
      68
      55
      40
      57
      64
      54
      38
      44
      42
      39
      48
      36
      38
      39
      50
      33
      38
      43
      35
      33
      40
      32
      16
      22
      29
      28
      27
      32
      43
      30
      29
      26
      22
      14
      23
      33
      20
      28
      25
      20
      18
      22
      22
      14
      17
      17
      27
      14
      24
      18
      13
      18
      19
      20
      14
       9
      13
      13
      18
      11
      11
      13
       8
       5
      11
      14
      12
       5
       9
       7
       9
       6
      11
      14
      15
       8
       2
       7
       9
       7
       9
       4
       8
       7
       8
       8
       6
      10
       8
       5
       3
       4
       2
       3
       4
      10
       4
       5
      10
       7
       8
       3
       4
       4
       8
       2
       2
       5
       6
       5
       6
       2
       4
       6
       8
       7
       6
       3
       1
       1
       2
       1
       3
       5
       4
       2
       8
       3
       1
       3
       4
       4
       3
       3
       2
       1
       0
       1
       1
       4
       4
       6
       3
       2
       3
       1
       0
       4
       3
       4
       1
       3
       2
       2
       5
       2
       3
       2
       3
       4
       3
       5
       3
       2
       6
       1
       2
       2
       1
       2
       2
       3
       2
       5
       2
       1
       1
       0
       1
       2
       4
       2
       3
       2
       2
       5
       2
       2
       1
       3
       6
       1
       4
       1
       1
       2
       1
       4
       0
       8
       2
       3
       2
       4
       7
       4
       2
       3
       3
       0
       2
       3
       4
       3
       5
       4
       1
       4
       2
       3
       1
       3
       2
       2
       6
       2
       4
       6
       2
       2
       3
       2
       3
       3
       4
       4
       5
       4
       4
       8
       4
       5
       5
       8
       5
       3
       7
       5
      10
       3
       4
       3
       5
       4
       8
       9
       6
       3
       9
       6
       7
       2
      12
       5
       6
      11
       4
      11
       4
      10
       8
       7
      13
      10
       9
      11
      10
       9
       7
       6
      15
       9
       7
      14
       9
      14
       9
      15
       9
       7
       9
      10
      12
      12
      12
       9
      10
      10
      18
      11
      13
       8
       9
       9
      13
       9
      11
       7
      11
      10
      10
      12
      17
       4
      10
       8
       6
       6
       9
       9
       4
       5
      12
       7
       4
       7
       4
       9
       5
       6
       7
       8
       8
       5
       5
       3
       7
       5
       3
       4
       3
       3
       4
       2
       1
       2
       5
       0
       4
       3
       2
       3
       2
       3
       3
       0
       2
       4
       2
       4
       0
       3
       1
       4
       3
       0
       3
       0
       2
       3
       1
       1
       1
       2
       1
       1
       1
       1
       1
       2
       2
       2
       2
       1
       0
       1
       0
       0
       0
       0
       3
       0
       1
       1
       0
       0
       2
       0
       1
       2
       1
       2
       0
       2
       1
       0
       1
       0
       1
       1
       1
       1
       0
       2
       3
       1
       2
       0
       1
       0
       2
       0
       0
       1
       2
       0
       0
       0
       1
       1
       0
       0
       1
       0
       0
       0
       0
       2
       1
       1
       1
       1
       1
       1
       0
       0
       0
       0
       0
       2
       1
       2
       1
       0
       0
       0
       1
       1
       1
       2
       0
       0
       1
       0
       0
       0
       0
       1
       0
       2
       0
       0
       1
       0
       2
       0
       0
       1
       0
       0
       0
       0
       0
       0
       1
       1
       0
       0
       0
       0
       0
       0
       0
       0
       0
       0
       0
       0
       0
       0
       0
       0
       0
       0
       0
       0
       1
       1
       0
       1
       1
       0
       0
       0
       0
       2
       0
       1
       1
       0
       0
       0
       0
       0
       1
       0
       0
       0
       0
       0
       0
       0
       1
       0
       0
       0
       1
       1
       2
       1
       0
       0
       0
       2
       0
       0
       0
       1
       0
       0
       0
       0
       0
       0
       1
       0
       0
       0
       0
       0
       0
       0
       0
       0
       0
       1
       0
       0
       0
       0
       0
       0
       0
       0
       0
       0
       1
       1
       0
       0
       0
       2
       1
       0
       0
       1
       0
       0
       0
       1
       1
       0
       1
       0
       0
       0
       0
       0
       1
       0
       1
       0
       0
       1
       0
       1
       1
       0
       0
       1
       0
       1
       0
       0
       0
       0
       0
       0
       1
       1
       0
       2
       0
       0
       0
       0
       0
       0
       1
       0
       0
       1
       1
       0
       1
       0
       2
       1
       0
       1
       0
       0
       0
       0
       0
       0
       0
       1
       0
       0
       0
       1
       1
       1
       0
       0
       0
       0
       0
       0
       1
       0
       0
       1
       0
       3
       1
       1
       0
       2
       0
       0
       0
       0
       0
       0
       0
       0
       0
       0
       0
       0
       1
       1
       0
       1
       1
       0
       0
       0
       0
       0
       0
       0
       0
       0
       0
       1
       0
       0
       0
       0
       0
       1
       1
       1
       0
       0
       0
       0
       0
       0
       0
       0
       0
       1
       0
       0
       0
       0
       0
       0
       0
       0
       0
       0
       1
       0
       0
       0
       0
       2
       0
       0
       1
       1
       0
       0
       0
       0
       1
       0
       0
       0
       0
       1
       0
       0
       1
       0
       0
       0
       0
       0
       0
       0
       0
       0
       1
       0
       0
       0
       0
       1
       0
       0
       0
       0
       1
       0
       0
       0
       0
       0
       0
       0
       0
       0
       0
       0
       0
       0
       0
       0
       0
       0
       0
       1
       0
       0
       0
       0
       0
       0
       0
       0
       0
       0
       0
       0
       0
       1
       0
       0
       0
       0
       1
       1
       0
       0
       0
       0
       0
       0
       0
       0
       0
       2
       0
       0
       0
       0
       0
       0
       0
       0
       1
       0
       0
       0
       0
       0
       0
       0
       1
       0
       0
       0
       0
       0
       1
       0
       1
       0
       0
       1
       0
       0
       0
       0
       1
       0
       0
       0
       0
       0
       0
       0
       0
       0
       0
       0
       0
       0
       0
       0
       0
       1
       1
       1
       0
       0
       1
       0
       0
       1
       1
       0
       0
       1
       0
       0
       0
       1
       0
       0
       0
       0
       1
       0
       0
       0
       0
       0
       0
       0
       0
       1
       0
       0
       0
       0
       0
       1
       0
       0
       0
       0
       0
       0
       0
       0
       0
       0
       0
       0
       0
       0
       0
       0
       1
       0
       0
       0
       0
       0
       0
       0
       0
       0
       0
       0
       0
       0
       0
       0
       0
       0
       0
       0
       0
       0
       0
       0
       0
       0
       0
       0
       0
       0
       0
       0
       0
       1
       0
       0
       0
       0
       0
       0
       0
       0
       0
       0
       0
       1
       0
       0
       0
       0
       0
       0
       0
       1
       0
       0
       0
       0
       0
       0
       0
       0
       0
       0
       0
       0
       0
       0
       0
       0
       1
       0
       0
       0
       0
       0
       1
       0
       0
       0
       0
       0
       0
       0
       0
       0
       0
       0
       0
       0
       0
       0
       0
       0
       0
       0
       0
       0
       0
       0
       0
       0
       0
       0
       1
       0
       0
       0
       0
       0
       0
       0
       0
       1
       0
       0
       0
       0
       0
       0
       0
       0
       0
       0
       0
       0
       0
       1
       0
       0
       0
       0
       0
       0
       1
       0
       0
       0
       0
       0
       0
       0
       0
       0
       0
       0
       0
       0
       0
       0
       0
       0
       1
       0
       0
       0
       0
       0
       0
       0
       0
       1
       0
       0
       0
       0
       0
       0
       0
       0
       0
       0
       0
       0
       0
       0
       0
       0
       0
       0
       0
       0
       0
       0
       0
       0
       0
       0
       0
       0
       0
       0
       0
       0
       0
       0
       0
       0
       0
       0
       0
       0
       0
       0
       0
       0
       0
       0
       0
       0
       0
       0
       0
       0
       0
       0
       0
       0
       0
       0
       0
       0
       0
       1
       0
       0
       0
       0
       0
       0
       0
       0
       0
       0
       0
       0
       0
       0
       0
       0
       0
       0
       0
       0
       0
       0
       0
       1
       0
       0
       0
       0
       0
       0
       0
       0
       0
       0
       0
       1
       0
       1
       0
       0
       0
       0
       0
       0
       0
       0
       0
       0
       0
       0
       0
       0
       0
       0
       0
       0
       0
       0
       0
       0
       0
       0
       0
       0
       0
       0
       0
       0
       0
       0
       1
       0
       0
       0
       0
       0
       0
       0
       0
       0
       0
       0
       0
       0
       0
       0
       0
       2
       0
       0
       0
       0
       0
       0
       0
       0
       0
       0
       0
       0
       0
       0
       0
       0
       0
       0
       0
       1
       0
       0
       0
       0
       0
       0
       0
       0
       0
       0
       0
       0
       0
       1
       0
       0
       0
       0
       1
       0
       0
       0
       0
       0
       0
       1
       0
       0
       0
       0
       0
       0
       0
       0
       0
       0
       0
       0
       0
       0
       0
       1
       0
       0
       0
       0
       0
       0
       0
       1
       0
       0
       0
       0
       0
       0
       0
       0
       0
       0
       0
       0
       0
       0
       0
       1
       0
       0
       0
       0
       0
       0
       0
       0
       0
       0
       0
       0
       0
       0
       1
       0
       0
       0
       0
       0
       0
       1
       0
       1
       0
       0
       0
       0
       0
       0
       0
       0
       0
       0
       0
       0
       0
       0
       0
       0
       0
       0
       0
       0
       0
       0
       0
       0
       0
       0
       0
       0
       0
       0
       0
       0
       0
       0
       0
       1
       1
       0
       0
       0
       0
       0
       0
       0
       0
       0
       0
       0
       0
       0
       0
       0
       0
       0
       0
       0
       0
       0
       0
       0
       0
       0
       0
       1
       0
       0
       0
       0
       0
       0
       0
       0
       0
       0
       0
       1
       0
       0
       0
       0
       0
       0
       0
       0
       0
       0
       0
       0
       0
       0
       0
       0
       0
       0
       0
       0
       0
       0
       0
       0
       0
       0
       0
       0
       0
       0
       0
       0
       0
       0
       0
       0
       0
       0
$ROI:
1
921 1079
$PRESETS:
None
0
0
$ENER_FIT:
0.000000 6.583851
$MCA_CAL:
3
0.000000E+000 6.583851E+000 0.000000E+000 keV
$SHAPE_CAL:
3
0.000000E+000 0.000000E+000 0.000000E+000
