$SPEC_ID:
Run 608, Background
$SPEC_REM:
DET# 1
DETDESC# Electrostatic MCA
AP# Maestro Version 6.08
$DATE_MEA:
09/24/2020 16:21:39
$MEAS_TIM:
204233 327624
$DATA:
0 2047
       0
       0
       0
       0
       0
       0
       0
       0
       0
       0
       0
       0
       0
       0
       0
       0
       0
       0
       0
       0
       0
       0
       0
       0
       0
       0
       0
       0
       0
       0
       0
       0
       0
       0
       0
       0
       0
       0
       0
       0
       0
       0
       0
       0
       0
       0
       0
       0
       0
       0
       0
       0
       0
       0
       0
       0
       0
       0
       0
       0
       0
       0
       0
       0
       0
       0
       0
       0
       0
  114751
165902631
217304556
214322085
211332036
208200329
205061612
201824534
198572981
195262683
191889618
188472533
185063474
181577782
178112604
174588156
171094471
167571276
164022785
160484127
156942204
153439908
149891213
146396896
142887910
139416272
135973444
132548944
129147769
125781244
122454528
119151873
115912102
112685144
109518784
106393432
103291763
100250969
97287481
94338565
91453127
88612910
85805468
83092271
80410344
77781603
75227639
72706722
70273677
67872164
65514489
63230924
61000941
58838816
56709336
54650077
52635741
50697700
48783009
46945105
45150290
43418296
41714733
40087588
38490534
36960683
35464274
34031997
32630878
31276808
29987828
28719923
27503140
26324644
25192471
24111364
23049630
22025609
21065368
20126777
19214286
18350350
17511146
16710592
15935089
15200799
14484463
13800142
13155288
12525642
11918132
11345570
10788103
10269715
 9763119
 9278996
 8820511
 8373900
 7958580
 7555726
 7173159
 6802348
 6450843
 6121100
 5804896
 5501557
 5218218
 4941721
 4677776
 4429374
 4191076
 3966885
 3750222
 3550889
 3357068
 3179714
 3000533
 2833881
 2679423
 2530046
 2385830
 2251946
 2127159
 2003435
 1891002
 1783285
 1679127
 1584062
 1493450
 1407374
 1324325
 1248473
 1174423
 1104527
 1040596
  979312
  919200
  863797
  810459
  765824
  716671
  674552
  634675
  594045
  558265
  523242
  491721
  461933
  431360
  405747
  380248
  355158
  333790
  312541
  293516
  274128
  257613
  240544
  225088
  210601
  196469
  184601
  172026
  161464
  150895
  141249
  132043
  124234
  115392
  107884
  101687
   94515
   88661
   82495
   77343
   72052
   67650
   63590
   59235
   55144
   51789
   48435
   45791
   42934
   39534
   37276
   35324
   32698
   30887
   28959
   27403
   25542
   24169
   22446
   21349
   19992
   18691
   17873
   16741
   15886
   14962
   14302
   13685
   12982
   12127
   11346
   10921
   10312
    9978
    9413
    8908
    8446
    8208
    7783
    7462
    7250
    6856
    6446
    6245
    5896
    5780
    5507
    5366
    4922
    4873
    4663
    4439
    4264
    4154
    4012
    3860
    3648
    3569
    3381
    3331
    3235
    3035
    2956
    2943
    2749
    2645
    2540
    2500
    2427
    2311
    2151
    2105
    2027
    1988
    1886
    1873
    1819
    1667
    1690
    1530
    1530
    1411
    1421
    1318
    1346
    1262
    1196
    1187
    1082
    1064
    1064
    1003
     967
     929
     905
     877
     741
     781
     711
     740
     702
     661
     619
     646
     538
     560
     533
     563
     480
     452
     438
     461
     380
     430
     384
     365
     345
     356
     340
     289
     258
     261
     268
     259
     243
     241
     207
     227
     218
     187
     186
     175
     168
     150
     131
     140
     140
     125
     121
     117
      96
     102
      82
      92
      82
      81
      88
      69
      81
      47
      65
      57
      43
      52
      48
      34
      38
      46
      37
      36
      32
      35
      39
      33
      30
      21
      19
      19
      14
      15
      25
      15
      15
      18
       9
      15
      15
      14
      13
      11
       7
      12
       9
       7
      13
       8
       6
       5
       6
       6
       6
       7
       5
       5
       6
       7
      13
       5
       6
       5
       1
       3
       2
       4
       2
       5
       3
       5
       1
       1
       4
       2
       1
       3
       1
       2
       1
       2
       1
       2
       2
       4
       3
       2
       1
       2
       1
       1
       0
       2
       2
       0
       1
       1
       1
       4
       0
       0
       2
       2
       1
       0
       1
       0
       1
       1
       0
       0
       0
       1
       0
       0
       0
       1
       0
       1
       0
       0
       1
       2
       0
       0
       0
       1
       3
       0
       0
       1
       0
       0
       0
       0
       0
       0
       0
       0
       1
       1
       0
       0
       0
       0
       0
       1
       0
       1
       0
       0
       0
       0
       0
       0
       0
       2
       1
       0
       0
       0
       0
       0
       0
       0
       0
       0
       1
       1
       0
       0
       0
       0
       0
       0
       0
       0
       0
       1
       0
       0
       0
       0
       0
       0
       0
       0
       1
       0
       1
       0
       0
       0
       1
       0
       0
       0
       1
       0
       0
       0
       1
       1
       1
       0
       1
       0
       1
       0
       0
       1
       0
       0
       0
       0
       0
       1
       0
       1
       0
       1
       0
       0
       1
       0
       0
       0
       0
       0
       0
       0
       0
       1
       0
       0
       0
       0
       0
       0
       0
       0
       0
       0
       0
       0
       0
       0
       0
       0
       0
       0
       0
       0
       0
       0
       1
       0
       1
       0
       0
       2
       0
       0
       0
       0
       0
       0
       0
       0
       0
       0
       0
       0
       0
       0
       0
       0
       0
       0
       1
       0
       0
       0
       0
       0
       0
       1
       1
       0
       1
       0
       0
       0
       0
       0
       0
       0
       0
       0
       0
       0
       0
       0
       0
       1
       0
       0
       0
       0
       0
       1
       0
       0
       0
       1
       0
       1
       0
       0
       1
       0
       0
       0
       0
       0
       0
       0
       0
       0
       1
       0
       1
       1
       0
       0
       0
       0
       0
       0
       0
       1
       0
       0
       0
       0
       0
       0
       0
       0
       0
       0
       0
       0
       1
       0
       0
       0
       0
       0
       0
       0
       0
       0
       0
       0
       0
       0
       0
       0
       0
       0
       0
       0
       0
       0
       0
       0
       0
       0
       0
       0
       0
       0
       0
       1
       1
       0
       0
       0
       0
       0
       0
       0
       0
       1
       0
       0
       0
       0
       0
       0
       0
       0
       0
       0
       1
       0
       0
       0
       0
       0
       0
       1
       0
       0
       1
       0
       0
       0
       0
       0
       0
       0
       0
       0
       0
       0
       0
       1
       1
       0
       0
       1
       0
       0
       0
       1
       0
       1
       0
       1
       1
       0
       0
       1
       0
       0
       0
       0
       0
       0
       0
       0
       0
       0
       0
       0
       0
       0
       0
       0
       0
       0
       0
       0
       0
       0
       0
       0
       0
       0
       0
       0
       2
       0
       0
       0
       0
       0
       2
       0
       0
       0
       0
       0
       0
       0
       0
       0
       0
       0
       0
       0
       0
       1
       0
       1
       0
       2
       0
       0
       0
       0
       0
       0
       0
       1
       1
       0
       0
       0
       1
       1
       0
       1
       0
       0
       1
       0
       0
       1
       1
       0
       0
       0
       2
       1
       0
       0
       1
       0
       0
       0
       2
       0
       2
       0
       3
       0
       0
       3
       2
       2
       1
       0
       2
       0
       1
       1
       2
       0
       1
       1
       1
       0
       3
       1
       1
       1
       2
       0
       0
       0
       0
       2
       0
       2
       1
       2
       0
       2
       1
       1
       2
       2
       0
       0
       2
       0
       3
       2
       0
       0
       1
       0
       2
       1
       4
       2
       4
       3
       1
       4
       1
       2
       0
       2
       1
       2
       1
       2
       3
       1
       2
       2
       0
       2
       2
       5
       3
       2
       0
       3
       1
       2
       3
       2
       0
       4
       3
       0
       4
       4
       0
       6
       1
       1
       1
       3
       3
       0
       4
       0
       5
       2
       1
       1
       3
       1
       3
       2
       0
       1
       4
       2
       3
       1
       1
       1
       2
       2
       3
       3
       1
       3
       2
       1
       1
       3
       1
       2
       2
       1
       1
       3
       0
       2
       2
       0
       2
       3
       2
       1
       4
       2
       3
       3
       2
       4
       1
       1
       3
       4
       3
       5
       2
       3
       1
       3
       2
       3
       1
       2
       1
       4
       4
       3
       2
       2
       3
       0
       1
       2
       3
       0
       1
       1
       3
       0
       3
       2
       5
       1
       4
       2
       1
       2
       1
       0
       5
       1
       1
       2
       3
       3
       2
       0
       4
       4
       0
       3
       0
       3
       2
       1
       1
       1
       0
       1
       1
       4
       3
       0
       4
       1
       1
       4
       2
       1
       0
       2
       1
       3
       1
       2
       2
       1
       2
       0
       2
       2
       1
       2
       2
       1
       1
       1
       1
       3
       2
       2
       1
       3
       3
       0
       0
       2
       0
       2
       3
       3
       2
       1
       2
       1
       0
       1
       2
       1
       1
       1
       1
       0
       1
       2
       1
       0
       3
       1
       0
       3
       4
       2
       0
       1
       4
       0
       1
       1
       1
       0
       1
       1
       1
       0
       0
       0
       1
       2
       1
       1
       0
       0
       1
       0
       0
       0
       0
       1
       0
       0
       0
       0
       0
       3
       1
       0
       0
       0
       0
       0
       0
       1
       1
       0
       0
       0
       0
       0
       0
       0
       0
       2
       0
       0
       0
       0
       1
       1
       1
       0
       0
       0
       0
       0
       0
       0
       0
       0
       0
       0
       0
       0
       0
       0
       0
       0
       1
       0
       0
       0
       0
       1
       0
       0
       0
       0
       0
       0
       0
       0
       0
       0
       1
       0
       0
       0
       0
       0
       0
       0
       0
       0
       0
       0
       0
       0
       1
       0
       0
       0
       0
       0
       0
       0
       0
       0
       0
       0
       0
       0
       0
       0
       1
       0
       0
       0
       0
       0
       0
       0
       1
       0
       1
       1
       0
       0
       0
       1
       0
       0
       0
       0
       0
       0
       0
       0
       0
       2
       1
       0
       0
       1
       0
       2
       0
       0
       1
       0
       0
       0
       0
       0
       0
       0
       1
       0
       1
       1
       1
       0
       0
       0
       0
       1
       0
       2
       0
       0
       0
       1
       0
       0
       0
       0
       2
       1
       0
       0
       0
       0
       2
       2
       0
       0
       1
       1
       1
       0
       0
       0
       1
       0
       1
       0
       3
       0
       2
       0
       3
       0
       0
       1
       3
       1
       1
       2
       1
       0
       2
       3
       1
       2
       1
       0
       2
       0
       0
       1
       1
       1
       0
       1
       1
       2
       2
       1
       1
       2
       2
       2
       0
       0
       2
       1
       1
       4
       5
       1
       4
       1
       2
       1
       0
       1
       1
       2
       1
       2
       0
       3
       0
       1
       1
       1
       0
       5
       1
       1
       1
       2
       4
       3
       0
       2
       2
       2
       1
       0
       1
       0
       1
       2
       2
       1
       1
       1
       5
       8
       3
       2
       0
       2
       1
       1
       2
       0
       5
       2
       1
       1
       2
       1
       3
       4
       3
       1
       3
       0
       5
       4
       3
       2
       0
       1
       2
       0
       3
       1
       1
       1
       0
       1
       3
       2
       0
       0
       3
       2
       1
       2
       0
       2
       0
       1
       1
       1
       0
       0
       0
       1
       0
       0
       3
       0
       1
       1
       0
       3
       0
       2
       2
       0
       0
       2
       1
       0
       0
       0
       1
       0
       1
       0
       1
       0
       1
       0
       2
       1
       1
       0
       1
       1
       0
       0
       0
       0
       0
       0
       0
       1
       0
       0
       0
       1
       0
       0
       0
       0
       1
       1
       0
       0
       0
       0
       0
       0
       0
       0
       0
       0
       1
       0
       1
       0
       0
       1
       0
       0
       0
       0
       0
       1
       0
       0
       1
       0
       0
       0
       0
       0
       0
       0
       0
       0
       0
       0
       0
       0
       0
       0
       0
       0
       0
       0
       0
       0
       0
       0
       0
       0
       0
       0
       0
       0
       0
       0
       0
       0
       0
       0
       0
       0
       0
       0
       0
       0
       0
       0
       0
       0
       0
       0
       0
       0
       0
       0
       0
       0
       1
       0
       0
       0
       0
       0
       0
       0
       0
       0
       0
       0
       0
       0
       0
       0
       0
       0
       0
       0
       0
       0
       0
       0
       0
       0
       0
       0
       0
       0
       0
       0
       0
       0
       0
       0
       0
       1
       0
       0
       0
       0
       0
       0
       0
       0
       0
       0
       0
       0
       0
       0
       0
       0
       0
       0
       0
       0
       0
       0
       0
       0
       0
       0
       0
       0
       0
       0
       0
       0
       0
       1
       0
       0
       0
       0
       0
       0
       0
       0
       0
       0
       0
       0
       0
       0
       0
       0
       0
       0
       0
       0
       0
       0
       0
       0
       0
       0
       0
       0
       0
       0
       0
       0
       0
       0
       0
       0
       0
       0
       0
       0
       0
       0
       0
       0
       1
       0
       0
       0
       0
       0
       0
       0
       0
       0
       0
       0
       0
       0
       0
       0
       1
       0
       0
       0
       0
       0
       0
       0
       0
       0
       0
       0
       0
       0
       0
       0
       0
       0
       0
       0
       0
       0
       0
       0
       0
       0
       0
       0
       0
       0
       0
       0
       0
       0
       0
       0
       0
       0
       0
       0
       0
       0
       0
       0
       0
       0
       0
       0
       0
       0
       0
       0
       0
       0
       0
       0
       0
       0
       0
       0
       0
       0
       0
       0
       0
       0
       0
       0
       0
       0
       0
       0
       0
       0
       0
       0
       0
       0
       0
       0
       0
       0
       0
       0
       0
       0
       0
       0
       0
       0
       0
       0
       0
       0
       0
       0
       0
       0
       0
       0
       0
       0
       0
       0
       0
       0
       0
       0
       0
       0
       0
       0
       0
       0
       0
       0
       0
       0
       0
       0
       0
       0
       0
       0
       0
       0
       0
       0
       0
       0
       0
       0
       0
       0
       0
       0
       0
       0
       0
       0
       0
       0
       0
       0
       0
       0
       0
       0
       0
       0
       0
       0
       0
       0
       0
       0
       0
       0
       0
       0
       0
       0
       0
       0
       0
       0
       0
       0
       0
       0
       0
       0
       0
       0
       0
       0
       0
       0
       0
       0
       0
       0
       0
       0
       0
       0
       0
       0
       0
       0
       0
       0
       0
       0
       0
       0
       0
       0
       0
       0
       0
       0
       0
       0
       0
       0
       0
       0
       0
       0
       0
       0
       0
       0
       0
       0
       0
       0
       0
       0
       0
       0
       0
       0
       0
       0
       0
       0
       0
       0
       0
       0
       0
       0
       0
       0
       0
       0
       0
       0
       0
       0
       0
       0
       0
       0
       0
       0
       0
       0
       0
       0
       0
       0
       0
       0
       0
       0
       0
       0
       0
       0
       0
       0
       0
       0
$ROI:
1
921 1079
$PRESETS:
None
0
0
$ENER_FIT:
0.000000 6.583851
$MCA_CAL:
3
0.000000E+000 6.583851E+000 0.000000E+000 keV
$SHAPE_CAL:
3
0.000000E+000 0.000000E+000 0.000000E+000
