$SPEC_ID:
Run 608, Background
$SPEC_REM:
DET# 1
DETDESC# Electrostatic MCA
AP# Maestro Version 6.08
$DATE_MEA:
09/24/2020 16:21:39
$MEAS_TIM:
117897 183613
$DATA:
0 2047
       0
       0
       0
       0
       0
       0
       0
       0
       0
       0
       0
       0
       0
       0
       0
       0
       0
       0
       0
       0
       0
       0
       0
       0
       0
       0
       0
       0
       0
       0
       0
       0
       0
       0
       0
       0
       0
       0
       0
       0
       0
       0
       0
       0
       0
       0
       0
       0
       0
       0
       0
       0
       0
       0
       0
       0
       0
       0
       0
       0
       0
       0
       0
       0
       0
       0
       0
       0
       0
   59284
92048320
120439489
118424117
116395505
114325290
112236360
110110922
107989616
105828682
103642486
101458941
99281938
97075129
94890194
92696728
90512582
88327257
86147331
83972334
81828091
79707984
77574209
75490841
73394893
71330764
69316433
67305734
65335085
63374743
61454331
59564174
57731115
55897707
54115583
52348952
50631780
48948897
47309405
45691950
44121006
42570299
41058136
39609150
38166519
36779924
35423299
34094921
32830682
31579382
30356777
29188493
28040625
26948249
25861727
24823913
23820026
22851094
21900190
20995082
20112346
19265815
18436834
17655725
16880506
16156819
15438025
14762218
14100655
13464923
12854848
12274383
11712007
11170469
10651039
10155575
 9680491
 9212356
 8782667
 8361474
 7955674
 7569688
 7202213
 6850933
 6510876
 6190989
 5882104
 5583684
 5304479
 5036456
 4777279
 4536728
 4298109
 4079789
 3868505
 3666187
 3473762
 3290249
 3116254
 2953309
 2793093
 2644759
 2500817
 2366730
 2238129
 2114657
 2001695
 1891101
 1788757
 1686283
 1592574
 1504596
 1417604
 1340586
 1265813
 1193784
 1125281
 1060283
 1000270
  943669
  887291
  836879
  787025
  740611
  698647
  656514
  616591
  581908
  547500
  514947
  483639
  455428
  427546
  402409
  377662
  354776
  333134
  312369
  292291
  276274
  258205
  242479
  228078
  212611
  200668
  186964
  176176
  165082
  153812
  144875
  135530
  126225
  119325
  111003
  104379
   97329
   91891
   85558
   80060
   74258
   69753
   65392
   61123
   57266
   53226
   50201
   46682
   44076
   41041
   38417
   36156
   33847
   31848
   29351
   27508
   25732
   24036
   22993
   21083
   19768
   18477
   17417
   16449
   15357
   14460
   13364
   12848
   11960
   11198
   10523
   10161
    9500
    8870
    8396
    7861
    7458
    6947
    6802
    6365
    5841
    5734
    5449
    5227
    4926
    4679
    4328
    4104
    3983
    3865
    3713
    3386
    3217
    3193
    3011
    2887
    2882
    2613
    2501
    2407
    2282
    2280
    2207
    2159
    1955
    1898
    1848
    1698
    1709
    1619
    1579
    1549
    1439
    1392
    1322
    1287
    1278
    1216
    1162
    1178
    1090
    1002
    1046
     949
     944
     921
     868
     814
     795
     769
     744
     706
     681
     635
     659
     612
     580
     531
     528
     466
     490
     478
     411
     440
     388
     381
     393
     383
     370
     345
     329
     324
     267
     292
     254
     244
     277
     212
     240
     237
     215
     208
     205
     214
     155
     149
     174
     151
     135
     155
     137
     123
     111
     124
     124
     106
     110
      95
      99
      79
      80
      85
      61
      69
      64
      71
      62
      66
      60
      53
      48
      45
      45
      46
      46
      48
      36
      38
      27
      28
      33
      30
      29
      31
      36
      15
      22
      19
      16
      14
      13
      13
      12
      14
       9
      12
      14
       6
      12
      15
       6
       4
       8
       8
       3
       5
       8
       7
       4
       3
       3
       4
       7
       3
       3
       5
       4
       2
       5
       2
       3
       2
       1
       0
       1
       2
       2
       1
       1
       2
       1
       2
       8
       1
       3
       1
       1
       0
       1
       2
       1
       2
       0
       1
       1
       1
       3
       1
       1
       1
       0
       2
       0
       0
       0
       1
       1
       1
       0
       1
       1
       2
       1
       0
       0
       1
       1
       0
       1
       1
       0
       2
       0
       0
       1
       2
       0
       0
       1
       0
       1
       0
       0
       0
       0
       0
       0
       0
       0
       1
       0
       1
       0
       0
       0
       0
       0
       0
       0
       0
       1
       0
       0
       1
       0
       0
       0
       0
       0
       0
       0
       0
       1
       0
       0
       0
       0
       0
       0
       1
       0
       1
       0
       0
       0
       0
       0
       0
       0
       2
       1
       0
       0
       0
       0
       0
       0
       0
       0
       0
       1
       1
       0
       0
       0
       0
       0
       0
       0
       0
       0
       0
       0
       0
       0
       0
       0
       0
       0
       0
       1
       0
       0
       0
       0
       0
       1
       0
       0
       0
       1
       0
       0
       0
       0
       1
       1
       0
       0
       0
       1
       0
       0
       0
       0
       0
       0
       0
       0
       1
       0
       1
       0
       1
       0
       0
       0
       0
       0
       0
       0
       0
       0
       0
       0
       0
       0
       0
       0
       0
       0
       0
       0
       0
       0
       0
       0
       0
       0
       0
       0
       0
       0
       0
       0
       0
       0
       0
       0
       0
       0
       0
       0
       2
       0
       0
       0
       0
       0
       0
       0
       0
       0
       0
       0
       0
       0
       0
       0
       0
       0
       0
       0
       0
       0
       0
       0
       0
       0
       1
       0
       0
       0
       0
       0
       0
       0
       0
       0
       0
       0
       0
       0
       0
       0
       0
       0
       1
       0
       0
       0
       0
       0
       0
       0
       0
       0
       1
       0
       0
       0
       0
       1
       0
       0
       0
       0
       0
       0
       0
       0
       0
       1
       0
       0
       0
       0
       0
       0
       0
       0
       0
       0
       0
       0
       0
       0
       0
       0
       0
       0
       0
       0
       0
       0
       0
       1
       0
       0
       0
       0
       0
       0
       0
       0
       0
       0
       0
       0
       0
       0
       0
       0
       0
       0
       0
       0
       0
       0
       0
       0
       0
       0
       0
       0
       0
       0
       1
       1
       0
       0
       0
       0
       0
       0
       0
       0
       0
       0
       0
       0
       0
       0
       0
       0
       0
       0
       0
       1
       0
       0
       0
       0
       0
       0
       0
       0
       0
       0
       0
       0
       0
       0
       0
       0
       0
       0
       0
       0
       0
       0
       1
       0
       0
       0
       0
       0
       0
       0
       0
       0
       1
       0
       1
       1
       0
       0
       0
       0
       0
       0
       0
       0
       0
       0
       0
       0
       0
       0
       0
       0
       0
       0
       0
       0
       0
       0
       0
       0
       0
       0
       0
       0
       0
       0
       0
       2
       0
       0
       0
       0
       0
       0
       0
       0
       0
       0
       0
       0
       0
       0
       0
       0
       0
       0
       0
       0
       0
       0
       0
       0
       2
       0
       0
       0
       0
       0
       0
       0
       0
       0
       0
       0
       0
       0
       0
       0
       1
       0
       0
       1
       0
       0
       0
       0
       0
       0
       0
       2
       0
       0
       0
       1
       0
       0
       0
       0
       0
       0
       0
       3
       0
       0
       2
       0
       1
       1
       0
       0
       0
       1
       1
       1
       0
       0
       0
       0
       0
       1
       1
       1
       1
       1
       0
       0
       0
       0
       1
       0
       2
       0
       2
       0
       0
       0
       1
       0
       2
       0
       0
       0
       0
       2
       2
       0
       0
       1
       0
       0
       1
       2
       1
       2
       3
       0
       4
       1
       1
       0
       2
       0
       2
       0
       2
       2
       1
       1
       1
       0
       0
       0
       2
       1
       2
       0
       3
       1
       1
       1
       0
       0
       2
       1
       0
       2
       1
       0
       4
       1
       1
       0
       2
       0
       0
       2
       0
       1
       1
       1
       1
       3
       1
       1
       1
       0
       0
       3
       0
       2
       1
       0
       1
       1
       1
       0
       1
       0
       2
       0
       0
       1
       3
       1
       2
       1
       1
       0
       2
       0
       1
       0
       0
       2
       3
       2
       0
       2
       1
       3
       1
       0
       3
       1
       0
       1
       2
       3
       0
       2
       3
       1
       2
       1
       2
       0
       1
       1
       3
       2
       2
       1
       1
       3
       0
       0
       0
       3
       0
       0
       0
       2
       0
       3
       1
       3
       0
       3
       0
       0
       2
       0
       0
       3
       0
       1
       1
       3
       3
       2
       0
       2
       2
       0
       2
       0
       1
       2
       1
       1
       1
       0
       1
       1
       0
       2
       0
       3
       1
       1
       3
       2
       1
       0
       1
       0
       1
       1
       2
       2
       1
       2
       0
       1
       0
       1
       0
       1
       1
       0
       0
       1
       3
       2
       1
       1
       2
       1
       0
       0
       1
       0
       1
       2
       2
       2
       1
       0
       1
       0
       0
       2
       0
       0
       1
       1
       0
       1
       2
       1
       0
       2
       1
       0
       0
       4
       2
       0
       0
       3
       0
       1
       0
       1
       0
       1
       0
       0
       0
       0
       0
       0
       2
       0
       0
       0
       0
       1
       0
       0
       0
       0
       0
       0
       0
       0
       0
       0
       2
       0
       0
       0
       0
       0
       0
       0
       1
       1
       0
       0
       0
       0
       0
       0
       0
       0
       0
       0
       0
       0
       0
       1
       0
       1
       0
       0
       0
       0
       0
       0
       0
       0
       0
       0
       0
       0
       0
       0
       0
       0
       0
       0
       0
       0
       0
       0
       0
       0
       0
       0
       0
       0
       0
       0
       0
       0
       0
       1
       0
       0
       0
       0
       0
       0
       0
       0
       0
       0
       0
       0
       0
       1
       0
       0
       0
       0
       0
       0
       0
       0
       0
       0
       0
       0
       0
       0
       0
       1
       0
       0
       0
       0
       0
       0
       0
       1
       0
       0
       0
       0
       0
       0
       0
       0
       0
       0
       0
       0
       0
       0
       0
       0
       2
       1
       0
       0
       1
       0
       1
       0
       0
       0
       0
       0
       0
       0
       0
       0
       0
       0
       0
       1
       1
       1
       0
       0
       0
       0
       0
       0
       2
       0
       0
       0
       0
       0
       0
       0
       0
       0
       1
       0
       0
       0
       0
       1
       1
       0
       0
       1
       1
       1
       0
       0
       0
       0
       0
       0
       0
       3
       0
       1
       0
       2
       0
       0
       0
       3
       1
       1
       2
       1
       0
       1
       1
       1
       0
       0
       0
       2
       0
       0
       1
       1
       0
       0
       1
       0
       1
       2
       0
       1
       1
       1
       1
       0
       0
       1
       1
       1
       3
       3
       0
       1
       0
       2
       1
       0
       0
       1
       1
       1
       1
       0
       3
       0
       1
       1
       1
       0
       4
       0
       1
       1
       0
       2
       3
       0
       0
       1
       2
       1
       0
       0
       0
       0
       2
       1
       1
       1
       0
       4
       4
       2
       2
       0
       0
       1
       0
       0
       0
       3
       2
       1
       0
       1
       1
       3
       3
       3
       1
       2
       0
       4
       2
       1
       1
       0
       1
       1
       0
       2
       1
       1
       0
       0
       0
       3
       0
       0
       0
       1
       2
       1
       1
       0
       1
       0
       1
       0
       1
       0
       0
       0
       0
       0
       0
       1
       0
       0
       1
       0
       0
       0
       2
       1
       0
       0
       2
       0
       0
       0
       0
       1
       0
       1
       0
       1
       0
       1
       0
       1
       0
       0
       0
       0
       0
       0
       0
       0
       0
       0
       0
       0
       0
       0
       0
       0
       1
       0
       0
       0
       0
       1
       0
       0
       0
       0
       0
       0
       0
       0
       0
       0
       0
       1
       0
       1
       0
       0
       0
       0
       0
       0
       0
       0
       0
       0
       0
       0
       0
       0
       0
       0
       0
       0
       0
       0
       0
       0
       0
       0
       0
       0
       0
       0
       0
       0
       0
       0
       0
       0
       0
       0
       0
       0
       0
       0
       0
       0
       0
       0
       0
       0
       0
       0
       0
       0
       0
       0
       0
       0
       0
       0
       0
       0
       0
       0
       0
       0
       0
       0
       0
       1
       0
       0
       0
       0
       0
       0
       0
       0
       0
       0
       0
       0
       0
       0
       0
       0
       0
       0
       0
       0
       0
       0
       0
       0
       0
       0
       0
       0
       0
       0
       0
       0
       0
       0
       0
       0
       1
       0
       0
       0
       0
       0
       0
       0
       0
       0
       0
       0
       0
       0
       0
       0
       0
       0
       0
       0
       0
       0
       0
       0
       0
       0
       0
       0
       0
       0
       0
       0
       0
       0
       1
       0
       0
       0
       0
       0
       0
       0
       0
       0
       0
       0
       0
       0
       0
       0
       0
       0
       0
       0
       0
       0
       0
       0
       0
       0
       0
       0
       0
       0
       0
       0
       0
       0
       0
       0
       0
       0
       0
       0
       0
       0
       0
       0
       0
       0
       0
       0
       0
       0
       0
       0
       0
       0
       0
       0
       0
       0
       0
       0
       0
       1
       0
       0
       0
       0
       0
       0
       0
       0
       0
       0
       0
       0
       0
       0
       0
       0
       0
       0
       0
       0
       0
       0
       0
       0
       0
       0
       0
       0
       0
       0
       0
       0
       0
       0
       0
       0
       0
       0
       0
       0
       0
       0
       0
       0
       0
       0
       0
       0
       0
       0
       0
       0
       0
       0
       0
       0
       0
       0
       0
       0
       0
       0
       0
       0
       0
       0
       0
       0
       0
       0
       0
       0
       0
       0
       0
       0
       0
       0
       0
       0
       0
       0
       0
       0
       0
       0
       0
       0
       0
       0
       0
       0
       0
       0
       0
       0
       0
       0
       0
       0
       0
       0
       0
       0
       0
       0
       0
       0
       0
       0
       0
       0
       0
       0
       0
       0
       0
       0
       0
       0
       0
       0
       0
       0
       0
       0
       0
       0
       0
       0
       0
       0
       0
       0
       0
       0
       0
       0
       0
       0
       0
       0
       0
       0
       0
       0
       0
       0
       0
       0
       0
       0
       0
       0
       0
       0
       0
       0
       0
       0
       0
       0
       0
       0
       0
       0
       0
       0
       0
       0
       0
       0
       0
       0
       0
       0
       0
       0
       0
       0
       0
       0
       0
       0
       0
       0
       0
       0
       0
       0
       0
       0
       0
       0
       0
       0
       0
       0
       0
       0
       0
       0
       0
       0
       0
       0
       0
       0
       0
       0
       0
       0
       0
       0
       0
       0
       0
       0
       0
       0
       0
       0
       0
       0
       0
       0
       0
       0
       0
       0
       0
       0
       0
       0
       0
       0
       0
       0
       0
       0
       0
       0
       0
       0
       0
       0
       0
       0
       0
       0
       0
       0
       0
       0
       0
       0
       0
       0
       0
       0
       0
       0
       0
       0
       0
$ROI:
1
921 1079
$PRESETS:
None
0
0
$ENER_FIT:
0.000000 6.583851
$MCA_CAL:
3
0.000000E+000 6.583851E+000 0.000000E+000 keV
$SHAPE_CAL:
3
0.000000E+000 0.000000E+000 0.000000E+000
