$SPEC_ID:
Run 608, Background
$SPEC_REM:
DET# 1
DETDESC# Electrostatic MCA
AP# Maestro Version 6.08
$DATE_MEA:
09/24/2020 16:21:39
$MEAS_TIM:
273589 446433
$DATA:
0 2047
       0
       0
       0
       0
       0
       0
       0
       0
       0
       0
       0
       0
       0
       0
       0
       0
       0
       0
       0
       0
       0
       0
       0
       0
       0
       0
       0
       0
       0
       0
       0
       0
       0
       0
       0
       0
       0
       0
       0
       0
       0
       0
       0
       0
       0
       0
       0
       0
       0
       0
       0
       0
       0
       0
       0
       0
       0
       0
       0
       0
       0
       0
       0
       0
       0
       0
       0
       0
       0
  165200
224096257
293408013
289865394
286278431
282518860
278742479
274824555
270875361
266840071
262700963
258494544
254300981
249997418
245693375
241314239
236954278
232536799
228087543
223635633
219149877
214715357
210198480
205747484
201271782
196823274
192402589
187979714
183590989
179244450
174918763
170614268
166390401
162150131
157985819
153840700
149784414
145742558
141806354
137885367
134022681
130206844
126461798
122778671
119170880
115610211
112142139
108695430
105362370
102070187
98850742
95689606
92607392
89602150
86632464
83759204
80940663
78216499
75521303
72924703
70382561
67913902
65480467
63157653
60867511
58662172
56506246
54422273
52380625
50398633
48511633
46646233
44854222
43110659
41432842
39814909
38225225
36691327
35233068
33817097
32445787
31121151
29839175
28602870
27410818
26269723
25162160
24097868
23082846
22090369
21137179
20222053
19342737
18504409
17692123
16916000
16165445
15438324
14756685
14093809
13457552
12849850
12267995
11714856
11171232
10666232
10177879
 9703294
 9252336
 8825452
 8409276
 8015368
 7639047
 7280747
 6934776
 6615875
 6295597
 5993644
 5712751
 5439703
 5174333
 4926855
 4690270
 4460682
 4245018
 4039946
 3840564
 3655511
 3478171
 3308801
 3146244
 2989271
 2840581
 2705706
 2571032
 2443635
 2321872
 2205708
 2091356
 1994458
 1890189
 1800651
 1709333
 1622092
 1541814
 1464485
 1390717
 1321649
 1253057
 1190705
 1130941
 1070880
 1017903
  967316
  918783
  871119
  828241
  786145
  744143
  706852
  670762
  637238
  604298
  573718
  544790
  516672
  491205
  466200
  441707
  418250
  397753
  378088
  357833
  339919
  322794
  306013
  290941
  274827
  261067
  247306
  234919
  223065
  211068
  201109
  189805
  180256
  172131
  162346
  154430
  145607
  138838
  131447
  125177
  118201
  112656
  106599
  101292
   96003
   91474
   86774
   82128
   78004
   74354
   70738
   66558
   63658
   60539
   57081
   54677
   51811
   48852
   46529
   44175
   41856
   39853
   37968
   35994
   34319
   32180
   30554
   29209
   27962
   26558
   25076
   23830
   22748
   21642
   20435
   19393
   18590
   17708
   16783
   15839
   14986
   14404
   13687
   12957
   12310
   11804
   11354
   10507
   10114
    9562
    9150
    8592
    8101
    7784
    7504
    7174
    6765
    6473
    6147
    5768
    5536
    5138
    5088
    4743
    4388
    4328
    4141
    3890
    3758
    3602
    3361
    3202
    3120
    2889
    2788
    2688
    2499
    2473
    2238
    2228
    2044
    1999
    1909
    1839
    1637
    1729
    1527
    1466
    1418
    1388
    1223
    1187
    1118
    1057
     974
    1017
     946
     890
     855
     847
     825
     707
     665
     612
     606
     610
     577
     570
     518
     528
     480
     471
     439
     391
     374
     353
     331
     353
     351
     314
     287
     279
     255
     243
     223
     213
     195
     207
     202
     184
     174
     142
     157
     155
     141
     128
     119
     107
      95
     117
     102
      92
      91
      94
      92
      86
      84
      65
      60
      73
      55
      49
      64
      48
      47
      44
      32
      49
      50
      39
      43
      30
      28
      35
      27
      24
      27
      23
      23
      18
      26
      22
      17
      24
      25
      24
      12
      14
      29
      18
      13
      13
      11
      10
      10
      12
       7
      15
       9
      11
       8
       5
      10
       6
       5
       7
       8
       3
       4
       5
       6
       6
       5
       4
       6
       2
       4
       6
       8
       1
       2
       4
       3
       3
       4
       2
       2
       5
       1
       1
       5
       3
       2
       2
       1
       1
       2
       5
       1
       1
       2
       3
       1
       2
       0
       4
       2
       1
       2
       2
       1
       2
       0
       1
       0
       1
       3
       1
       0
       1
       0
       1
       1
       0
       0
       0
       0
       0
       1
       2
       0
       0
       0
       1
       0
       2
       1
       1
       0
       0
       1
       0
       0
       0
       0
       2
       1
       0
       0
       0
       0
       0
       0
       0
       0
       0
       1
       2
       0
       2
       0
       0
       1
       0
       0
       0
       0
       1
       0
       0
       0
       1
       0
       0
       1
       0
       2
       0
       1
       0
       0
       0
       1
       0
       0
       0
       1
       0
       0
       0
       1
       1
       1
       0
       1
       3
       1
       0
       0
       1
       1
       1
       0
       0
       0
       1
       0
       1
       0
       2
       0
       0
       1
       0
       0
       0
       0
       0
       0
       0
       0
       1
       0
       0
       0
       0
       0
       0
       1
       0
       0
       1
       0
       0
       0
       0
       0
       1
       0
       0
       0
       0
       0
       0
       1
       0
       1
       1
       0
       2
       0
       0
       0
       0
       0
       0
       0
       0
       0
       0
       0
       0
       0
       0
       0
       0
       0
       0
       1
       0
       0
       0
       0
       0
       0
       1
       1
       1
       1
       1
       0
       0
       0
       0
       0
       0
       0
       0
       0
       0
       0
       0
       0
       1
       0
       0
       0
       0
       0
       1
       0
       0
       0
       1
       0
       1
       0
       0
       1
       0
       0
       0
       0
       0
       0
       0
       0
       0
       1
       0
       1
       1
       0
       0
       0
       0
       0
       0
       0
       1
       0
       1
       0
       0
       0
       0
       0
       0
       0
       0
       0
       0
       1
       0
       0
       0
       0
       0
       0
       0
       0
       0
       0
       0
       0
       0
       0
       0
       0
       0
       0
       0
       0
       0
       0
       0
       0
       0
       0
       0
       0
       0
       0
       1
       1
       0
       0
       0
       0
       0
       0
       1
       0
       1
       0
       1
       0
       0
       0
       0
       0
       0
       0
       0
       2
       0
       0
       0
       0
       0
       0
       1
       0
       0
       1
       0
       1
       0
       0
       0
       0
       0
       0
       0
       0
       0
       0
       1
       1
       0
       1
       1
       0
       0
       0
       1
       0
       1
       0
       2
       1
       0
       0
       1
       0
       0
       0
       0
       0
       0
       0
       0
       0
       0
       0
       0
       0
       1
       0
       0
       0
       1
       0
       0
       0
       0
       0
       0
       0
       0
       0
       0
       2
       1
       0
       3
       0
       0
       2
       1
       1
       0
       0
       0
       0
       0
       0
       0
       0
       0
       1
       1
       0
       1
       0
       1
       0
       2
       0
       1
       1
       0
       0
       0
       0
       1
       1
       0
       1
       0
       2
       1
       0
       1
       0
       0
       2
       1
       0
       1
       1
       0
       0
       1
       2
       1
       0
       0
       1
       0
       0
       2
       2
       0
       3
       1
       3
       0
       0
       3
       2
       4
       1
       0
       2
       0
       2
       1
       2
       0
       1
       1
       1
       0
       3
       1
       2
       2
       3
       0
       1
       0
       0
       2
       0
       2
       1
       2
       3
       2
       4
       1
       2
       2
       0
       0
       3
       1
       3
       3
       0
       0
       1
       2
       2
       1
       7
       3
       4
       3
       1
       4
       2
       4
       1
       4
       1
       2
       2
       3
       4
       1
       4
       2
       1
       2
       3
       6
       3
       2
       0
       3
       2
       2
       4
       4
       1
       4
       4
       2
       5
       6
       0
       6
       3
       1
       2
       5
       4
       2
       4
       0
       5
       2
       2
       2
       3
       1
       3
       2
       0
       1
       5
       2
       3
       1
       3
       1
       4
       4
       3
       3
       1
       4
       3
       1
       1
       4
       3
       3
       4
       1
       2
       3
       1
       2
       4
       0
       3
       4
       3
       1
       4
       3
       3
       3
       2
       6
       1
       3
       4
       4
       3
       6
       3
       3
       2
       3
       2
       3
       2
       2
       2
       4
       4
       6
       2
       2
       4
       0
       2
       2
       3
       0
       2
       3
       4
       0
       3
       4
       6
       1
       6
       2
       2
       2
       1
       0
       5
       1
       4
       4
       4
       3
       2
       0
       5
       4
       0
       3
       0
       3
       2
       1
       1
       3
       1
       1
       2
       4
       4
       0
       4
       1
       1
       5
       3
       1
       1
       3
       1
       5
       1
       3
       2
       2
       2
       1
       2
       2
       1
       3
       2
       2
       2
       1
       1
       3
       3
       2
       1
       3
       4
       1
       1
       2
       0
       2
       3
       3
       3
       1
       2
       1
       0
       1
       2
       1
       1
       1
       1
       0
       1
       2
       1
       0
       3
       1
       1
       3
       4
       2
       1
       1
       4
       0
       1
       2
       1
       0
       1
       1
       1
       0
       0
       0
       1
       2
       1
       1
       0
       0
       2
       0
       1
       1
       0
       1
       0
       1
       0
       0
       1
       3
       1
       0
       0
       1
       0
       0
       0
       1
       1
       0
       0
       0
       0
       0
       0
       1
       0
       2
       0
       0
       0
       1
       1
       1
       1
       0
       0
       0
       0
       0
       0
       0
       0
       0
       1
       0
       0
       0
       0
       0
       0
       0
       1
       0
       0
       0
       0
       1
       0
       0
       0
       0
       0
       0
       0
       0
       0
       0
       1
       0
       0
       0
       0
       0
       0
       0
       0
       0
       0
       0
       0
       0
       1
       0
       0
       0
       0
       0
       0
       0
       0
       0
       0
       0
       0
       0
       1
       0
       1
       0
       0
       0
       0
       0
       0
       0
       1
       0
       1
       1
       0
       0
       0
       1
       0
       0
       0
       0
       0
       0
       0
       0
       0
       2
       1
       0
       0
       1
       0
       2
       0
       0
       1
       0
       0
       0
       0
       0
       1
       0
       1
       0
       1
       1
       2
       0
       1
       0
       0
       2
       0
       2
       0
       1
       1
       1
       0
       0
       0
       0
       3
       1
       1
       0
       1
       0
       2
       2
       0
       0
       2
       1
       1
       0
       0
       0
       2
       1
       1
       1
       3
       0
       2
       0
       4
       1
       0
       1
       3
       1
       2
       2
       1
       0
       4
       3
       1
       2
       1
       0
       3
       0
       2
       1
       1
       1
       0
       2
       1
       2
       2
       1
       2
       2
       2
       2
       1
       0
       2
       1
       1
       4
       5
       1
       4
       1
       3
       1
       0
       1
       1
       3
       1
       2
       2
       3
       0
       2
       1
       1
       0
       5
       1
       1
       2
       2
       4
       4
       1
       2
       2
       2
       2
       0
       1
       1
       1
       4
       2
       1
       1
       1
       5
       8
       3
       2
       0
       3
       1
       1
       4
       2
       5
       3
       3
       1
       2
       1
       3
       5
       3
       2
       3
       0
       5
       5
       3
       2
       0
       1
       2
       0
       3
       1
       2
       1
       0
       1
       3
       2
       0
       0
       3
       2
       2
       2
       0
       2
       0
       1
       2
       1
       0
       0
       0
       1
       0
       0
       3
       0
       1
       1
       0
       4
       0
       2
       2
       0
       0
       2
       1
       0
       1
       0
       1
       0
       1
       0
       1
       0
       2
       0
       2
       1
       1
       0
       1
       1
       0
       0
       0
       0
       0
       0
       0
       1
       0
       0
       0
       1
       0
       0
       0
       0
       1
       1
       0
       0
       0
       0
       0
       0
       0
       1
       0
       0
       1
       0
       1
       0
       0
       1
       0
       0
       0
       0
       0
       1
       0
       0
       1
       0
       0
       0
       0
       0
       0
       0
       0
       0
       0
       0
       0
       0
       0
       0
       0
       0
       0
       0
       0
       0
       0
       0
       0
       0
       0
       1
       0
       0
       0
       0
       0
       0
       0
       0
       0
       0
       0
       0
       0
       0
       0
       0
       0
       0
       0
       0
       0
       0
       0
       0
       0
       0
       1
       0
       0
       0
       0
       0
       0
       0
       0
       1
       0
       0
       0
       0
       0
       0
       0
       0
       0
       0
       0
       0
       0
       0
       0
       0
       0
       0
       0
       0
       0
       0
       0
       0
       0
       0
       0
       1
       0
       0
       0
       0
       0
       0
       0
       0
       0
       0
       0
       0
       0
       0
       0
       0
       0
       0
       0
       0
       0
       0
       0
       0
       0
       0
       0
       0
       0
       0
       0
       0
       0
       1
       0
       0
       0
       0
       0
       0
       0
       0
       1
       0
       0
       0
       0
       0
       0
       0
       0
       0
       0
       0
       0
       0
       0
       0
       0
       0
       0
       0
       0
       0
       0
       0
       0
       0
       0
       0
       0
       0
       0
       0
       0
       1
       0
       0
       1
       0
       0
       0
       0
       0
       0
       0
       0
       0
       0
       0
       0
       0
       0
       0
       1
       0
       0
       0
       0
       0
       0
       0
       0
       0
       0
       0
       0
       0
       0
       0
       0
       0
       0
       0
       0
       0
       0
       0
       0
       0
       0
       0
       0
       0
       0
       0
       0
       0
       0
       0
       0
       0
       0
       0
       0
       0
       0
       0
       0
       0
       0
       0
       0
       0
       0
       0
       0
       0
       0
       0
       0
       0
       0
       0
       0
       0
       0
       0
       0
       0
       0
       0
       0
       0
       0
       0
       0
       0
       0
       0
       0
       0
       0
       0
       0
       0
       0
       0
       0
       0
       0
       0
       0
       0
       0
       0
       0
       0
       0
       0
       0
       0
       0
       0
       0
       0
       0
       0
       0
       0
       0
       0
       0
       0
       0
       0
       0
       0
       0
       0
       0
       0
       0
       0
       0
       0
       0
       0
       0
       0
       0
       0
       0
       0
       0
       0
       0
       0
       0
       0
       0
       0
       0
       0
       0
       0
       0
       0
       0
       0
       0
       0
       0
       0
       0
       0
       0
       0
       0
       0
       0
       0
       0
       0
       0
       0
       0
       0
       0
       0
       0
       0
       0
       0
       0
       0
       0
       0
       0
       0
       0
       0
       0
       0
       0
       0
       0
       0
       0
       0
       0
       0
       0
       0
       0
       0
       0
       0
       0
       0
       0
       0
       0
       0
       0
       0
       0
       0
       0
       0
       0
       0
       0
       0
       0
       0
       0
       0
       0
       0
       0
       0
       0
       0
       0
       0
       0
       0
       0
       0
       0
       0
       0
       0
       0
       0
       0
       0
       0
       0
       0
       0
       0
       0
       0
       0
       0
       0
       0
       0
       0
       0
       0
       0
       0
       0
       0
       0
       0
       0
       0
       0
       0
       0
       0
       0
       0
       0
       0
       0
$ROI:
1
921 1079
$PRESETS:
None
0
0
$ENER_FIT:
0.000000 6.583851
$MCA_CAL:
3
0.000000E+000 6.583851E+000 0.000000E+000 keV
$SHAPE_CAL:
3
0.000000E+000 0.000000E+000 0.000000E+000
