$SPEC_ID:
Run 608, Background
$SPEC_REM:
DET# 1
DETDESC# Electrostatic MCA
AP# Maestro Version 6.08
$DATE_MEA:
09/24/2020 16:21:39
$MEAS_TIM:
293582 482436
$DATA:
0 2047
       0
       0
       0
       0
       0
       0
       0
       0
       0
       0
       0
       0
       0
       0
       0
       0
       0
       0
       0
       0
       0
       0
       0
       0
       0
       0
       0
       0
       0
       0
       0
       0
       0
       0
       0
       0
       0
       0
       0
       0
       0
       0
       0
       0
       0
       0
       0
       0
       0
       0
       0
       0
       0
       0
       0
       0
       0
       0
       0
       0
       0
       0
       0
       0
       0
       0
       0
       0
       0
  181030
239825429
313922834
310330396
306683081
302864455
299013752
295024375
290983746
286853655
282615337
278306399
273994845
269587957
265156156
260651750
256159921
251605201
247010991
242410624
237774279
233181278
228493779
223877464
219239003
214618577
210010077
205400341
200841454
196295120
191781264
187282918
182861483
178416859
174056163
169688942
165442570
161183663
157049986
152915124
148831358
144801528
140844567
136953994
133119026
129339301
125656643
121992566
118441904
114928014
111492903
108108106
104806564
101586949
98397401
95311976
92286579
89345727
86440167
83626598
80878388
78195655
75561788
73022353
70538549
68122350
65763836
63485178
61241411
59067523
56983454
54927373
52948015
51023222
49162326
47359658
45589090
43880297
42244924
40659407
39119700
37625114
36178905
34783823
33430127
32136467
30873573
29651385
28493915
27350740
26261636
25206455
24185200
23205855
22267708
21360142
20482213
19631270
18826319
18041651
17292527
16572679
15873168
15216335
14564643
13958245
13367513
12790052
12242933
11722600
11213753
10732605
10267433
 9824120
 9395228
 8993466
 8593829
 8218402
 7861214
 7516524
 7181815
 6863590
 6557825
 6265650
 5989611
 5721697
 5461702
 5218327
 4988222
 4763442
 4546332
 4339196
 4142703
 3960430
 3779152
 3605652
 3441590
 3283586
 3127955
 2991721
 2849567
 2722550
 2596828
 2475115
 2361659
 2252357
 2147540
 2048009
 1949333
 1858095
 1773657
 1686275
 1609065
 1534695
 1462841
 1391949
 1327012
 1264503
 1202617
 1146672
 1091002
 1037601
  989339
  943053
  897064
  853547
  813268
  774525
  736686
  700452
  666879
  636248
  603913
  573815
  547857
  519671
  495600
  469612
  446181
  424248
  403765
  383657
  364530
  347369
  328860
  312187
  298381
  282744
  268387
  254333
  242641
  229911
  218824
  207351
  197453
  186789
  177333
  168709
  160619
  152385
  143843
  136905
  129929
  123922
  116806
  111601
  106118
   99874
   95315
   90160
   85346
   80806
   76893
   72726
   69194
   65782
   62593
   59262
   55351
   52679
   50134
   47842
   45112
   42731
   40554
   38692
   36692
   34319
   32755
   31059
   29589
   27880
   26555
   24818
   23736
   22565
   21229
   20112
   19170
   18349
   16909
   16253
   15384
   14599
   13799
   12949
   12383
   11839
   11251
   10659
   10150
    9444
    9022
    8494
    7966
    7723
    7178
    6767
    6525
    6249
    5799
    5613
    5383
    4948
    4686
    4634
    4247
    4105
    3909
    3657
    3531
    3273
    3142
    2966
    2883
    2703
    2599
    2370
    2435
    2201
    2070
    1995
    1964
    1731
    1651
    1498
    1487
    1347
    1380
    1289
    1240
    1193
    1133
    1119
     980
     912
     891
     826
     835
     820
     786
     723
     708
     666
     634
     589
     564
     505
     495
     463
     496
     480
     429
     397
     384
     361
     328
     314
     316
     265
     268
     287
     256
     238
     211
     210
     214
     199
     196
     177
     162
     149
     162
     148
     137
     142
     135
     127
     118
     113
      97
      86
     110
      82
      74
     101
      74
      80
      75
      56
      76
      71
      62
      65
      47
      41
      54
      47
      38
      43
      38
      31
      38
      38
      40
      31
      34
      38
      34
      20
      24
      39
      29
      23
      23
      20
      16
      24
      21
      11
      23
      15
      21
      13
      12
      15
      14
       9
      11
      15
       9
       4
       6
       8
       8
       7
       4
      10
       6
       9
       6
      10
       3
       2
       5
       3
       5
       8
       3
       3
       6
       4
       2
       6
       3
       3
       2
       2
       2
       2
       6
       2
       1
       2
       4
       1
       3
       0
       4
       2
       2
       3
       2
       1
       3
       0
       1
       1
       1
       4
       2
       1
       1
       1
       2
       2
       0
       0
       1
       1
       0
       1
       2
       0
       0
       0
       1
       0
       2
       1
       1
       1
       1
       1
       0
       0
       0
       1
       2
       1
       0
       0
       1
       0
       1
       0
       0
       0
       0
       1
       2
       0
       2
       0
       0
       2
       0
       0
       0
       0
       1
       0
       0
       0
       1
       0
       0
       1
       0
       3
       0
       1
       0
       1
       0
       1
       0
       1
       0
       1
       0
       0
       0
       1
       1
       1
       0
       1
       3
       1
       0
       0
       1
       1
       1
       0
       0
       0
       1
       0
       1
       0
       2
       0
       0
       1
       0
       0
       0
       0
       0
       0
       0
       0
       1
       0
       0
       0
       0
       0
       0
       1
       0
       0
       1
       0
       0
       0
       0
       0
       1
       0
       0
       0
       0
       0
       0
       1
       0
       1
       1
       0
       2
       0
       0
       0
       0
       1
       0
       0
       0
       0
       0
       0
       0
       0
       0
       0
       0
       0
       0
       1
       0
       0
       0
       0
       0
       0
       1
       1
       1
       1
       1
       0
       0
       0
       0
       0
       0
       0
       0
       0
       0
       0
       0
       0
       1
       0
       0
       0
       0
       0
       1
       0
       0
       0
       1
       0
       1
       0
       0
       1
       0
       0
       0
       0
       0
       0
       0
       0
       0
       1
       0
       1
       1
       0
       0
       0
       0
       0
       0
       0
       1
       0
       1
       0
       0
       0
       0
       0
       0
       0
       0
       0
       0
       1
       0
       0
       0
       0
       0
       0
       0
       0
       0
       0
       0
       0
       0
       0
       0
       0
       0
       0
       0
       0
       0
       0
       0
       0
       0
       0
       0
       0
       0
       0
       1
       1
       0
       0
       0
       0
       0
       0
       1
       0
       1
       0
       1
       0
       0
       0
       0
       0
       0
       0
       0
       2
       0
       0
       0
       0
       0
       0
       1
       0
       0
       1
       0
       1
       0
       0
       0
       0
       0
       0
       0
       0
       0
       0
       1
       1
       0
       1
       1
       0
       0
       0
       1
       0
       1
       0
       2
       1
       0
       0
       2
       0
       0
       0
       0
       0
       0
       0
       0
       0
       0
       0
       0
       0
       1
       0
       0
       0
       1
       0
       0
       0
       0
       0
       0
       0
       0
       0
       0
       2
       1
       0
       4
       0
       0
       3
       1
       1
       0
       0
       0
       0
       0
       0
       0
       0
       0
       1
       1
       0
       2
       0
       2
       0
       2
       0
       1
       1
       0
       0
       0
       0
       1
       1
       0
       1
       0
       2
       1
       0
       1
       0
       0
       2
       1
       0
       1
       1
       0
       0
       1
       2
       1
       0
       0
       2
       0
       0
       3
       2
       0
       3
       1
       3
       0
       0
       3
       4
       4
       1
       0
       2
       0
       2
       1
       2
       0
       1
       1
       1
       0
       3
       1
       2
       3
       3
       0
       1
       1
       0
       2
       1
       2
       1
       2
       3
       2
       4
       1
       2
       2
       0
       1
       3
       1
       3
       3
       1
       0
       1
       2
       2
       1
       8
       3
       4
       3
       1
       4
       2
       4
       1
       5
       1
       2
       2
       3
       5
       1
       4
       2
       1
       2
       3
       7
       3
       3
       0
       3
       2
       3
       5
       4
       1
       4
       4
       2
       5
       6
       0
       6
       3
       1
       2
       7
       4
       2
       4
       0
       5
       2
       3
       2
       3
       1
       3
       2
       1
       2
       5
       2
       3
       1
       3
       1
       5
       4
       3
       3
       1
       4
       4
       1
       1
       4
       3
       3
       5
       2
       2
       4
       2
       2
       5
       0
       3
       5
       4
       1
       4
       4
       3
       3
       2
       8
       1
       3
       4
       4
       4
       6
       3
       3
       2
       3
       2
       4
       2
       2
       2
       4
       4
       6
       2
       2
       4
       0
       2
       2
       4
       1
       2
       3
       5
       0
       4
       4
       6
       1
       6
       2
       2
       2
       2
       0
       5
       1
       4
       4
       4
       3
       2
       0
       5
       4
       0
       3
       1
       3
       2
       1
       1
       3
       1
       1
       2
       4
       4
       1
       4
       1
       1
       5
       3
       1
       1
       3
       1
       5
       1
       3
       2
       2
       3
       1
       2
       2
       1
       3
       2
       2
       2
       1
       1
       3
       3
       2
       1
       4
       4
       1
       1
       2
       0
       2
       3
       3
       3
       1
       2
       1
       0
       1
       3
       1
       1
       1
       1
       0
       1
       2
       1
       0
       4
       2
       1
       3
       4
       2
       2
       1
       4
       0
       1
       2
       1
       0
       1
       1
       1
       0
       0
       0
       1
       2
       1
       1
       0
       0
       2
       0
       1
       1
       0
       1
       0
       1
       0
       0
       1
       3
       1
       0
       0
       1
       0
       0
       0
       1
       1
       0
       0
       0
       0
       0
       0
       1
       0
       2
       0
       0
       0
       1
       1
       1
       1
       0
       0
       0
       0
       0
       0
       0
       0
       0
       1
       0
       0
       0
       0
       0
       0
       0
       1
       0
       0
       0
       0
       1
       0
       0
       0
       0
       0
       0
       0
       0
       0
       0
       1
       0
       0
       0
       0
       0
       0
       0
       0
       0
       0
       0
       0
       0
       1
       0
       0
       0
       0
       0
       0
       1
       0
       0
       0
       0
       0
       0
       1
       0
       1
       0
       0
       0
       0
       0
       0
       0
       1
       0
       1
       1
       0
       0
       0
       1
       0
       0
       0
       0
       0
       0
       0
       0
       0
       2
       1
       1
       0
       1
       0
       2
       0
       0
       1
       0
       0
       0
       0
       0
       2
       0
       1
       0
       1
       1
       2
       0
       1
       0
       0
       2
       0
       2
       0
       1
       1
       1
       0
       0
       0
       0
       3
       2
       1
       0
       1
       0
       2
       2
       0
       0
       2
       1
       1
       0
       0
       0
       2
       1
       1
       1
       3
       0
       2
       0
       4
       1
       0
       1
       3
       1
       2
       2
       1
       1
       4
       3
       1
       2
       2
       0
       3
       2
       2
       1
       1
       1
       0
       2
       1
       2
       2
       1
       2
       2
       2
       2
       1
       0
       3
       1
       1
       4
       5
       1
       5
       1
       3
       1
       0
       1
       1
       3
       1
       2
       2
       3
       0
       2
       1
       1
       0
       5
       1
       1
       2
       2
       4
       4
       2
       2
       2
       2
       2
       0
       1
       1
       1
       4
       2
       1
       2
       1
       5
       8
       3
       2
       0
       3
       1
       1
       4
       2
       6
       3
       3
       1
       2
       1
       3
       5
       3
       2
       3
       0
       5
       5
       3
       2
       0
       1
       2
       0
       3
       1
       2
       1
       0
       1
       4
       2
       0
       0
       3
       2
       2
       2
       1
       2
       0
       1
       2
       1
       0
       0
       0
       1
       0
       0
       3
       0
       1
       1
       0
       4
       0
       2
       2
       0
       0
       2
       1
       0
       2
       0
       1
       0
       1
       0
       1
       0
       2
       0
       2
       2
       1
       0
       1
       1
       0
       0
       0
       0
       0
       0
       0
       1
       0
       0
       0
       1
       0
       0
       0
       0
       1
       1
       0
       0
       0
       0
       0
       0
       0
       1
       0
       0
       1
       0
       1
       0
       0
       1
       0
       0
       0
       0
       0
       1
       0
       0
       1
       0
       0
       0
       0
       0
       0
       0
       0
       0
       0
       0
       0
       0
       0
       0
       0
       0
       0
       0
       0
       0
       0
       0
       0
       0
       0
       1
       0
       0
       0
       0
       0
       0
       0
       0
       0
       0
       0
       0
       0
       0
       0
       0
       0
       0
       0
       0
       0
       0
       0
       0
       0
       0
       1
       0
       0
       0
       0
       0
       0
       0
       0
       1
       0
       0
       0
       0
       0
       0
       0
       0
       0
       0
       0
       0
       0
       0
       0
       0
       0
       0
       0
       0
       0
       0
       0
       0
       0
       0
       0
       1
       0
       0
       0
       0
       0
       0
       0
       0
       0
       0
       0
       0
       0
       0
       0
       0
       0
       0
       0
       0
       0
       0
       0
       0
       0
       0
       0
       0
       0
       0
       0
       0
       0
       1
       0
       0
       0
       0
       0
       0
       0
       0
       1
       0
       0
       0
       0
       0
       0
       0
       0
       0
       0
       0
       0
       0
       0
       0
       0
       0
       0
       0
       0
       0
       0
       0
       0
       0
       0
       0
       0
       0
       0
       0
       0
       1
       0
       0
       1
       0
       0
       0
       0
       0
       0
       0
       0
       0
       0
       0
       0
       0
       0
       0
       1
       0
       0
       0
       0
       0
       0
       0
       0
       0
       0
       0
       0
       0
       0
       0
       0
       0
       0
       0
       0
       0
       0
       0
       0
       0
       0
       0
       0
       0
       0
       0
       0
       0
       0
       0
       0
       0
       0
       0
       0
       0
       0
       0
       0
       0
       0
       0
       0
       0
       0
       0
       0
       0
       0
       0
       0
       0
       0
       0
       0
       0
       0
       0
       0
       0
       0
       0
       0
       0
       0
       0
       0
       0
       0
       0
       0
       0
       0
       0
       0
       0
       0
       0
       0
       0
       0
       0
       0
       0
       0
       0
       0
       0
       0
       0
       0
       0
       0
       0
       0
       0
       0
       0
       0
       0
       0
       0
       0
       0
       0
       0
       0
       0
       0
       0
       0
       0
       0
       0
       0
       0
       0
       0
       0
       0
       0
       0
       0
       0
       0
       0
       0
       0
       0
       0
       0
       0
       0
       0
       0
       0
       0
       0
       0
       0
       0
       0
       0
       0
       0
       0
       0
       0
       0
       0
       0
       0
       0
       0
       0
       0
       0
       0
       0
       0
       0
       0
       0
       0
       0
       0
       0
       0
       0
       0
       0
       0
       0
       0
       0
       0
       0
       0
       0
       0
       0
       0
       0
       0
       0
       0
       0
       0
       0
       0
       0
       0
       0
       0
       0
       0
       0
       0
       0
       0
       0
       0
       0
       0
       0
       0
       0
       0
       0
       0
       0
       0
       0
       0
       0
       0
       0
       0
       0
       0
       0
       0
       0
       0
       0
       0
       0
       0
       0
       0
       0
       0
       0
       0
       0
       0
       0
       0
       0
       0
       0
       0
       0
       0
       0
       0
       0
       0
       0
       0
       0
       0
       0
       0
       0
       0
       0
       0
       0
       0
$ROI:
1
921 1079
$PRESETS:
None
0
0
$ENER_FIT:
0.000000 6.583851
$MCA_CAL:
3
0.000000E+000 6.583851E+000 0.000000E+000 keV
$SHAPE_CAL:
3
0.000000E+000 0.000000E+000 0.000000E+000
