$SPEC_ID:
Run 608, Background
$SPEC_REM:
DET# 1
DETDESC# Electrostatic MCA
AP# Maestro Version 6.08
$DATE_MEA:
09/24/2020 16:21:39
$MEAS_TIM:
160956 255619
$DATA:
0 2047
       0
       0
       0
       0
       0
       0
       0
       0
       0
       0
       0
       0
       0
       0
       0
       0
       0
       0
       0
       0
       0
       0
       0
       0
       0
       0
       0
       0
       0
       0
       0
       0
       0
       0
       0
       0
       0
       0
       0
       0
       0
       0
       0
       0
       0
       0
       0
       0
       0
       0
       0
       0
       0
       0
       0
       0
       0
       0
       0
       0
       0
       0
       0
       0
       0
       0
       0
       0
       0
   87570
128956968
168792547
166301774
163806392
161218336
158625529
155948353
153283348
150555469
147787643
144989793
142212285
139374829
136559775
133717957
130890778
128053300
125189573
122345463
119510170
116709597
113874343
111101817
108303774
105549556
102827620
100119352
97429316
94783145
92161602
89564081
87038054
84515949
82051689
79608632
77201322
74854157
72554580
70266955
68040657
65855878
63695907
61617537
59554919
57552613
55601390
53672801
51822504
49997247
48207813
46479657
44794139
43171868
41552565
40006418
38501508
37037956
35607540
34231770
32888762
31598462
30329683
29126703
27935222
26799722
25690425
24635136
23601948
22603478
21643862
20719394
19823976
18961069
18129440
17340174
16565334
15818315
15113288
14432079
13767017
13140801
12531853
11950035
11388608
10857582
10338335
 9847288
 9375646
 8923061
 8488416
 8076682
 7674194
 7299593
 6939484
 6589746
 6259881
 5942002
 5643552
 5358511
 5082164
 4818754
 4567787
 4331774
 4106567
 3888521
 3688562
 3493245
 3305449
 3128459
 2958835
 2798907
 2645682
 2506227
 2368187
 2240868
 2114366
 1997074
 1887880
 1783184
 1679730
 1586274
 1495813
 1409442
 1330642
 1254043
 1179963
 1113614
 1048860
  989015
  931370
  877730
  824930
  776025
  730886
  687732
  645462
  606418
  568898
  538011
  502755
  473073
  445497
  416409
  391757
  366445
  345130
  324325
  302231
  284262
  266724
  248595
  234535
  219049
  205714
  191912
  181008
  169091
  157905
  147373
  137545
  129404
  120568
  113290
  105685
   99174
   92458
   87095
   80749
   75501
   71021
   66169
   62291
   57889
   54289
   50573
   47262
   44590
   41446
   38668
   36172
   34037
   32042
   29884
   27801
   26066
   24813
   22951
   21669
   20311
   19174
   17834
   16829
   15783
   14997
   14140
   13102
   12605
   11754
   11058
   10574
   10053
    9643
    9147
    8617
    8075
    7696
    7252
    6962
    6730
    6284
    5935
    5806
    5552
    5248
    5129
    4838
    4528
    4326
    4127
    4072
    3922
    3822
    3486
    3414
    3296
    3080
    2981
    2911
    2817
    2712
    2600
    2514
    2376
    2330
    2284
    2129
    2051
    2088
    1975
    1846
    1779
    1745
    1708
    1669
    1513
    1463
    1387
    1401
    1328
    1313
    1238
    1169
    1205
    1087
    1091
     994
     994
     912
     910
     876
     824
     824
     755
     716
     719
     722
     683
     658
     615
     621
     509
     555
     497
     508
     531
     449
     432
     453
     382
     389
     369
     400
     311
     310
     323
     301
     267
     305
     257
     250
     226
     236
     240
     204
     191
     175
     194
     174
     174
     168
     134
     153
     136
     131
     125
     131
     119
     104
      89
     104
      98
      82
      82
      82
      71
      73
      54
      62
      59
      59
      63
      49
      60
      28
      46
      43
      32
      31
      37
      23
      30
      29
      25
      24
      20
      21
      23
      25
      21
      14
      17
      14
       9
      10
      16
      11
       7
       8
       6
      11
      12
       7
       8
       8
       5
       5
       8
       4
       6
       4
       4
       4
       2
       4
       5
       5
       5
       4
       4
       5
      10
       3
       4
       2
       1
       3
       2
       3
       2
       4
       2
       3
       1
       1
       3
       2
       1
       2
       0
       2
       0
       2
       0
       1
       2
       3
       1
       2
       1
       2
       1
       1
       0
       2
       1
       0
       1
       1
       0
       2
       0
       0
       2
       2
       1
       0
       1
       0
       1
       0
       0
       0
       0
       1
       0
       0
       0
       1
       0
       1
       0
       0
       1
       0
       0
       0
       0
       1
       2
       0
       0
       1
       0
       0
       0
       0
       0
       0
       0
       0
       1
       1
       0
       0
       0
       0
       0
       1
       0
       1
       0
       0
       0
       0
       0
       0
       0
       2
       1
       0
       0
       0
       0
       0
       0
       0
       0
       0
       1
       1
       0
       0
       0
       0
       0
       0
       0
       0
       0
       1
       0
       0
       0
       0
       0
       0
       0
       0
       1
       0
       0
       0
       0
       0
       1
       0
       0
       0
       1
       0
       0
       0
       0
       1
       1
       0
       1
       0
       1
       0
       0
       1
       0
       0
       0
       0
       0
       1
       0
       1
       0
       1
       0
       0
       0
       0
       0
       0
       0
       0
       0
       0
       0
       0
       0
       0
       0
       0
       0
       0
       0
       0
       0
       0
       0
       0
       0
       0
       0
       0
       0
       0
       0
       0
       0
       0
       0
       0
       0
       0
       0
       2
       0
       0
       0
       0
       0
       0
       0
       0
       0
       0
       0
       0
       0
       0
       0
       0
       0
       0
       1
       0
       0
       0
       0
       0
       0
       1
       1
       0
       1
       0
       0
       0
       0
       0
       0
       0
       0
       0
       0
       0
       0
       0
       0
       1
       0
       0
       0
       0
       0
       0
       0
       0
       0
       1
       0
       1
       0
       0
       1
       0
       0
       0
       0
       0
       0
       0
       0
       0
       1
       0
       1
       0
       0
       0
       0
       0
       0
       0
       0
       0
       0
       0
       0
       0
       0
       0
       0
       0
       0
       0
       0
       0
       1
       0
       0
       0
       0
       0
       0
       0
       0
       0
       0
       0
       0
       0
       0
       0
       0
       0
       0
       0
       0
       0
       0
       0
       0
       0
       0
       0
       0
       0
       0
       1
       1
       0
       0
       0
       0
       0
       0
       0
       0
       0
       0
       0
       0
       0
       0
       0
       0
       0
       0
       0
       1
       0
       0
       0
       0
       0
       0
       0
       0
       0
       1
       0
       0
       0
       0
       0
       0
       0
       0
       0
       0
       0
       0
       1
       1
       0
       0
       1
       0
       0
       0
       0
       0
       1
       0
       1
       1
       0
       0
       1
       0
       0
       0
       0
       0
       0
       0
       0
       0
       0
       0
       0
       0
       0
       0
       0
       0
       0
       0
       0
       0
       0
       0
       0
       0
       0
       0
       0
       2
       0
       0
       0
       0
       0
       2
       0
       0
       0
       0
       0
       0
       0
       0
       0
       0
       0
       0
       0
       0
       0
       0
       0
       0
       2
       0
       0
       0
       0
       0
       0
       0
       1
       0
       0
       0
       0
       0
       1
       0
       1
       0
       0
       1
       0
       0
       0
       1
       0
       0
       0
       2
       0
       0
       0
       1
       0
       0
       0
       1
       0
       1
       0
       3
       0
       0
       3
       2
       1
       1
       0
       1
       0
       1
       1
       1
       0
       1
       0
       0
       0
       3
       1
       1
       1
       2
       0
       0
       0
       0
       2
       0
       2
       0
       2
       0
       0
       1
       1
       2
       2
       0
       0
       1
       0
       2
       2
       0
       0
       1
       0
       1
       1
       3
       2
       2
       3
       1
       4
       1
       1
       0
       2
       1
       2
       0
       2
       2
       1
       1
       1
       0
       1
       0
       4
       2
       2
       0
       3
       1
       1
       2
       1
       0
       2
       2
       0
       3
       3
       0
       4
       1
       1
       0
       3
       2
       0
       3
       0
       4
       1
       1
       1
       3
       1
       3
       1
       0
       1
       4
       2
       3
       1
       0
       1
       2
       2
       2
       3
       0
       2
       2
       0
       1
       3
       1
       2
       2
       1
       1
       3
       0
       1
       1
       0
       2
       3
       2
       0
       3
       1
       3
       1
       2
       3
       1
       0
       2
       4
       3
       4
       2
       3
       1
       3
       2
       2
       0
       2
       1
       4
       4
       2
       1
       2
       3
       0
       1
       1
       3
       0
       0
       0
       3
       0
       3
       2
       4
       0
       3
       1
       0
       2
       1
       0
       3
       1
       1
       2
       3
       3
       2
       0
       3
       4
       0
       2
       0
       2
       2
       1
       1
       1
       0
       1
       1
       3
       2
       0
       3
       1
       1
       3
       2
       1
       0
       2
       0
       2
       1
       2
       2
       1
       2
       0
       2
       2
       1
       0
       2
       1
       0
       1
       1
       3
       2
       2
       1
       3
       1
       0
       0
       2
       0
       1
       3
       2
       2
       1
       2
       1
       0
       0
       2
       1
       0
       1
       1
       0
       1
       2
       1
       0
       3
       1
       0
       1
       4
       2
       0
       0
       4
       0
       1
       0
       1
       0
       1
       1
       1
       0
       0
       0
       1
       2
       1
       0
       0
       0
       1
       0
       0
       0
       0
       1
       0
       0
       0
       0
       0
       2
       1
       0
       0
       0
       0
       0
       0
       1
       1
       0
       0
       0
       0
       0
       0
       0
       0
       0
       0
       0
       0
       0
       1
       0
       1
       0
       0
       0
       0
       0
       0
       0
       0
       0
       0
       0
       0
       0
       0
       0
       0
       0
       1
       0
       0
       0
       0
       1
       0
       0
       0
       0
       0
       0
       0
       0
       0
       0
       1
       0
       0
       0
       0
       0
       0
       0
       0
       0
       0
       0
       0
       0
       1
       0
       0
       0
       0
       0
       0
       0
       0
       0
       0
       0
       0
       0
       0
       0
       1
       0
       0
       0
       0
       0
       0
       0
       1
       0
       1
       1
       0
       0
       0
       1
       0
       0
       0
       0
       0
       0
       0
       0
       0
       2
       1
       0
       0
       1
       0
       2
       0
       0
       0
       0
       0
       0
       0
       0
       0
       0
       1
       0
       1
       1
       1
       0
       0
       0
       0
       1
       0
       2
       0
       0
       0
       1
       0
       0
       0
       0
       0
       1
       0
       0
       0
       0
       2
       1
       0
       0
       1
       1
       1
       0
       0
       0
       1
       0
       0
       0
       3
       0
       2
       0
       2
       0
       0
       1
       3
       1
       1
       2
       1
       0
       1
       2
       1
       2
       1
       0
       2
       0
       0
       1
       1
       1
       0
       1
       0
       1
       2
       0
       1
       2
       1
       1
       0
       0
       2
       1
       1
       4
       4
       0
       2
       0
       2
       1
       0
       0
       1
       2
       1
       2
       0
       3
       0
       1
       1
       1
       0
       5
       0
       1
       1
       0
       4
       3
       0
       1
       2
       2
       1
       0
       0
       0
       1
       2
       1
       1
       1
       1
       4
       7
       3
       2
       0
       1
       1
       0
       2
       0
       3
       2
       1
       1
       2
       1
       3
       3
       3
       1
       3
       0
       5
       2
       2
       1
       0
       1
       2
       0
       2
       1
       1
       1
       0
       1
       3
       2
       0
       0
       2
       2
       1
       1
       0
       1
       0
       1
       1
       1
       0
       0
       0
       1
       0
       0
       2
       0
       0
       1
       0
       2
       0
       2
       1
       0
       0
       2
       0
       0
       0
       0
       1
       0
       1
       0
       1
       0
       1
       0
       2
       1
       1
       0
       1
       0
       0
       0
       0
       0
       0
       0
       0
       1
       0
       0
       0
       1
       0
       0
       0
       0
       1
       1
       0
       0
       0
       0
       0
       0
       0
       0
       0
       0
       1
       0
       1
       0
       0
       0
       0
       0
       0
       0
       0
       1
       0
       0
       1
       0
       0
       0
       0
       0
       0
       0
       0
       0
       0
       0
       0
       0
       0
       0
       0
       0
       0
       0
       0
       0
       0
       0
       0
       0
       0
       0
       0
       0
       0
       0
       0
       0
       0
       0
       0
       0
       0
       0
       0
       0
       0
       0
       0
       0
       0
       0
       0
       0
       0
       0
       0
       0
       1
       0
       0
       0
       0
       0
       0
       0
       0
       0
       0
       0
       0
       0
       0
       0
       0
       0
       0
       0
       0
       0
       0
       0
       0
       0
       0
       0
       0
       0
       0
       0
       0
       0
       0
       0
       0
       1
       0
       0
       0
       0
       0
       0
       0
       0
       0
       0
       0
       0
       0
       0
       0
       0
       0
       0
       0
       0
       0
       0
       0
       0
       0
       0
       0
       0
       0
       0
       0
       0
       0
       1
       0
       0
       0
       0
       0
       0
       0
       0
       0
       0
       0
       0
       0
       0
       0
       0
       0
       0
       0
       0
       0
       0
       0
       0
       0
       0
       0
       0
       0
       0
       0
       0
       0
       0
       0
       0
       0
       0
       0
       0
       0
       0
       0
       0
       1
       0
       0
       0
       0
       0
       0
       0
       0
       0
       0
       0
       0
       0
       0
       0
       1
       0
       0
       0
       0
       0
       0
       0
       0
       0
       0
       0
       0
       0
       0
       0
       0
       0
       0
       0
       0
       0
       0
       0
       0
       0
       0
       0
       0
       0
       0
       0
       0
       0
       0
       0
       0
       0
       0
       0
       0
       0
       0
       0
       0
       0
       0
       0
       0
       0
       0
       0
       0
       0
       0
       0
       0
       0
       0
       0
       0
       0
       0
       0
       0
       0
       0
       0
       0
       0
       0
       0
       0
       0
       0
       0
       0
       0
       0
       0
       0
       0
       0
       0
       0
       0
       0
       0
       0
       0
       0
       0
       0
       0
       0
       0
       0
       0
       0
       0
       0
       0
       0
       0
       0
       0
       0
       0
       0
       0
       0
       0
       0
       0
       0
       0
       0
       0
       0
       0
       0
       0
       0
       0
       0
       0
       0
       0
       0
       0
       0
       0
       0
       0
       0
       0
       0
       0
       0
       0
       0
       0
       0
       0
       0
       0
       0
       0
       0
       0
       0
       0
       0
       0
       0
       0
       0
       0
       0
       0
       0
       0
       0
       0
       0
       0
       0
       0
       0
       0
       0
       0
       0
       0
       0
       0
       0
       0
       0
       0
       0
       0
       0
       0
       0
       0
       0
       0
       0
       0
       0
       0
       0
       0
       0
       0
       0
       0
       0
       0
       0
       0
       0
       0
       0
       0
       0
       0
       0
       0
       0
       0
       0
       0
       0
       0
       0
       0
       0
       0
       0
       0
       0
       0
       0
       0
       0
       0
       0
       0
       0
       0
       0
       0
       0
       0
       0
       0
       0
       0
       0
       0
       0
       0
       0
       0
       0
       0
       0
       0
       0
       0
       0
       0
       0
       0
       0
       0
       0
       0
       0
       0
       0
       0
       0
       0
$ROI:
1
921 1079
$PRESETS:
None
0
0
$ENER_FIT:
0.000000 6.583851
$MCA_CAL:
3
0.000000E+000 6.583851E+000 0.000000E+000 keV
$SHAPE_CAL:
3
0.000000E+000 0.000000E+000 0.000000E+000
