$SPEC_ID:
Run 608, Background
$SPEC_REM:
DET# 1
DETDESC# Electrostatic MCA
AP# Maestro Version 6.08
$DATE_MEA:
09/24/2020 16:21:39
$MEAS_TIM:
305549 504038
$DATA:
0 2047
       0
       0
       0
       0
       0
       0
       0
       0
       0
       0
       0
       0
       0
       0
       0
       0
       0
       0
       0
       0
       0
       0
       0
       0
       0
       0
       0
       0
       0
       0
       0
       0
       0
       0
       0
       0
       0
       0
       0
       0
       0
       0
       0
       0
       0
       0
       0
       0
       0
       0
       0
       0
       0
       0
       0
       0
       0
       0
       0
       0
       0
       0
       0
       0
       0
       0
       0
       0
       0
  191208
249235537
326157965
322543040
318868559
315013383
311112680
307088486
302992658
298814327
294516103
290148788
285776013
281296799
276793057
272212334
267645686
263014283
258334076
253644912
248925931
244240694
239456598
234746203
230009548
225277020
220571910
215850131
211181328
206527321
201902583
197290386
192758217
188187236
183711940
179218527
174858197
170468242
166210968
161954045
157743812
153592437
149512258
145482961
141525539
137615545
133809037
130013238
126334576
122691480
119128488
115610505
112181786
108830561
105517681
102297828
99150355
96079589
93051927
90112784
87239548
84431726
81672974
79007188
76404285
73868091
71386855
68988960
66632399
64336546
62140766
59969981
57877660
55838658
53871274
51958647
50076786
48266135
46525894
44835114
43191197
41600185
40058230
38560021
37109968
35723691
34367979
33057378
31806326
30574658
29402145
28260107
27157751
26097704
25080716
24092301
23135760
22211588
21332845
20473555
19653301
18866023
18098496
17376207
16660465
15989050
15337085
14698777
14094399
13514668
12949783
12413409
11894467
11400361
10919730
10468834
10021390
 9600370
 9194791
 8808054
 8431149
 8067049
 7721293
 7391198
 7073015
 6769913
 6474678
 6192866
 5928297
 5671517
 5423922
 5184298
 4957859
 4745232
 4535191
 4334965
 4144221
 3959483
 3776890
 3617036
 3452055
 3301632
 3153534
 3010831
 2876515
 2748260
 2624279
 2505797
 2390349
 2280815
 2179567
 2075155
 1982461
 1893630
 1806228
 1721967
 1642680
 1568691
 1493689
 1425299
 1357790
 1293705
 1234360
 1178075
 1121980
 1068406
 1018684
  971899
  924562
  880990
  839231
  801068
  760879
  723484
  691113
  656983
  626659
  594714
  566005
  538276
  512555
  487192
  464253
  442061
  418730
  397651
  379855
  361162
  342557
  324937
  309513
  294301
  279615
  265864
  252685
  239621
  227499
  216344
  205810
  195550
  184557
  175911
  166821
  158779
  150087
  142838
  135925
  128312
  122144
  115616
  109516
  103862
   98382
   93496
   88904
   84376
   80252
   75844
   71092
   67689
   64174
   60815
   57555
   54532
   51792
   49260
   46839
   44084
   41767
   39603
   37416
   35437
   33801
   31570
   30169
   28601
   26808
   25407
   24090
   23158
   21429
   20458
   19480
   18286
   17324
   16329
   15588
   14794
   14115
   13339
   12749
   11775
   11227
   10620
    9990
    9603
    8897
    8419
    8011
    7656
    7209
    6931
    6636
    6075
    5768
    5691
    5233
    5064
    4717
    4448
    4317
    3982
    3818
    3641
    3472
    3259
    3129
    2873
    2927
    2667
    2521
    2375
    2358
    2079
    1957
    1809
    1794
    1618
    1621
    1551
    1497
    1438
    1369
    1319
    1162
    1080
    1082
    1002
     987
     973
     945
     847
     841
     796
     745
     715
     660
     598
     601
     547
     574
     564
     508
     464
     464
     448
     401
     366
     367
     322
     329
     334
     322
     286
     255
     252
     254
     240
     234
     221
     194
     180
     200
     181
     170
     170
     167
     156
     144
     148
     118
     109
     129
     102
      90
     119
      90
      96
      92
      72
      87
      89
      74
      84
      58
      57
      63
      59
      50
      53
      46
      44
      53
      50
      48
      45
      42
      47
      38
      24
      32
      45
      38
      28
      34
      26
      20
      31
      25
      14
      30
      17
      24
      19
      16
      19
      22
      12
      13
      20
      13
       6
       9
      10
      10
      10
       6
      12
       8
      12
       7
      13
       6
       5
       7
       5
       6
      10
       3
       9
       7
       5
       3
       6
       3
       3
       4
       3
       2
       3
       7
       2
       2
       2
       4
       2
       3
       1
       7
       3
       2
       3
       2
       1
       3
       2
       1
       2
       2
       4
       2
       1
       2
       1
       3
       2
       0
       0
       1
       2
       0
       2
       2
       0
       1
       0
       1
       0
       2
       1
       1
       1
       1
       2
       0
       0
       0
       2
       2
       1
       0
       0
       1
       0
       2
       2
       1
       1
       0
       2
       2
       0
       2
       0
       0
       2
       0
       0
       1
       0
       1
       1
       0
       0
       2
       0
       0
       1
       0
       3
       0
       1
       0
       1
       1
       1
       0
       1
       0
       1
       0
       1
       0
       1
       3
       1
       0
       1
       3
       1
       1
       0
       1
       1
       1
       0
       0
       0
       1
       1
       2
       0
       2
       0
       0
       1
       0
       0
       1
       0
       0
       0
       0
       0
       1
       1
       0
       0
       0
       0
       0
       1
       0
       2
       1
       0
       0
       0
       0
       0
       1
       1
       0
       0
       0
       0
       0
       1
       0
       1
       1
       0
       2
       0
       0
       0
       0
       1
       0
       0
       0
       0
       0
       0
       0
       0
       0
       0
       0
       0
       1
       1
       0
       0
       0
       0
       0
       0
       1
       1
       1
       1
       1
       0
       0
       0
       0
       1
       0
       0
       0
       0
       0
       0
       0
       0
       1
       0
       0
       0
       0
       0
       1
       0
       0
       0
       1
       0
       1
       0
       0
       1
       0
       0
       0
       1
       0
       0
       0
       0
       0
       1
       0
       1
       1
       0
       0
       0
       0
       0
       0
       0
       1
       0
       1
       0
       0
       0
       1
       0
       0
       0
       0
       0
       0
       1
       0
       0
       0
       0
       0
       0
       0
       0
       0
       0
       0
       0
       0
       0
       0
       0
       0
       0
       0
       0
       0
       0
       0
       1
       0
       0
       0
       0
       0
       0
       1
       1
       0
       0
       0
       0
       0
       0
       1
       0
       1
       0
       1
       0
       0
       0
       0
       0
       0
       0
       0
       2
       0
       0
       0
       0
       0
       0
       1
       0
       0
       1
       0
       1
       0
       0
       0
       0
       0
       0
       0
       0
       0
       0
       1
       1
       0
       1
       1
       0
       0
       0
       1
       0
       1
       0
       2
       1
       0
       0
       2
       0
       0
       0
       0
       0
       0
       0
       0
       0
       0
       0
       0
       0
       1
       0
       0
       0
       2
       0
       0
       0
       0
       0
       0
       0
       0
       0
       0
       2
       1
       0
       4
       0
       0
       3
       1
       1
       0
       0
       1
       0
       0
       0
       0
       0
       0
       1
       1
       0
       2
       0
       2
       0
       2
       0
       1
       1
       0
       0
       1
       0
       1
       1
       0
       1
       0
       2
       1
       0
       1
       0
       0
       2
       1
       0
       1
       1
       0
       0
       1
       2
       1
       0
       0
       2
       0
       0
       3
       2
       0
       3
       1
       3
       0
       0
       3
       4
       4
       1
       0
       2
       0
       2
       1
       2
       0
       1
       1
       1
       0
       3
       2
       2
       3
       3
       0
       1
       1
       0
       2
       1
       3
       1
       2
       3
       2
       4
       1
       2
       3
       0
       1
       3
       1
       3
       3
       1
       0
       1
       2
       2
       1
       8
       3
       4
       3
       1
       4
       2
       4
       1
       7
       1
       2
       2
       4
       7
       1
       4
       2
       1
       2
       3
       7
       3
       3
       0
       3
       2
       3
       5
       4
       1
       4
       4
       2
       5
       6
       0
       6
       3
       1
       2
       7
       4
       2
       4
       0
       5
       2
       3
       3
       3
       1
       3
       3
       1
       2
       5
       2
       3
       2
       3
       1
       5
       4
       3
       3
       1
       4
       4
       1
       1
       4
       3
       3
       5
       2
       2
       6
       2
       3
       6
       1
       3
       5
       4
       1
       4
       4
       3
       4
       2
       9
       1
       3
       4
       4
       4
       6
       3
       3
       2
       3
       2
       4
       2
       2
       2
       5
       4
       6
       2
       2
       4
       0
       2
       3
       4
       1
       3
       3
       5
       0
       4
       4
       6
       1
       6
       2
       2
       2
       2
       0
       5
       1
       4
       5
       4
       3
       3
       0
       5
       4
       0
       3
       2
       3
       2
       2
       1
       3
       1
       1
       2
       5
       4
       1
       5
       1
       1
       5
       3
       1
       1
       3
       1
       5
       1
       3
       2
       2
       3
       1
       2
       2
       1
       3
       2
       2
       2
       1
       2
       3
       3
       2
       1
       4
       4
       1
       1
       2
       0
       2
       3
       3
       3
       1
       2
       1
       0
       1
       3
       1
       1
       1
       1
       0
       1
       2
       1
       0
       4
       3
       1
       3
       4
       2
       2
       1
       4
       0
       2
       2
       1
       0
       1
       1
       1
       0
       0
       0
       1
       2
       1
       1
       0
       0
       2
       0
       1
       1
       0
       1
       0
       1
       0
       0
       1
       3
       1
       0
       0
       1
       0
       0
       0
       1
       1
       0
       1
       0
       0
       0
       0
       1
       0
       2
       0
       0
       0
       1
       1
       1
       1
       0
       0
       0
       0
       0
       0
       0
       0
       0
       1
       0
       0
       0
       0
       0
       0
       0
       1
       0
       0
       0
       0
       1
       0
       0
       0
       0
       0
       0
       0
       0
       0
       0
       1
       0
       0
       0
       0
       0
       0
       0
       0
       0
       0
       0
       0
       0
       1
       0
       0
       0
       0
       0
       0
       1
       0
       0
       0
       0
       0
       0
       2
       0
       1
       0
       0
       0
       0
       0
       0
       0
       1
       0
       1
       1
       0
       0
       0
       1
       0
       0
       0
       0
       0
       0
       0
       0
       0
       2
       1
       1
       0
       1
       0
       2
       0
       0
       1
       0
       0
       0
       0
       0
       2
       0
       1
       0
       1
       1
       2
       0
       1
       0
       0
       2
       0
       2
       0
       1
       1
       1
       0
       0
       0
       0
       3
       2
       1
       0
       1
       0
       2
       2
       0
       0
       2
       1
       1
       0
       0
       0
       2
       1
       1
       1
       3
       0
       2
       0
       4
       1
       0
       1
       3
       1
       2
       2
       2
       1
       4
       3
       2
       2
       2
       0
       3
       2
       2
       1
       1
       1
       0
       2
       1
       2
       2
       1
       2
       2
       2
       2
       1
       0
       3
       1
       1
       4
       5
       1
       5
       2
       4
       1
       0
       1
       1
       3
       1
       2
       2
       3
       0
       2
       1
       1
       0
       5
       1
       1
       2
       2
       4
       4
       2
       2
       2
       2
       2
       0
       1
       2
       1
       4
       2
       1
       2
       1
       5
       8
       3
       2
       0
       3
       1
       1
       4
       2
       6
       3
       3
       1
       2
       1
       3
       5
       3
       2
       3
       0
       5
       5
       3
       2
       0
       1
       2
       0
       3
       1
       2
       1
       0
       1
       4
       2
       0
       0
       3
       2
       2
       2
       2
       2
       0
       1
       2
       1
       0
       0
       0
       1
       0
       0
       3
       0
       1
       2
       0
       4
       0
       3
       2
       0
       0
       2
       1
       0
       2
       0
       1
       0
       1
       0
       1
       0
       2
       0
       2
       2
       1
       0
       1
       1
       0
       0
       0
       0
       0
       0
       0
       1
       0
       0
       0
       1
       0
       0
       0
       0
       1
       1
       0
       0
       0
       0
       0
       0
       0
       1
       0
       0
       1
       0
       1
       0
       0
       1
       0
       0
       0
       0
       0
       1
       0
       0
       1
       0
       0
       0
       0
       0
       0
       0
       0
       0
       0
       0
       0
       0
       0
       0
       0
       0
       0
       0
       0
       0
       0
       0
       0
       0
       0
       1
       0
       0
       0
       0
       0
       0
       0
       0
       0
       0
       0
       0
       0
       0
       0
       0
       0
       0
       0
       0
       0
       0
       0
       0
       0
       0
       1
       0
       0
       0
       0
       0
       0
       0
       0
       1
       0
       0
       0
       0
       0
       0
       0
       0
       0
       0
       0
       0
       0
       0
       0
       0
       0
       0
       0
       0
       0
       0
       0
       0
       0
       0
       0
       1
       0
       0
       0
       0
       0
       0
       0
       0
       0
       0
       0
       0
       0
       0
       0
       0
       0
       0
       0
       0
       0
       0
       0
       0
       0
       0
       0
       0
       0
       0
       0
       0
       0
       1
       0
       0
       0
       0
       0
       0
       0
       0
       1
       0
       0
       0
       0
       0
       0
       0
       0
       0
       0
       0
       0
       0
       0
       0
       0
       0
       0
       0
       0
       0
       0
       0
       0
       0
       0
       0
       0
       0
       0
       0
       0
       1
       0
       0
       1
       0
       0
       0
       0
       0
       0
       0
       0
       0
       0
       0
       0
       0
       0
       0
       1
       0
       0
       0
       0
       0
       0
       0
       0
       0
       0
       0
       0
       0
       0
       0
       0
       0
       0
       0
       0
       0
       0
       0
       0
       0
       0
       0
       0
       0
       0
       0
       0
       0
       0
       0
       0
       0
       0
       0
       0
       0
       0
       0
       0
       0
       0
       0
       0
       0
       0
       0
       0
       0
       0
       0
       0
       0
       0
       0
       0
       0
       0
       0
       0
       0
       0
       0
       0
       0
       0
       0
       0
       0
       0
       0
       0
       0
       0
       0
       0
       0
       0
       0
       0
       0
       0
       0
       0
       0
       0
       0
       0
       0
       0
       0
       0
       0
       0
       0
       0
       0
       0
       0
       0
       0
       0
       0
       0
       0
       0
       0
       0
       0
       0
       0
       0
       0
       0
       0
       0
       0
       0
       0
       0
       0
       0
       0
       0
       0
       0
       0
       0
       0
       0
       0
       0
       0
       0
       0
       0
       0
       0
       0
       0
       0
       0
       0
       0
       0
       0
       0
       0
       0
       0
       0
       0
       0
       0
       0
       0
       0
       0
       0
       0
       0
       0
       0
       0
       0
       0
       0
       0
       0
       0
       0
       0
       0
       0
       0
       0
       0
       0
       0
       0
       0
       0
       0
       0
       0
       0
       0
       0
       0
       0
       0
       0
       0
       0
       0
       0
       0
       0
       0
       0
       0
       0
       0
       0
       0
       0
       0
       0
       0
       0
       0
       0
       0
       0
       0
       0
       0
       0
       0
       0
       0
       0
       0
       0
       0
       0
       0
       0
       0
       0
       0
       0
       0
       0
       0
       0
       0
       0
       0
       0
       0
       0
       0
       0
       0
       0
       0
       0
       0
       0
       0
       0
       0
       0
       0
       0
       0
       0
       0
       0
       0
$ROI:
1
921 1079
$PRESETS:
None
0
0
$ENER_FIT:
0.000000 6.583851
$MCA_CAL:
3
0.000000E+000 6.583851E+000 0.000000E+000 keV
$SHAPE_CAL:
3
0.000000E+000 0.000000E+000 0.000000E+000
