$SPEC_ID:
Run 608, Background
$SPEC_REM:
DET# 1
DETDESC# Electrostatic MCA
AP# Maestro Version 6.08
$DATE_MEA:
09/24/2020 16:21:39
$MEAS_TIM:
120069 187214
$DATA:
0 2047
       0
       0
       0
       0
       0
       0
       0
       0
       0
       0
       0
       0
       0
       0
       0
       0
       0
       0
       0
       0
       0
       0
       0
       0
       0
       0
       0
       0
       0
       0
       0
       0
       0
       0
       0
       0
       0
       0
       0
       0
       0
       0
       0
       0
       0
       0
       0
       0
       0
       0
       0
       0
       0
       0
       0
       0
       0
       0
       0
       0
       0
       0
       0
       0
       0
       0
       0
       0
       0
   60837
93911744
122855518
120810901
118758460
116658150
114544630
112392426
110239412
108049772
105831633
103615932
101408431
99171147
96949961
94720499
92505908
90285228
88071410
85860514
83681693
81525520
79356031
77235304
75105878
73005031
70954030
68907593
66900622
64906243
62949624
61022816
59155211
57286082
55466744
53669713
51915616
50201212
48527163
46876239
45272883
43690568
42145673
40663705
39193022
37774964
36386619
35030366
33738328
32458361
31206859
30011416
28838313
27718287
26606986
25542565
24514835
23522513
22546663
21618834
20713473
19846997
18995316
18194501
17398563
16655830
15915673
15224266
14544333
13891179
13264267
12667586
12088939
11532062
10998513
10488467
 9998862
 9518714
 9074760
 8642587
 8223306
 7827024
 7447607
 7086297
 6735297
 6405457
 6086683
 5779523
 5490154
 5214877
 4947210
 4698585
 4451508
 4225832
 4008686
 3799780
 3600357
 3410878
 3231251
 3062714
 2897224
 2743538
 2594650
 2456095
 2322576
 2194889
 2078003
 1963771
 1857110
 1751477
 1654280
 1563106
 1472807
 1393082
 1315733
 1241114
 1169641
 1102935
 1040046
  981275
  922940
  870736
  819182
  770707
  727030
  683811
  641808
  605552
  570232
  536180
  503884
  474288
  445183
  419173
  393541
  369657
  347235
  325607
  304909
  288121
  269048
  252957
  237840
  221756
  209144
  194900
  183636
  172081
  160591
  151083
  141351
  131690
  124502
  115765
  108870
  101615
   95820
   89237
   83533
   77499
   72764
   68285
   63799
   59739
   55626
   52366
   48683
   46048
   42800
   40046
   37768
   35287
   33174
   30605
   28778
   26834
   25126
   23936
   21957
   20643
   19247
   18206
   17155
   16004
   15097
   13934
   13390
   12472
   11679
   10987
   10588
    9885
    9222
    8757
    8194
    7780
    7213
    7046
    6616
    6070
    5990
    5669
    5465
    5130
    4911
    4512
    4286
    4149
    4016
    3866
    3534
    3367
    3331
    3128
    2997
    3001
    2711
    2594
    2508
    2398
    2371
    2300
    2242
    2032
    1985
    1920
    1779
    1783
    1679
    1657
    1624
    1525
    1446
    1375
    1341
    1327
    1272
    1212
    1244
    1142
    1048
    1086
     999
     992
     965
     899
     855
     825
     806
     774
     740
     707
     666
     689
     635
     613
     559
     565
     491
     519
     499
     435
     465
     410
     392
     413
     408
     389
     360
     347
     346
     285
     304
     267
     259
     290
     224
     246
     249
     226
     219
     217
     228
     162
     160
     181
     157
     141
     165
     142
     129
     119
     130
     127
     113
     114
      96
     104
      84
      90
      87
      67
      70
      72
      75
      67
      71
      63
      57
      49
      46
      46
      51
      51
      51
      38
      40
      29
      32
      35
      31
      29
      32
      36
      15
      24
      21
      16
      16
      14
      14
      14
      14
       9
      12
      15
       6
      12
      15
       8
       5
       8
       9
       3
       5
       8
       7
       4
       3
       3
       4
       7
       4
       3
       5
       4
       2
       5
       3
       3
       2
       1
       0
       1
       2
       2
       2
       1
       2
       1
       2
       8
       2
       3
       2
       1
       0
       1
       2
       1
       2
       0
       2
       1
       1
       3
       1
       1
       1
       0
       2
       0
       0
       0
       1
       1
       1
       0
       1
       1
       2
       1
       0
       0
       1
       1
       0
       1
       1
       0
       2
       0
       0
       1
       2
       0
       0
       1
       0
       1
       0
       0
       0
       0
       0
       0
       0
       0
       1
       0
       1
       0
       0
       0
       0
       0
       0
       0
       0
       1
       0
       0
       1
       0
       0
       0
       0
       0
       0
       0
       0
       1
       0
       0
       0
       0
       0
       0
       1
       0
       1
       0
       0
       0
       0
       0
       0
       0
       2
       1
       0
       0
       0
       0
       0
       0
       0
       0
       0
       1
       1
       0
       0
       0
       0
       0
       0
       0
       0
       0
       0
       0
       0
       0
       0
       0
       0
       0
       0
       1
       0
       0
       0
       0
       0
       1
       0
       0
       0
       1
       0
       0
       0
       0
       1
       1
       0
       0
       0
       1
       0
       0
       0
       0
       0
       0
       0
       0
       1
       0
       1
       0
       1
       0
       0
       0
       0
       0
       0
       0
       0
       0
       0
       0
       0
       0
       0
       0
       0
       0
       0
       0
       0
       0
       0
       0
       0
       0
       0
       0
       0
       0
       0
       0
       0
       0
       0
       0
       0
       0
       0
       0
       2
       0
       0
       0
       0
       0
       0
       0
       0
       0
       0
       0
       0
       0
       0
       0
       0
       0
       0
       0
       0
       0
       0
       0
       0
       0
       1
       0
       0
       0
       0
       0
       0
       0
       0
       0
       0
       0
       0
       0
       0
       0
       0
       0
       1
       0
       0
       0
       0
       0
       0
       0
       0
       0
       1
       0
       0
       0
       0
       1
       0
       0
       0
       0
       0
       0
       0
       0
       0
       1
       0
       0
       0
       0
       0
       0
       0
       0
       0
       0
       0
       0
       0
       0
       0
       0
       0
       0
       0
       0
       0
       0
       0
       1
       0
       0
       0
       0
       0
       0
       0
       0
       0
       0
       0
       0
       0
       0
       0
       0
       0
       0
       0
       0
       0
       0
       0
       0
       0
       0
       0
       0
       0
       0
       1
       1
       0
       0
       0
       0
       0
       0
       0
       0
       0
       0
       0
       0
       0
       0
       0
       0
       0
       0
       0
       1
       0
       0
       0
       0
       0
       0
       0
       0
       0
       0
       0
       0
       0
       0
       0
       0
       0
       0
       0
       0
       0
       0
       1
       0
       0
       0
       0
       0
       0
       0
       0
       0
       1
       0
       1
       1
       0
       0
       0
       0
       0
       0
       0
       0
       0
       0
       0
       0
       0
       0
       0
       0
       0
       0
       0
       0
       0
       0
       0
       0
       0
       0
       0
       0
       0
       0
       0
       2
       0
       0
       0
       0
       0
       1
       0
       0
       0
       0
       0
       0
       0
       0
       0
       0
       0
       0
       0
       0
       0
       0
       0
       0
       2
       0
       0
       0
       0
       0
       0
       0
       0
       0
       0
       0
       0
       0
       0
       0
       1
       0
       0
       1
       0
       0
       0
       0
       0
       0
       0
       2
       0
       0
       0
       1
       0
       0
       0
       0
       0
       0
       0
       3
       0
       0
       2
       0
       1
       1
       0
       0
       0
       1
       1
       1
       0
       0
       0
       0
       0
       2
       1
       1
       1
       1
       0
       0
       0
       0
       2
       0
       2
       0
       2
       0
       0
       0
       1
       0
       2
       0
       0
       0
       0
       2
       2
       0
       0
       1
       0
       0
       1
       2
       1
       2
       3
       1
       4
       1
       1
       0
       2
       0
       2
       0
       2
       2
       1
       1
       1
       0
       0
       0
       2
       1
       2
       0
       3
       1
       1
       1
       0
       0
       2
       1
       0
       2
       1
       0
       4
       1
       1
       0
       3
       0
       0
       2
       0
       1
       1
       1
       1
       3
       1
       2
       1
       0
       0
       3
       0
       2
       1
       0
       1
       1
       1
       0
       1
       0
       2
       0
       0
       1
       3
       1
       2
       1
       1
       0
       2
       0
       1
       0
       0
       2
       3
       2
       0
       2
       1
       3
       1
       0
       3
       1
       0
       1
       2
       3
       1
       2
       3
       1
       2
       1
       2
       0
       1
       1
       3
       2
       2
       1
       1
       3
       0
       0
       0
       3
       0
       0
       0
       2
       0
       3
       1
       3
       0
       3
       0
       0
       2
       0
       0
       3
       0
       1
       1
       3
       3
       2
       0
       2
       2
       0
       2
       0
       1
       2
       1
       1
       1
       0
       1
       1
       0
       2
       0
       3
       1
       1
       3
       2
       1
       0
       1
       0
       1
       1
       2
       2
       1
       2
       0
       1
       0
       1
       0
       1
       1
       0
       0
       1
       3
       2
       1
       1
       2
       1
       0
       0
       1
       0
       1
       2
       2
       2
       1
       0
       1
       0
       0
       2
       1
       0
       1
       1
       0
       1
       2
       1
       0
       2
       1
       0
       0
       4
       2
       0
       0
       3
       0
       1
       0
       1
       0
       1
       0
       0
       0
       0
       0
       0
       2
       0
       0
       0
       0
       1
       0
       0
       0
       0
       0
       0
       0
       0
       0
       0
       2
       0
       0
       0
       0
       0
       0
       0
       1
       1
       0
       0
       0
       0
       0
       0
       0
       0
       0
       0
       0
       0
       0
       1
       0
       1
       0
       0
       0
       0
       0
       0
       0
       0
       0
       0
       0
       0
       0
       0
       0
       0
       0
       0
       0
       0
       0
       0
       0
       0
       0
       0
       0
       0
       0
       0
       0
       0
       0
       1
       0
       0
       0
       0
       0
       0
       0
       0
       0
       0
       0
       0
       0
       1
       0
       0
       0
       0
       0
       0
       0
       0
       0
       0
       0
       0
       0
       0
       0
       1
       0
       0
       0
       0
       0
       0
       0
       1
       0
       0
       0
       0
       0
       0
       0
       0
       0
       0
       0
       0
       0
       0
       0
       0
       2
       1
       0
       0
       1
       0
       1
       0
       0
       0
       0
       0
       0
       0
       0
       0
       0
       0
       0
       1
       1
       1
       0
       0
       0
       0
       0
       0
       2
       0
       0
       0
       0
       0
       0
       0
       0
       0
       1
       0
       0
       0
       0
       1
       1
       0
       0
       1
       1
       1
       0
       0
       0
       0
       0
       0
       0
       3
       0
       1
       0
       2
       0
       0
       0
       3
       1
       1
       2
       1
       0
       1
       1
       1
       0
       0
       0
       2
       0
       0
       1
       1
       0
       0
       1
       0
       1
       2
       0
       1
       1
       1
       1
       0
       0
       1
       1
       1
       3
       3
       0
       1
       0
       2
       1
       0
       0
       1
       1
       1
       1
       0
       3
       0
       1
       1
       1
       0
       4
       0
       1
       1
       0
       2
       3
       0
       0
       1
       2
       1
       0
       0
       0
       0
       2
       1
       1
       1
       0
       4
       4
       2
       2
       0
       0
       1
       0
       0
       0
       3
       2
       1
       0
       1
       1
       3
       3
       3
       1
       2
       0
       4
       2
       1
       1
       0
       1
       1
       0
       2
       1
       1
       0
       0
       0
       3
       0
       0
       0
       1
       2
       1
       1
       0
       1
       0
       1
       0
       1
       0
       0
       0
       0
       0
       0
       1
       0
       0
       1
       0
       0
       0
       2
       1
       0
       0
       2
       0
       0
       0
       0
       1
       0
       1
       0
       1
       0
       1
       0
       1
       0
       0
       0
       0
       0
       0
       0
       0
       0
       0
       0
       0
       0
       0
       0
       0
       1
       0
       0
       0
       0
       1
       0
       0
       0
       0
       0
       0
       0
       0
       0
       0
       0
       1
       0
       1
       0
       0
       0
       0
       0
       0
       0
       0
       0
       0
       0
       0
       0
       0
       0
       0
       0
       0
       0
       0
       0
       0
       0
       0
       0
       0
       0
       0
       0
       0
       0
       0
       0
       0
       0
       0
       0
       0
       0
       0
       0
       0
       0
       0
       0
       0
       0
       0
       0
       0
       0
       0
       0
       0
       0
       0
       0
       0
       0
       0
       0
       0
       0
       0
       0
       1
       0
       0
       0
       0
       0
       0
       0
       0
       0
       0
       0
       0
       0
       0
       0
       0
       0
       0
       0
       0
       0
       0
       0
       0
       0
       0
       0
       0
       0
       0
       0
       0
       0
       0
       0
       0
       1
       0
       0
       0
       0
       0
       0
       0
       0
       0
       0
       0
       0
       0
       0
       0
       0
       0
       0
       0
       0
       0
       0
       0
       0
       0
       0
       0
       0
       0
       0
       0
       0
       0
       1
       0
       0
       0
       0
       0
       0
       0
       0
       0
       0
       0
       0
       0
       0
       0
       0
       0
       0
       0
       0
       0
       0
       0
       0
       0
       0
       0
       0
       0
       0
       0
       0
       0
       0
       0
       0
       0
       0
       0
       0
       0
       0
       0
       0
       0
       0
       0
       0
       0
       0
       0
       0
       0
       0
       0
       0
       0
       0
       0
       0
       1
       0
       0
       0
       0
       0
       0
       0
       0
       0
       0
       0
       0
       0
       0
       0
       0
       0
       0
       0
       0
       0
       0
       0
       0
       0
       0
       0
       0
       0
       0
       0
       0
       0
       0
       0
       0
       0
       0
       0
       0
       0
       0
       0
       0
       0
       0
       0
       0
       0
       0
       0
       0
       0
       0
       0
       0
       0
       0
       0
       0
       0
       0
       0
       0
       0
       0
       0
       0
       0
       0
       0
       0
       0
       0
       0
       0
       0
       0
       0
       0
       0
       0
       0
       0
       0
       0
       0
       0
       0
       0
       0
       0
       0
       0
       0
       0
       0
       0
       0
       0
       0
       0
       0
       0
       0
       0
       0
       0
       0
       0
       0
       0
       0
       0
       0
       0
       0
       0
       0
       0
       0
       0
       0
       0
       0
       0
       0
       0
       0
       0
       0
       0
       0
       0
       0
       0
       0
       0
       0
       0
       0
       0
       0
       0
       0
       0
       0
       0
       0
       0
       0
       0
       0
       0
       0
       0
       0
       0
       0
       0
       0
       0
       0
       0
       0
       0
       0
       0
       0
       0
       0
       0
       0
       0
       0
       0
       0
       0
       0
       0
       0
       0
       0
       0
       0
       0
       0
       0
       0
       0
       0
       0
       0
       0
       0
       0
       0
       0
       0
       0
       0
       0
       0
       0
       0
       0
       0
       0
       0
       0
       0
       0
       0
       0
       0
       0
       0
       0
       0
       0
       0
       0
       0
       0
       0
       0
       0
       0
       0
       0
       0
       0
       0
       0
       0
       0
       0
       0
       0
       0
       0
       0
       0
       0
       0
       0
       0
       0
       0
       0
       0
       0
       0
       0
       0
       0
       0
       0
       0
       0
       0
       0
       0
       0
       0
$ROI:
1
921 1079
$PRESETS:
None
0
0
$ENER_FIT:
0.000000 6.583851
$MCA_CAL:
3
0.000000E+000 6.583851E+000 0.000000E+000 keV
$SHAPE_CAL:
3
0.000000E+000 0.000000E+000 0.000000E+000
