$SPEC_ID:
Run 608, Background
$SPEC_REM:
DET# 1
DETDESC# Electrostatic MCA
AP# Maestro Version 6.08
$DATE_MEA:
09/24/2020 16:21:39
$MEAS_TIM:
167394 266420
$DATA:
0 2047
       0
       0
       0
       0
       0
       0
       0
       0
       0
       0
       0
       0
       0
       0
       0
       0
       0
       0
       0
       0
       0
       0
       0
       0
       0
       0
       0
       0
       0
       0
       0
       0
       0
       0
       0
       0
       0
       0
       0
       0
       0
       0
       0
       0
       0
       0
       0
       0
       0
       0
       0
       0
       0
       0
       0
       0
       0
       0
       0
       0
       0
       0
       0
       0
       0
       0
       0
       0
       0
   91972
134462863
176014789
173455479
170892566
168229802
165561161
162806626
160060042
157248532
154391704
151509636
148643183
145712427
142808965
139869108
136948649
134016036
131056555
128108265
125170265
122269928
119334840
116461222
113561333
110701869
107873654
105067695
102272460
99524430
96801899
94101104
91467056
88846015
86280162
83739709
81227821
78779108
76380335
73994524
71674519
69395138
67135769
64964844
62811836
60718761
58675153
56658794
54721634
52815600
50938523
49129172
47359670
45660120
43959011
42335628
40754032
39219457
37716792
36271898
34861403
33501128
32170352
30899683
29646033
28449869
27281433
26168498
25077871
24025380
23014374
22035937
21090497
20179839
19299491
18467169
17645574
16855504
16109948
15389027
14684068
14020264
13375127
12758075
12162179
11600013
11048402
10525366
10025401
 9545930
 9082943
 8643762
 8216415
 7819382
 7434654
 7062533
 6711873
 6372062
 6054437
 5750302
 5456185
 5174344
 4906543
 4654032
 4414297
 4181005
 3966911
 3758071
 3557490
 3368023
 3186413
 3015734
 2851911
 2700758
 2553476
 2417453
 2281544
 2155924
 2038391
 1925600
 1814708
 1714145
 1617591
 1524271
 1439235
 1356556
 1277366
 1205336
 1136071
 1071538
 1009331
  951574
  894585
  841337
  793372
  746136
  701143
  658703
  618157
  584880
  546624
  514440
  484736
  453346
  426491
  398961
  375759
  353078
  329194
  309810
  290553
  271214
  255707
  238767
  224389
  209546
  197578
  184701
  172642
  161071
  150311
  141502
  131767
  123796
  115552
  108424
  101079
   95362
   88429
   82571
   77746
   72397
   68199
   63493
   59482
   55335
   51943
   48862
   45491
   42275
   39671
   37185
   35084
   32722
   30355
   28619
   27109
   25102
   23696
   22260
   21052
   19517
   18466
   17192
   16442
   15407
   14298
   13732
   12781
   12078
   11578
   10944
   10496
    9969
    9306
    8756
    8325
    7884
    7581
    7326
    6804
    6463
    6301
    5974
    5690
    5530
    5207
    4894
    4676
    4455
    4402
    4207
    4101
    3740
    3690
    3560
    3354
    3241
    3133
    3040
    2914
    2788
    2704
    2548
    2506
    2447
    2279
    2217
    2247
    2107
    1974
    1931
    1895
    1831
    1770
    1622
    1585
    1500
    1516
    1427
    1409
    1354
    1274
    1297
    1169
    1185
    1064
    1081
     976
     989
     950
     896
     891
     805
     786
     794
     765
     736
     711
     679
     672
     558
     606
     538
     562
     550
     494
     463
     490
     408
     427
     409
     438
     347
     335
     348
     329
     290
     335
     286
     276
     255
     264
     262
     215
     204
     190
     207
     192
     189
     183
     149
     171
     153
     142
     140
     141
     125
     116
      96
     112
     107
      89
      91
      87
      78
      75
      58
      67
      63
      61
      70
      51
      67
      33
      49
      49
      36
      33
      40
      26
      33
      34
      30
      27
      21
      24
      27
      26
      23
      17
      17
      15
      10
      10
      17
      12
       8
      10
       6
      12
      13
       7
       9
       9
       5
       5
       9
       5
       8
       4
       5
       5
       3
       4
       5
       5
       5
       4
       5
       5
      10
       3
       5
       2
       1
       3
       2
       3
       2
       4
       2
       3
       1
       1
       3
       2
       1
       3
       0
       2
       0
       2
       1
       1
       2
       3
       1
       2
       1
       2
       1
       1
       0
       2
       1
       0
       1
       1
       0
       3
       0
       0
       2
       2
       1
       0
       1
       0
       1
       0
       0
       0
       0
       1
       0
       0
       0
       1
       0
       1
       0
       0
       1
       0
       0
       0
       0
       1
       2
       0
       0
       1
       0
       0
       0
       0
       0
       0
       0
       0
       1
       1
       0
       0
       0
       0
       0
       1
       0
       1
       0
       0
       0
       0
       0
       0
       0
       2
       1
       0
       0
       0
       0
       0
       0
       0
       0
       0
       1
       1
       0
       0
       0
       0
       0
       0
       0
       0
       0
       1
       0
       0
       0
       0
       0
       0
       0
       0
       1
       0
       0
       0
       0
       0
       1
       0
       0
       0
       1
       0
       0
       0
       0
       1
       1
       0
       1
       0
       1
       0
       0
       1
       0
       0
       0
       0
       0
       1
       0
       1
       0
       1
       0
       0
       0
       0
       0
       0
       0
       0
       0
       0
       0
       1
       0
       0
       0
       0
       0
       0
       0
       0
       0
       0
       0
       0
       0
       0
       0
       0
       0
       0
       0
       0
       0
       0
       0
       0
       0
       0
       0
       2
       0
       0
       0
       0
       0
       0
       0
       0
       0
       0
       0
       0
       0
       0
       0
       0
       0
       0
       1
       0
       0
       0
       0
       0
       0
       1
       1
       0
       1
       0
       0
       0
       0
       0
       0
       0
       0
       0
       0
       0
       0
       0
       0
       1
       0
       0
       0
       0
       0
       0
       0
       0
       0
       1
       0
       1
       0
       0
       1
       0
       0
       0
       0
       0
       0
       0
       0
       0
       1
       0
       1
       1
       0
       0
       0
       0
       0
       0
       0
       0
       0
       0
       0
       0
       0
       0
       0
       0
       0
       0
       0
       0
       1
       0
       0
       0
       0
       0
       0
       0
       0
       0
       0
       0
       0
       0
       0
       0
       0
       0
       0
       0
       0
       0
       0
       0
       0
       0
       0
       0
       0
       0
       0
       1
       1
       0
       0
       0
       0
       0
       0
       0
       0
       0
       0
       0
       0
       0
       0
       0
       0
       0
       0
       0
       1
       0
       0
       0
       0
       0
       0
       1
       0
       0
       1
       0
       0
       0
       0
       0
       0
       0
       0
       0
       0
       0
       0
       1
       1
       0
       0
       1
       0
       0
       0
       0
       0
       1
       0
       1
       1
       0
       0
       1
       0
       0
       0
       0
       0
       0
       0
       0
       0
       0
       0
       0
       0
       0
       0
       0
       0
       0
       0
       0
       0
       0
       0
       0
       0
       0
       0
       0
       2
       0
       0
       0
       0
       0
       2
       0
       0
       0
       0
       0
       0
       0
       0
       0
       0
       0
       0
       0
       0
       0
       0
       0
       0
       2
       0
       0
       0
       0
       0
       0
       0
       1
       0
       0
       0
       0
       0
       1
       0
       1
       0
       0
       1
       0
       0
       0
       1
       0
       0
       0
       2
       0
       0
       0
       1
       0
       0
       0
       2
       0
       1
       0
       3
       0
       0
       3
       2
       2
       1
       0
       1
       0
       1
       1
       1
       0
       1
       0
       0
       0
       3
       1
       1
       1
       2
       0
       0
       0
       0
       2
       0
       2
       0
       2
       0
       0
       1
       1
       2
       2
       0
       0
       2
       0
       2
       2
       0
       0
       1
       0
       1
       1
       3
       2
       2
       3
       1
       4
       1
       1
       0
       2
       1
       2
       0
       2
       2
       1
       1
       1
       0
       1
       0
       4
       2
       2
       0
       3
       1
       1
       2
       1
       0
       2
       2
       0
       3
       3
       0
       4
       1
       1
       0
       3
       2
       0
       3
       0
       4
       2
       1
       1
       3
       1
       3
       1
       0
       1
       4
       2
       3
       1
       0
       1
       2
       2
       2
       3
       0
       2
       2
       0
       1
       3
       1
       2
       2
       1
       1
       3
       0
       1
       1
       0
       2
       3
       2
       0
       3
       1
       3
       1
       2
       3
       1
       0
       2
       4
       3
       5
       2
       3
       1
       3
       2
       2
       0
       2
       1
       4
       4
       2
       1
       2
       3
       0
       1
       2
       3
       0
       0
       0
       3
       0
       3
       2
       4
       0
       3
       2
       0
       2
       1
       0
       3
       1
       1
       2
       3
       3
       2
       0
       3
       4
       0
       2
       0
       2
       2
       1
       1
       1
       0
       1
       1
       3
       2
       0
       3
       1
       1
       4
       2
       1
       0
       2
       0
       2
       1
       2
       2
       1
       2
       0
       2
       2
       1
       0
       2
       1
       0
       1
       1
       3
       2
       2
       1
       3
       2
       0
       0
       2
       0
       1
       3
       2
       2
       1
       2
       1
       0
       0
       2
       1
       1
       1
       1
       0
       1
       2
       1
       0
       3
       1
       0
       2
       4
       2
       0
       0
       4
       0
       1
       0
       1
       0
       1
       1
       1
       0
       0
       0
       1
       2
       1
       0
       0
       0
       1
       0
       0
       0
       0
       1
       0
       0
       0
       0
       0
       2
       1
       0
       0
       0
       0
       0
       0
       1
       1
       0
       0
       0
       0
       0
       0
       0
       0
       1
       0
       0
       0
       0
       1
       0
       1
       0
       0
       0
       0
       0
       0
       0
       0
       0
       0
       0
       0
       0
       0
       0
       0
       0
       1
       0
       0
       0
       0
       1
       0
       0
       0
       0
       0
       0
       0
       0
       0
       0
       1
       0
       0
       0
       0
       0
       0
       0
       0
       0
       0
       0
       0
       0
       1
       0
       0
       0
       0
       0
       0
       0
       0
       0
       0
       0
       0
       0
       0
       0
       1
       0
       0
       0
       0
       0
       0
       0
       1
       0
       1
       1
       0
       0
       0
       1
       0
       0
       0
       0
       0
       0
       0
       0
       0
       2
       1
       0
       0
       1
       0
       2
       0
       0
       0
       0
       0
       0
       0
       0
       0
       0
       1
       0
       1
       1
       1
       0
       0
       0
       0
       1
       0
       2
       0
       0
       0
       1
       0
       0
       0
       0
       0
       1
       0
       0
       0
       0
       2
       1
       0
       0
       1
       1
       1
       0
       0
       0
       1
       0
       0
       0
       3
       0
       2
       0
       2
       0
       0
       1
       3
       1
       1
       2
       1
       0
       2
       2
       1
       2
       1
       0
       2
       0
       0
       1
       1
       1
       0
       1
       0
       1
       2
       0
       1
       2
       1
       2
       0
       0
       2
       1
       1
       4
       5
       0
       2
       0
       2
       1
       0
       0
       1
       2
       1
       2
       0
       3
       0
       1
       1
       1
       0
       5
       1
       1
       1
       0
       4
       3
       0
       2
       2
       2
       1
       0
       0
       0
       1
       2
       1
       1
       1
       1
       4
       7
       3
       2
       0
       1
       1
       1
       2
       0
       3
       2
       1
       1
       2
       1
       3
       3
       3
       1
       3
       0
       5
       2
       2
       1
       0
       1
       2
       0
       2
       1
       1
       1
       0
       1
       3
       2
       0
       0
       3
       2
       1
       1
       0
       1
       0
       1
       1
       1
       0
       0
       0
       1
       0
       0
       2
       0
       1
       1
       0
       3
       0
       2
       2
       0
       0
       2
       0
       0
       0
       0
       1
       0
       1
       0
       1
       0
       1
       0
       2
       1
       1
       0
       1
       0
       0
       0
       0
       0
       0
       0
       0
       1
       0
       0
       0
       1
       0
       0
       0
       0
       1
       1
       0
       0
       0
       0
       0
       0
       0
       0
       0
       0
       1
       0
       1
       0
       0
       0
       0
       0
       0
       0
       0
       1
       0
       0
       1
       0
       0
       0
       0
       0
       0
       0
       0
       0
       0
       0
       0
       0
       0
       0
       0
       0
       0
       0
       0
       0
       0
       0
       0
       0
       0
       0
       0
       0
       0
       0
       0
       0
       0
       0
       0
       0
       0
       0
       0
       0
       0
       0
       0
       0
       0
       0
       0
       0
       0
       0
       0
       0
       1
       0
       0
       0
       0
       0
       0
       0
       0
       0
       0
       0
       0
       0
       0
       0
       0
       0
       0
       0
       0
       0
       0
       0
       0
       0
       0
       0
       0
       0
       0
       0
       0
       0
       0
       0
       0
       1
       0
       0
       0
       0
       0
       0
       0
       0
       0
       0
       0
       0
       0
       0
       0
       0
       0
       0
       0
       0
       0
       0
       0
       0
       0
       0
       0
       0
       0
       0
       0
       0
       0
       1
       0
       0
       0
       0
       0
       0
       0
       0
       0
       0
       0
       0
       0
       0
       0
       0
       0
       0
       0
       0
       0
       0
       0
       0
       0
       0
       0
       0
       0
       0
       0
       0
       0
       0
       0
       0
       0
       0
       0
       0
       0
       0
       0
       0
       1
       0
       0
       0
       0
       0
       0
       0
       0
       0
       0
       0
       0
       0
       0
       0
       1
       0
       0
       0
       0
       0
       0
       0
       0
       0
       0
       0
       0
       0
       0
       0
       0
       0
       0
       0
       0
       0
       0
       0
       0
       0
       0
       0
       0
       0
       0
       0
       0
       0
       0
       0
       0
       0
       0
       0
       0
       0
       0
       0
       0
       0
       0
       0
       0
       0
       0
       0
       0
       0
       0
       0
       0
       0
       0
       0
       0
       0
       0
       0
       0
       0
       0
       0
       0
       0
       0
       0
       0
       0
       0
       0
       0
       0
       0
       0
       0
       0
       0
       0
       0
       0
       0
       0
       0
       0
       0
       0
       0
       0
       0
       0
       0
       0
       0
       0
       0
       0
       0
       0
       0
       0
       0
       0
       0
       0
       0
       0
       0
       0
       0
       0
       0
       0
       0
       0
       0
       0
       0
       0
       0
       0
       0
       0
       0
       0
       0
       0
       0
       0
       0
       0
       0
       0
       0
       0
       0
       0
       0
       0
       0
       0
       0
       0
       0
       0
       0
       0
       0
       0
       0
       0
       0
       0
       0
       0
       0
       0
       0
       0
       0
       0
       0
       0
       0
       0
       0
       0
       0
       0
       0
       0
       0
       0
       0
       0
       0
       0
       0
       0
       0
       0
       0
       0
       0
       0
       0
       0
       0
       0
       0
       0
       0
       0
       0
       0
       0
       0
       0
       0
       0
       0
       0
       0
       0
       0
       0
       0
       0
       0
       0
       0
       0
       0
       0
       0
       0
       0
       0
       0
       0
       0
       0
       0
       0
       0
       0
       0
       0
       0
       0
       0
       0
       0
       0
       0
       0
       0
       0
       0
       0
       0
       0
       0
       0
       0
       0
       0
       0
       0
       0
       0
       0
       0
       0
       0
       0
       0
       0
       0
       0
       0
$ROI:
1
921 1079
$PRESETS:
None
0
0
$ENER_FIT:
0.000000 6.583851
$MCA_CAL:
3
0.000000E+000 6.583851E+000 0.000000E+000 keV
$SHAPE_CAL:
3
0.000000E+000 0.000000E+000 0.000000E+000
