$SPEC_ID:
Run 608, Background
$SPEC_REM:
DET# 1
DETDESC# Electrostatic MCA
AP# Maestro Version 6.08
$DATE_MEA:
09/24/2020 16:21:39
$MEAS_TIM:
154544 244818
$DATA:
0 2047
       0
       0
       0
       0
       0
       0
       0
       0
       0
       0
       0
       0
       0
       0
       0
       0
       0
       0
       0
       0
       0
       0
       0
       0
       0
       0
       0
       0
       0
       0
       0
       0
       0
       0
       0
       0
       0
       0
       0
       0
       0
       0
       0
       0
       0
       0
       0
       0
       0
       0
       0
       0
       0
       0
       0
       0
       0
       0
       0
       0
       0
       0
       0
       0
       0
       0
       0
       0
       0
   83153
123440070
161563829
159140150
156712349
154192856
151680106
149078133
146483633
143839062
141156844
138445364
135749391
133008244
130276949
127530769
124798309
122051793
119287444
116540486
113805542
111103649
108368115
105695547
103001678
100346406
97725125
95120571
92535611
89988816
87472491
84979560
82552680
80130467
77769640
75425621
73122116
70869944
68669325
66479745
64351165
62260181
60196573
58208710
56241316
54327919
52470087
50631802
48868136
47127233
45426103
43780987
42179346
40636840
39098720
37628516
36201633
34811718
33451773
32152992
30876412
29653842
28455404
27317552
26186997
25114639
24064311
23068151
22092833
21152412
20246381
19375863
18531283
17717286
16935656
16191138
15463963
14759759
14098392
13459431
12832486
12244631
11674713
11130367
10602768
10106260
 9619726
 9158999
 8716012
 8294876
 7888648
 7503009
 7126968
 6776157
 6440175
 6114302
 5806399
 5511205
 5232916
 4966705
 4709065
 4463831
 4231050
 4011778
 3801697
 3599057
 3412620
 3231672
 3058305
 2892394
 2735375
 2587138
 2444755
 2315663
 2187801
 2070170
 1952768
 1843754
 1742932
 1645898
 1550302
 1463529
 1380178
 1300393
 1227924
 1156458
 1088276
 1027454
  967263
  911893
  858363
  808824
  760533
  715617
  673612
  634168
  595003
  558839
  523873
  495870
  463410
  435918
  410580
  383766
  361280
  337588
  317601
  298542
  278625
  261976
  245903
  228861
  216146
  201780
  189700
  176916
  166653
  155692
  145617
  135927
  126798
  119210
  111117
  104504
   97343
   91392
   85201
   80310
   74564
   69738
   65538
   61171
   57465
   53444
   50121
   46761
   43659
   41184
   38294
   35784
   33479
   31550
   29723
   27671
   25730
   24103
   22923
   21218
   20027
   18853
   17775
   16572
   15636
   14609
   13970
   13149
   12174
   11714
   10922
   10282
    9814
    9345
    8962
    8510
    8056
    7477
    7141
    6781
    6488
    6275
    5820
    5501
    5445
    5149
    4912
    4781
    4499
    4208
    4039
    3847
    3803
    3651
    3590
    3277
    3176
    3063
    2877
    2803
    2722
    2612
    2526
    2409
    2330
    2212
    2169
    2135
    1993
    1909
    1938
    1842
    1708
    1659
    1638
    1606
    1550
    1398
    1364
    1296
    1302
    1232
    1210
    1161
    1085
    1105
    1004
    1010
     920
     920
     836
     830
     811
     771
     766
     693
     664
     664
     671
     633
     599
     570
     566
     474
     519
     462
     466
     484
     411
     399
     422
     352
     362
     343
     369
     288
     278
     297
     278
     239
     284
     241
     228
     206
     216
     221
     188
     172
     162
     178
     165
     157
     149
     120
     143
     122
     123
     114
     118
     109
      95
      80
      93
      89
      74
      78
      77
      68
      67
      50
      56
      52
      54
      55
      44
      56
      28
      43
      41
      28
      26
      33
      23
      29
      26
      23
      23
      20
      18
      22
      24
      21
      12
      13
      14
       7
       8
      15
      10
       7
       7
       5
      11
      11
       7
       8
       7
       5
       5
       7
       4
       5
       3
       3
       4
       2
       4
       4
       4
       5
       4
       4
       4
      10
       3
       4
       2
       1
       3
       2
       3
       2
       3
       2
       3
       1
       1
       3
       2
       1
       2
       0
       2
       0
       2
       0
       1
       2
       3
       1
       2
       1
       2
       1
       1
       0
       1
       1
       0
       1
       1
       0
       2
       0
       0
       2
       2
       1
       0
       1
       0
       1
       0
       0
       0
       0
       0
       0
       0
       0
       1
       0
       1
       0
       0
       1
       0
       0
       0
       0
       1
       2
       0
       0
       1
       0
       0
       0
       0
       0
       0
       0
       0
       1
       1
       0
       0
       0
       0
       0
       1
       0
       1
       0
       0
       0
       0
       0
       0
       0
       2
       1
       0
       0
       0
       0
       0
       0
       0
       0
       0
       1
       1
       0
       0
       0
       0
       0
       0
       0
       0
       0
       0
       0
       0
       0
       0
       0
       0
       0
       0
       1
       0
       0
       0
       0
       0
       1
       0
       0
       0
       1
       0
       0
       0
       0
       1
       1
       0
       1
       0
       1
       0
       0
       1
       0
       0
       0
       0
       0
       1
       0
       1
       0
       1
       0
       0
       0
       0
       0
       0
       0
       0
       0
       0
       0
       0
       0
       0
       0
       0
       0
       0
       0
       0
       0
       0
       0
       0
       0
       0
       0
       0
       0
       0
       0
       0
       0
       0
       0
       0
       0
       0
       0
       2
       0
       0
       0
       0
       0
       0
       0
       0
       0
       0
       0
       0
       0
       0
       0
       0
       0
       0
       1
       0
       0
       0
       0
       0
       0
       1
       1
       0
       1
       0
       0
       0
       0
       0
       0
       0
       0
       0
       0
       0
       0
       0
       0
       1
       0
       0
       0
       0
       0
       0
       0
       0
       0
       1
       0
       1
       0
       0
       1
       0
       0
       0
       0
       0
       0
       0
       0
       0
       1
       0
       1
       0
       0
       0
       0
       0
       0
       0
       0
       0
       0
       0
       0
       0
       0
       0
       0
       0
       0
       0
       0
       0
       1
       0
       0
       0
       0
       0
       0
       0
       0
       0
       0
       0
       0
       0
       0
       0
       0
       0
       0
       0
       0
       0
       0
       0
       0
       0
       0
       0
       0
       0
       0
       1
       1
       0
       0
       0
       0
       0
       0
       0
       0
       0
       0
       0
       0
       0
       0
       0
       0
       0
       0
       0
       1
       0
       0
       0
       0
       0
       0
       0
       0
       0
       0
       0
       0
       0
       0
       0
       0
       0
       0
       0
       0
       0
       0
       1
       1
       0
       0
       0
       0
       0
       0
       0
       0
       1
       0
       1
       1
       0
       0
       1
       0
       0
       0
       0
       0
       0
       0
       0
       0
       0
       0
       0
       0
       0
       0
       0
       0
       0
       0
       0
       0
       0
       0
       0
       0
       0
       0
       0
       2
       0
       0
       0
       0
       0
       2
       0
       0
       0
       0
       0
       0
       0
       0
       0
       0
       0
       0
       0
       0
       0
       0
       0
       0
       2
       0
       0
       0
       0
       0
       0
       0
       1
       0
       0
       0
       0
       0
       1
       0
       1
       0
       0
       1
       0
       0
       0
       1
       0
       0
       0
       2
       0
       0
       0
       1
       0
       0
       0
       1
       0
       1
       0
       3
       0
       0
       3
       2
       1
       1
       0
       1
       0
       1
       1
       1
       0
       1
       0
       0
       0
       3
       1
       1
       1
       2
       0
       0
       0
       0
       2
       0
       2
       0
       2
       0
       0
       1
       1
       1
       2
       0
       0
       1
       0
       2
       2
       0
       0
       1
       0
       1
       1
       2
       2
       2
       3
       1
       4
       1
       1
       0
       2
       1
       2
       0
       2
       2
       1
       1
       1
       0
       1
       0
       4
       2
       2
       0
       3
       1
       1
       2
       1
       0
       2
       2
       0
       2
       3
       0
       4
       1
       1
       0
       3
       0
       0
       3
       0
       3
       1
       1
       1
       3
       1
       3
       1
       0
       1
       4
       2
       3
       1
       0
       1
       2
       2
       2
       3
       0
       2
       1
       0
       1
       3
       1
       2
       2
       1
       0
       2
       0
       1
       0
       0
       2
       3
       2
       0
       3
       1
       3
       1
       2
       3
       1
       0
       2
       4
       3
       2
       2
       3
       1
       3
       2
       2
       0
       2
       1
       4
       4
       2
       1
       2
       3
       0
       1
       1
       3
       0
       0
       0
       3
       0
       3
       2
       3
       0
       3
       1
       0
       2
       1
       0
       3
       1
       1
       2
       3
       3
       2
       0
       3
       3
       0
       2
       0
       2
       2
       1
       1
       1
       0
       1
       1
       2
       2
       0
       3
       1
       1
       3
       2
       1
       0
       2
       0
       2
       1
       2
       2
       1
       2
       0
       2
       2
       1
       0
       2
       1
       0
       1
       1
       3
       2
       1
       1
       3
       1
       0
       0
       1
       0
       1
       3
       2
       2
       1
       2
       1
       0
       0
       2
       1
       0
       1
       1
       0
       1
       2
       1
       0
       2
       1
       0
       1
       4
       2
       0
       0
       4
       0
       1
       0
       1
       0
       1
       0
       1
       0
       0
       0
       1
       2
       1
       0
       0
       0
       1
       0
       0
       0
       0
       1
       0
       0
       0
       0
       0
       2
       1
       0
       0
       0
       0
       0
       0
       1
       1
       0
       0
       0
       0
       0
       0
       0
       0
       0
       0
       0
       0
       0
       1
       0
       1
       0
       0
       0
       0
       0
       0
       0
       0
       0
       0
       0
       0
       0
       0
       0
       0
       0
       1
       0
       0
       0
       0
       1
       0
       0
       0
       0
       0
       0
       0
       0
       0
       0
       1
       0
       0
       0
       0
       0
       0
       0
       0
       0
       0
       0
       0
       0
       1
       0
       0
       0
       0
       0
       0
       0
       0
       0
       0
       0
       0
       0
       0
       0
       1
       0
       0
       0
       0
       0
       0
       0
       1
       0
       1
       1
       0
       0
       0
       1
       0
       0
       0
       0
       0
       0
       0
       0
       0
       2
       1
       0
       0
       1
       0
       2
       0
       0
       0
       0
       0
       0
       0
       0
       0
       0
       1
       0
       1
       1
       1
       0
       0
       0
       0
       1
       0
       2
       0
       0
       0
       1
       0
       0
       0
       0
       0
       1
       0
       0
       0
       0
       2
       1
       0
       0
       1
       1
       1
       0
       0
       0
       1
       0
       0
       0
       3
       0
       2
       0
       2
       0
       0
       0
       3
       1
       1
       2
       1
       0
       1
       2
       1
       2
       1
       0
       2
       0
       0
       1
       1
       1
       0
       1
       0
       1
       2
       0
       1
       2
       1
       1
       0
       0
       2
       1
       1
       4
       4
       0
       2
       0
       2
       1
       0
       0
       1
       2
       1
       2
       0
       3
       0
       1
       1
       1
       0
       5
       0
       1
       1
       0
       3
       3
       0
       1
       1
       2
       1
       0
       0
       0
       0
       2
       1
       1
       1
       1
       4
       7
       3
       2
       0
       1
       1
       0
       1
       0
       3
       2
       1
       1
       1
       1
       3
       3
       3
       1
       3
       0
       5
       2
       2
       1
       0
       1
       2
       0
       2
       1
       1
       0
       0
       1
       3
       2
       0
       0
       2
       2
       1
       1
       0
       1
       0
       1
       1
       1
       0
       0
       0
       1
       0
       0
       2
       0
       0
       1
       0
       2
       0
       2
       1
       0
       0
       2
       0
       0
       0
       0
       1
       0
       1
       0
       1
       0
       1
       0
       2
       0
       1
       0
       1
       0
       0
       0
       0
       0
       0
       0
       0
       1
       0
       0
       0
       1
       0
       0
       0
       0
       1
       1
       0
       0
       0
       0
       0
       0
       0
       0
       0
       0
       1
       0
       1
       0
       0
       0
       0
       0
       0
       0
       0
       1
       0
       0
       1
       0
       0
       0
       0
       0
       0
       0
       0
       0
       0
       0
       0
       0
       0
       0
       0
       0
       0
       0
       0
       0
       0
       0
       0
       0
       0
       0
       0
       0
       0
       0
       0
       0
       0
       0
       0
       0
       0
       0
       0
       0
       0
       0
       0
       0
       0
       0
       0
       0
       0
       0
       0
       0
       1
       0
       0
       0
       0
       0
       0
       0
       0
       0
       0
       0
       0
       0
       0
       0
       0
       0
       0
       0
       0
       0
       0
       0
       0
       0
       0
       0
       0
       0
       0
       0
       0
       0
       0
       0
       0
       1
       0
       0
       0
       0
       0
       0
       0
       0
       0
       0
       0
       0
       0
       0
       0
       0
       0
       0
       0
       0
       0
       0
       0
       0
       0
       0
       0
       0
       0
       0
       0
       0
       0
       1
       0
       0
       0
       0
       0
       0
       0
       0
       0
       0
       0
       0
       0
       0
       0
       0
       0
       0
       0
       0
       0
       0
       0
       0
       0
       0
       0
       0
       0
       0
       0
       0
       0
       0
       0
       0
       0
       0
       0
       0
       0
       0
       0
       0
       1
       0
       0
       0
       0
       0
       0
       0
       0
       0
       0
       0
       0
       0
       0
       0
       1
       0
       0
       0
       0
       0
       0
       0
       0
       0
       0
       0
       0
       0
       0
       0
       0
       0
       0
       0
       0
       0
       0
       0
       0
       0
       0
       0
       0
       0
       0
       0
       0
       0
       0
       0
       0
       0
       0
       0
       0
       0
       0
       0
       0
       0
       0
       0
       0
       0
       0
       0
       0
       0
       0
       0
       0
       0
       0
       0
       0
       0
       0
       0
       0
       0
       0
       0
       0
       0
       0
       0
       0
       0
       0
       0
       0
       0
       0
       0
       0
       0
       0
       0
       0
       0
       0
       0
       0
       0
       0
       0
       0
       0
       0
       0
       0
       0
       0
       0
       0
       0
       0
       0
       0
       0
       0
       0
       0
       0
       0
       0
       0
       0
       0
       0
       0
       0
       0
       0
       0
       0
       0
       0
       0
       0
       0
       0
       0
       0
       0
       0
       0
       0
       0
       0
       0
       0
       0
       0
       0
       0
       0
       0
       0
       0
       0
       0
       0
       0
       0
       0
       0
       0
       0
       0
       0
       0
       0
       0
       0
       0
       0
       0
       0
       0
       0
       0
       0
       0
       0
       0
       0
       0
       0
       0
       0
       0
       0
       0
       0
       0
       0
       0
       0
       0
       0
       0
       0
       0
       0
       0
       0
       0
       0
       0
       0
       0
       0
       0
       0
       0
       0
       0
       0
       0
       0
       0
       0
       0
       0
       0
       0
       0
       0
       0
       0
       0
       0
       0
       0
       0
       0
       0
       0
       0
       0
       0
       0
       0
       0
       0
       0
       0
       0
       0
       0
       0
       0
       0
       0
       0
       0
       0
       0
       0
       0
       0
       0
       0
       0
       0
       0
       0
       0
       0
       0
       0
       0
       0
       0
       0
       0
       0
       0
       0
$ROI:
1
921 1079
$PRESETS:
None
0
0
$ENER_FIT:
0.000000 6.583851
$MCA_CAL:
3
0.000000E+000 6.583851E+000 0.000000E+000 keV
$SHAPE_CAL:
3
0.000000E+000 0.000000E+000 0.000000E+000
