$SPEC_ID:
Run 608, Background
$SPEC_REM:
DET# 1
DETDESC# Electrostatic MCA
AP# Maestro Version 6.08
$DATE_MEA:
09/24/2020 16:21:39
$MEAS_TIM:
287587 471636
$DATA:
0 2047
       0
       0
       0
       0
       0
       0
       0
       0
       0
       0
       0
       0
       0
       0
       0
       0
       0
       0
       0
       0
       0
       0
       0
       0
       0
       0
       0
       0
       0
       0
       0
       0
       0
       0
       0
       0
       0
       0
       0
       0
       0
       0
       0
       0
       0
       0
       0
       0
       0
       0
       0
       0
       0
       0
       0
       0
       0
       0
       0
       0
       0
       0
       0
       0
       0
       0
       0
       0
       0
  176166
235068388
307720622
304140449
300516493
296716385
292887021
288921541
284907963
280806962
276604040
272326756
268045105
263674314
259284069
254817379
250367373
245850371
241307313
236751560
232160075
227612387
222981038
218417014
213825309
209258883
204705785
200155037
195647989
191160209
186706008
182268793
177905746
173523657
169223956
164926827
160733499
156541380
152469512
148398304
144382477
140413751
136525929
132697790
128933301
125218065
121603303
118000836
114519891
111072447
107702222
104386438
101150629
97997586
94874238
91854324
88889851
86011721
83172247
80425495
77733834
75120979
72546710
70075702
67648134
65292052
63000470
60778428
58593850
56479058
54455775
52455297
50534946
48662518
46858091
45111064
43393687
41738346
40155633
38619603
37131521
35690801
34292538
32946204
31639149
30392860
29175414
28001843
26886427
25788040
24739770
23727577
22748882
21810657
20909705
20041804
19203047
18388378
17618887
16872181
16158533
15470056
14805813
14180649
13559094
12984614
12423548
11878609
11358609
10868064
10383571
 9930005
 9491575
 9074130
 8669726
 8292538
 7916023
 7562895
 7228164
 6904503
 6590035
 6294151
 6008535
 5734435
 5475719
 5227363
 4985510
 4759394
 4544693
 4336913
 4135941
 3943664
 3760981
 3592020
 3424785
 3265814
 3113110
 2967690
 2824443
 2699801
 2568838
 2453492
 2337400
 2225635
 2121920
 2022420
 1926699
 1836004
 1746208
 1662726
 1586109
 1506303
 1436788
 1369393
 1304178
 1240427
 1181386
 1125053
 1069041
 1018623
  968362
  920919
  877911
  835482
  794398
  755858
  719587
  684678
  650998
  618618
  588732
  561499
  532583
  506004
  482702
  457320
  435934
  413412
  392473
  373184
  355032
  337434
  319861
  304846
  288437
  274122
  261534
  247941
  235473
  222719
  212526
  201374
  191670
  181303
  172722
  163431
  155133
  147703
  140439
  133268
  126017
  119615
  113966
  108676
  102186
   97777
   92908
   87381
   83487
   78989
   74710
   70898
   67490
   63817
   60690
   57814
   54776
   52044
   48591
   46219
   43992
   41980
   39636
   37570
   35661
   34033
   32328
   30347
   28850
   27410
   26076
   24642
   23396
   21882
   20941
   19970
   18783
   17868
   17018
   16300
   15007
   14456
   13748
   13032
   12226
   11548
   11032
   10576
   10013
    9532
    9057
    8467
    8104
    7630
    7141
    6904
    6486
    6058
    5864
    5619
    5203
    5057
    4830
    4494
    4246
    4180
    3840
    3727
    3542
    3297
    3217
    2971
    2883
    2705
    2641
    2469
    2383
    2170
    2225
    1990
    1890
    1824
    1793
    1596
    1505
    1372
    1369
    1228
    1275
    1194
    1136
    1083
    1037
    1035
     902
     839
     822
     764
     768
     750
     724
     663
     645
     605
     584
     542
     512
     464
     462
     426
     454
     450
     402
     373
     357
     335
     295
     292
     289
     240
     251
     266
     233
     215
     183
     198
     194
     183
     176
     163
     150
     137
     150
     137
     125
     131
     125
     119
     108
     106
      88
      81
      91
      70
      70
      91
      67
      67
      69
      50
      72
      65
      55
      59
      41
      38
      52
      38
      36
      37
      35
      27
      31
      33
      36
      27
      33
      30
      31
      20
      20
      37
      26
      21
      20
      18
      13
      16
      18
      10
      21
      15
      19
      12
       8
      14
      12
       8
      11
      13
       7
       4
       6
       7
       8
       7
       4
       8
       6
       5
       6
      10
       3
       2
       4
       3
       5
       7
       3
       2
       6
       2
       2
       6
       3
       3
       2
       2
       2
       2
       5
       2
       1
       2
       4
       1
       2
       0
       4
       2
       1
       3
       2
       1
       3
       0
       1
       1
       1
       3
       1
       1
       1
       1
       2
       2
       0
       0
       1
       1
       0
       1
       2
       0
       0
       0
       1
       0
       2
       1
       1
       0
       1
       1
       0
       0
       0
       1
       2
       1
       0
       0
       0
       0
       1
       0
       0
       0
       0
       1
       2
       0
       2
       0
       0
       2
       0
       0
       0
       0
       1
       0
       0
       0
       1
       0
       0
       1
       0
       2
       0
       1
       0
       1
       0
       1
       0
       1
       0
       1
       0
       0
       0
       1
       1
       1
       0
       1
       3
       1
       0
       0
       1
       1
       1
       0
       0
       0
       1
       0
       1
       0
       2
       0
       0
       1
       0
       0
       0
       0
       0
       0
       0
       0
       1
       0
       0
       0
       0
       0
       0
       1
       0
       0
       1
       0
       0
       0
       0
       0
       1
       0
       0
       0
       0
       0
       0
       1
       0
       1
       1
       0
       2
       0
       0
       0
       0
       1
       0
       0
       0
       0
       0
       0
       0
       0
       0
       0
       0
       0
       0
       1
       0
       0
       0
       0
       0
       0
       1
       1
       1
       1
       1
       0
       0
       0
       0
       0
       0
       0
       0
       0
       0
       0
       0
       0
       1
       0
       0
       0
       0
       0
       1
       0
       0
       0
       1
       0
       1
       0
       0
       1
       0
       0
       0
       0
       0
       0
       0
       0
       0
       1
       0
       1
       1
       0
       0
       0
       0
       0
       0
       0
       1
       0
       1
       0
       0
       0
       0
       0
       0
       0
       0
       0
       0
       1
       0
       0
       0
       0
       0
       0
       0
       0
       0
       0
       0
       0
       0
       0
       0
       0
       0
       0
       0
       0
       0
       0
       0
       0
       0
       0
       0
       0
       0
       0
       1
       1
       0
       0
       0
       0
       0
       0
       1
       0
       1
       0
       1
       0
       0
       0
       0
       0
       0
       0
       0
       2
       0
       0
       0
       0
       0
       0
       1
       0
       0
       1
       0
       1
       0
       0
       0
       0
       0
       0
       0
       0
       0
       0
       1
       1
       0
       1
       1
       0
       0
       0
       1
       0
       1
       0
       2
       1
       0
       0
       2
       0
       0
       0
       0
       0
       0
       0
       0
       0
       0
       0
       0
       0
       1
       0
       0
       0
       1
       0
       0
       0
       0
       0
       0
       0
       0
       0
       0
       2
       1
       0
       3
       0
       0
       3
       1
       1
       0
       0
       0
       0
       0
       0
       0
       0
       0
       1
       1
       0
       2
       0
       2
       0
       2
       0
       1
       1
       0
       0
       0
       0
       1
       1
       0
       1
       0
       2
       1
       0
       1
       0
       0
       2
       1
       0
       1
       1
       0
       0
       1
       2
       1
       0
       0
       2
       0
       0
       2
       2
       0
       3
       1
       3
       0
       0
       3
       4
       4
       1
       0
       2
       0
       2
       1
       2
       0
       1
       1
       1
       0
       3
       1
       2
       3
       3
       0
       1
       1
       0
       2
       1
       2
       1
       2
       3
       2
       4
       1
       2
       2
       0
       1
       3
       1
       3
       3
       0
       0
       1
       2
       2
       1
       8
       3
       4
       3
       1
       4
       2
       4
       1
       5
       1
       2
       2
       3
       5
       1
       4
       2
       1
       2
       3
       6
       3
       3
       0
       3
       2
       3
       5
       4
       1
       4
       4
       2
       5
       6
       0
       6
       3
       1
       2
       7
       4
       2
       4
       0
       5
       2
       2
       2
       3
       1
       3
       2
       0
       1
       5
       2
       3
       1
       3
       1
       4
       4
       3
       3
       1
       4
       4
       1
       1
       4
       3
       3
       5
       2
       2
       4
       2
       2
       5
       0
       3
       4
       4
       1
       4
       4
       3
       3
       2
       8
       1
       3
       4
       4
       4
       6
       3
       3
       2
       3
       2
       4
       2
       2
       2
       4
       4
       6
       2
       2
       4
       0
       2
       2
       3
       0
       2
       3
       5
       0
       4
       4
       6
       1
       6
       2
       2
       2
       2
       0
       5
       1
       4
       4
       4
       3
       2
       0
       5
       4
       0
       3
       1
       3
       2
       1
       1
       3
       1
       1
       2
       4
       4
       1
       4
       1
       1
       5
       3
       1
       1
       3
       1
       5
       1
       3
       2
       2
       3
       1
       2
       2
       1
       3
       2
       2
       2
       1
       1
       3
       3
       2
       1
       4
       4
       1
       1
       2
       0
       2
       3
       3
       3
       1
       2
       1
       0
       1
       3
       1
       1
       1
       1
       0
       1
       2
       1
       0
       3
       2
       1
       3
       4
       2
       2
       1
       4
       0
       1
       2
       1
       0
       1
       1
       1
       0
       0
       0
       1
       2
       1
       1
       0
       0
       2
       0
       1
       1
       0
       1
       0
       1
       0
       0
       1
       3
       1
       0
       0
       1
       0
       0
       0
       1
       1
       0
       0
       0
       0
       0
       0
       1
       0
       2
       0
       0
       0
       1
       1
       1
       1
       0
       0
       0
       0
       0
       0
       0
       0
       0
       1
       0
       0
       0
       0
       0
       0
       0
       1
       0
       0
       0
       0
       1
       0
       0
       0
       0
       0
       0
       0
       0
       0
       0
       1
       0
       0
       0
       0
       0
       0
       0
       0
       0
       0
       0
       0
       0
       1
       0
       0
       0
       0
       0
       0
       1
       0
       0
       0
       0
       0
       0
       1
       0
       1
       0
       0
       0
       0
       0
       0
       0
       1
       0
       1
       1
       0
       0
       0
       1
       0
       0
       0
       0
       0
       0
       0
       0
       0
       2
       1
       1
       0
       1
       0
       2
       0
       0
       1
       0
       0
       0
       0
       0
       1
       0
       1
       0
       1
       1
       2
       0
       1
       0
       0
       2
       0
       2
       0
       1
       1
       1
       0
       0
       0
       0
       3
       1
       1
       0
       1
       0
       2
       2
       0
       0
       2
       1
       1
       0
       0
       0
       2
       1
       1
       1
       3
       0
       2
       0
       4
       1
       0
       1
       3
       1
       2
       2
       1
       0
       4
       3
       1
       2
       2
       0
       3
       2
       2
       1
       1
       1
       0
       2
       1
       2
       2
       1
       2
       2
       2
       2
       1
       0
       3
       1
       1
       4
       5
       1
       5
       1
       3
       1
       0
       1
       1
       3
       1
       2
       2
       3
       0
       2
       1
       1
       0
       5
       1
       1
       2
       2
       4
       4
       2
       2
       2
       2
       2
       0
       1
       1
       1
       4
       2
       1
       2
       1
       5
       8
       3
       2
       0
       3
       1
       1
       4
       2
       6
       3
       3
       1
       2
       1
       3
       5
       3
       2
       3
       0
       5
       5
       3
       2
       0
       1
       2
       0
       3
       1
       2
       1
       0
       1
       4
       2
       0
       0
       3
       2
       2
       2
       1
       2
       0
       1
       2
       1
       0
       0
       0
       1
       0
       0
       3
       0
       1
       1
       0
       4
       0
       2
       2
       0
       0
       2
       1
       0
       2
       0
       1
       0
       1
       0
       1
       0
       2
       0
       2
       2
       1
       0
       1
       1
       0
       0
       0
       0
       0
       0
       0
       1
       0
       0
       0
       1
       0
       0
       0
       0
       1
       1
       0
       0
       0
       0
       0
       0
       0
       1
       0
       0
       1
       0
       1
       0
       0
       1
       0
       0
       0
       0
       0
       1
       0
       0
       1
       0
       0
       0
       0
       0
       0
       0
       0
       0
       0
       0
       0
       0
       0
       0
       0
       0
       0
       0
       0
       0
       0
       0
       0
       0
       0
       1
       0
       0
       0
       0
       0
       0
       0
       0
       0
       0
       0
       0
       0
       0
       0
       0
       0
       0
       0
       0
       0
       0
       0
       0
       0
       0
       1
       0
       0
       0
       0
       0
       0
       0
       0
       1
       0
       0
       0
       0
       0
       0
       0
       0
       0
       0
       0
       0
       0
       0
       0
       0
       0
       0
       0
       0
       0
       0
       0
       0
       0
       0
       0
       1
       0
       0
       0
       0
       0
       0
       0
       0
       0
       0
       0
       0
       0
       0
       0
       0
       0
       0
       0
       0
       0
       0
       0
       0
       0
       0
       0
       0
       0
       0
       0
       0
       0
       1
       0
       0
       0
       0
       0
       0
       0
       0
       1
       0
       0
       0
       0
       0
       0
       0
       0
       0
       0
       0
       0
       0
       0
       0
       0
       0
       0
       0
       0
       0
       0
       0
       0
       0
       0
       0
       0
       0
       0
       0
       0
       1
       0
       0
       1
       0
       0
       0
       0
       0
       0
       0
       0
       0
       0
       0
       0
       0
       0
       0
       1
       0
       0
       0
       0
       0
       0
       0
       0
       0
       0
       0
       0
       0
       0
       0
       0
       0
       0
       0
       0
       0
       0
       0
       0
       0
       0
       0
       0
       0
       0
       0
       0
       0
       0
       0
       0
       0
       0
       0
       0
       0
       0
       0
       0
       0
       0
       0
       0
       0
       0
       0
       0
       0
       0
       0
       0
       0
       0
       0
       0
       0
       0
       0
       0
       0
       0
       0
       0
       0
       0
       0
       0
       0
       0
       0
       0
       0
       0
       0
       0
       0
       0
       0
       0
       0
       0
       0
       0
       0
       0
       0
       0
       0
       0
       0
       0
       0
       0
       0
       0
       0
       0
       0
       0
       0
       0
       0
       0
       0
       0
       0
       0
       0
       0
       0
       0
       0
       0
       0
       0
       0
       0
       0
       0
       0
       0
       0
       0
       0
       0
       0
       0
       0
       0
       0
       0
       0
       0
       0
       0
       0
       0
       0
       0
       0
       0
       0
       0
       0
       0
       0
       0
       0
       0
       0
       0
       0
       0
       0
       0
       0
       0
       0
       0
       0
       0
       0
       0
       0
       0
       0
       0
       0
       0
       0
       0
       0
       0
       0
       0
       0
       0
       0
       0
       0
       0
       0
       0
       0
       0
       0
       0
       0
       0
       0
       0
       0
       0
       0
       0
       0
       0
       0
       0
       0
       0
       0
       0
       0
       0
       0
       0
       0
       0
       0
       0
       0
       0
       0
       0
       0
       0
       0
       0
       0
       0
       0
       0
       0
       0
       0
       0
       0
       0
       0
       0
       0
       0
       0
       0
       0
       0
       0
       0
       0
       0
       0
       0
       0
       0
       0
       0
       0
       0
       0
       0
       0
       0
       0
       0
       0
       0
       0
       0
       0
$ROI:
1
921 1079
$PRESETS:
None
0
0
$ENER_FIT:
0.000000 6.583851
$MCA_CAL:
3
0.000000E+000 6.583851E+000 0.000000E+000 keV
$SHAPE_CAL:
3
0.000000E+000 0.000000E+000 0.000000E+000
