$SPEC_ID:
Run 608, Background
$SPEC_REM:
DET# 1
DETDESC# Electrostatic MCA
AP# Maestro Version 6.08
$DATE_MEA:
09/24/2020 16:21:39
$MEAS_TIM:
193479 309623
$DATA:
0 2047
       0
       0
       0
       0
       0
       0
       0
       0
       0
       0
       0
       0
       0
       0
       0
       0
       0
       0
       0
       0
       0
       0
       0
       0
       0
       0
       0
       0
       0
       0
       0
       0
       0
       0
       0
       0
       0
       0
       0
       0
       0
       0
       0
       0
       0
       0
       0
       0
       0
       0
       0
       0
       0
       0
       0
       0
       0
       0
       0
       0
       0
       0
       0
       0
       0
       0
       0
       0
       0
  107679
156696006
205243971
202371571
199500059
196497075
193495928
190387350
187276920
184107000
180873889
177607936
174345541
171014490
167706770
164343023
161015499
157658994
154270467
150902983
147526142
144201089
140823850
137506438
134170947
130873308
127602147
124351010
121122191
117935466
114784253
111655598
108585555
105532848
102541348
99581638
96651435
93778305
90980179
88194903
85474620
82798568
80147690
77588506
75061280
72593794
70185568
67816159
65524231
63270806
61056190
58910930
56812495
54791862
52788241
50855836
48971828
47152658
45361158
43638225
41959849
40337993
38745333
37224542
35729729
34300626
32904225
31565681
30260618
28998101
27793306
26612941
25479854
24382771
23326097
22321074
21330249
20379230
19484692
18612294
17765788
16962383
16184617
15439871
14720415
14039053
13373992
12739481
12141089
11557406
10995836
10465691
 9949289
 9468779
 9001357
 8551757
 8127301
 7712701
 7329909
 6958944
 6604235
 6261643
 5937714
 5631979
 5340407
 5060246
 4798793
 4544591
 4300001
 4071423
 3852047
 3644730
 3445868
 3262453
 3083341
 2920208
 2754976
 2602082
 2459587
 2322728
 2189020
 2066164
 1951586
 1837440
 1734253
 1634849
 1539027
 1452190
 1368615
 1289722
 1213743
 1143777
 1075836
 1011693
  953002
  896425
  841556
  790761
  741693
  701356
  655497
  617404
  580916
  543066
  510596
  478350
  449564
  422375
  394414
  370691
  347563
  324557
  305150
  285292
  268150
  250433
  235319
  219957
  205669
  192270
  179286
  168640
  157149
  147413
  137837
  128964
  120582
  113551
  105286
   98538
   92633
   86192
   81023
   75408
   70714
   65891
   61621
   58023
   54107
   50222
   47297
   44163
   41813
   39137
   36138
   34062
   32164
   29884
   28233
   26490
   25024
   23299
   22045
   20566
   19564
   18275
   17067
   16400
   15238
   14504
   13726
   13093
   12505
   11933
   11146
   10459
    9973
    9465
    9128
    8672
    8157
    7748
    7551
    7167
    6833
    6675
    6310
    5925
    5727
    5417
    5328
    5069
    4925
    4532
    4482
    4318
    4108
    3948
    3802
    3692
    3562
    3342
    3288
    3124
    3068
    2981
    2772
    2702
    2729
    2558
    2430
    2357
    2300
    2235
    2122
    1961
    1947
    1845
    1835
    1725
    1723
    1674
    1548
    1561
    1433
    1427
    1304
    1322
    1200
    1231
    1170
    1098
    1080
     991
     975
     979
     921
     898
     848
     838
     807
     684
     726
     652
     671
     645
     616
     561
     589
     503
     515
     495
     528
     435
     411
     409
     422
     343
     389
     348
     330
     322
     319
     315
     266
     243
     238
     254
     241
     224
     219
     185
     204
     191
     169
     170
     164
     156
     136
     120
     126
     129
     108
     109
     104
      89
      93
      72
      87
      75
      76
      84
      58
      78
      44
      60
      55
      42
      45
      44
      31
      37
      40
      35
      33
      28
      33
      36
      30
      25
      19
      19
      18
      13
      15
      24
      13
      12
      15
       9
      14
      15
      12
      10
      10
       6
      11
       9
       6
      11
       6
       6
       5
       6
       6
       5
       5
       5
       4
       5
       6
      11
       4
       6
       4
       1
       3
       2
       3
       2
       5
       3
       4
       1
       1
       3
       2
       1
       3
       1
       2
       0
       2
       1
       2
       2
       4
       1
       2
       1
       2
       1
       1
       0
       2
       1
       0
       1
       1
       0
       3
       0
       0
       2
       2
       1
       0
       1
       0
       1
       0
       0
       0
       0
       1
       0
       0
       0
       1
       0
       1
       0
       0
       1
       0
       0
       0
       0
       1
       3
       0
       0
       1
       0
       0
       0
       0
       0
       0
       0
       0
       1
       1
       0
       0
       0
       0
       0
       1
       0
       1
       0
       0
       0
       0
       0
       0
       0
       2
       1
       0
       0
       0
       0
       0
       0
       0
       0
       0
       1
       1
       0
       0
       0
       0
       0
       0
       0
       0
       0
       1
       0
       0
       0
       0
       0
       0
       0
       0
       1
       0
       0
       0
       0
       0
       1
       0
       0
       0
       1
       0
       0
       0
       0
       1
       1
       0
       1
       0
       1
       0
       0
       1
       0
       0
       0
       0
       0
       1
       0
       1
       0
       1
       0
       0
       0
       0
       0
       0
       0
       0
       0
       0
       0
       1
       0
       0
       0
       0
       0
       0
       0
       0
       0
       0
       0
       0
       0
       0
       0
       0
       0
       0
       0
       0
       0
       0
       1
       0
       1
       0
       0
       2
       0
       0
       0
       0
       0
       0
       0
       0
       0
       0
       0
       0
       0
       0
       0
       0
       0
       0
       1
       0
       0
       0
       0
       0
       0
       1
       1
       0
       1
       0
       0
       0
       0
       0
       0
       0
       0
       0
       0
       0
       0
       0
       0
       1
       0
       0
       0
       0
       0
       0
       0
       0
       0
       1
       0
       1
       0
       0
       1
       0
       0
       0
       0
       0
       0
       0
       0
       0
       1
       0
       1
       1
       0
       0
       0
       0
       0
       0
       0
       1
       0
       0
       0
       0
       0
       0
       0
       0
       0
       0
       0
       0
       1
       0
       0
       0
       0
       0
       0
       0
       0
       0
       0
       0
       0
       0
       0
       0
       0
       0
       0
       0
       0
       0
       0
       0
       0
       0
       0
       0
       0
       0
       0
       1
       1
       0
       0
       0
       0
       0
       0
       0
       0
       0
       0
       0
       0
       0
       0
       0
       0
       0
       0
       0
       1
       0
       0
       0
       0
       0
       0
       1
       0
       0
       1
       0
       0
       0
       0
       0
       0
       0
       0
       0
       0
       0
       0
       1
       1
       0
       0
       1
       0
       0
       0
       0
       0
       1
       0
       1
       1
       0
       0
       1
       0
       0
       0
       0
       0
       0
       0
       0
       0
       0
       0
       0
       0
       0
       0
       0
       0
       0
       0
       0
       0
       0
       0
       0
       0
       0
       0
       0
       2
       0
       0
       0
       0
       0
       2
       0
       0
       0
       0
       0
       0
       0
       0
       0
       0
       0
       0
       0
       0
       1
       0
       1
       0
       2
       0
       0
       0
       0
       0
       0
       0
       1
       1
       0
       0
       0
       1
       1
       0
       1
       0
       0
       1
       0
       0
       1
       1
       0
       0
       0
       2
       0
       0
       0
       1
       0
       0
       0
       2
       0
       2
       0
       3
       0
       0
       3
       2
       2
       1
       0
       2
       0
       1
       1
       2
       0
       1
       0
       1
       0
       3
       1
       1
       1
       2
       0
       0
       0
       0
       2
       0
       2
       1
       2
       0
       2
       1
       1
       2
       2
       0
       0
       2
       0
       3
       2
       0
       0
       1
       0
       2
       1
       3
       2
       4
       3
       1
       4
       1
       2
       0
       2
       1
       2
       1
       2
       3
       1
       1
       2
       0
       2
       2
       4
       3
       2
       0
       3
       1
       1
       2
       2
       0
       4
       3
       0
       4
       3
       0
       6
       1
       1
       0
       3
       2
       0
       3
       0
       5
       2
       1
       1
       3
       1
       3
       2
       0
       1
       4
       2
       3
       1
       0
       1
       2
       2
       3
       3
       1
       3
       2
       0
       1
       3
       1
       2
       2
       1
       1
       3
       0
       2
       2
       0
       2
       3
       2
       1
       3
       2
       3
       3
       2
       3
       1
       1
       3
       4
       3
       5
       2
       3
       1
       3
       2
       2
       0
       2
       1
       4
       4
       2
       2
       2
       3
       0
       1
       2
       3
       0
       0
       1
       3
       0
       3
       2
       5
       1
       3
       2
       1
       2
       1
       0
       5
       1
       1
       2
       3
       3
       2
       0
       4
       4
       0
       3
       0
       2
       2
       1
       1
       1
       0
       1
       1
       4
       3
       0
       4
       1
       1
       4
       2
       1
       0
       2
       0
       3
       1
       2
       2
       1
       2
       0
       2
       2
       1
       2
       2
       1
       1
       1
       1
       3
       2
       2
       1
       3
       3
       0
       0
       2
       0
       2
       3
       3
       2
       1
       2
       1
       0
       0
       2
       1
       1
       1
       1
       0
       1
       2
       1
       0
       3
       1
       0
       3
       4
       2
       0
       1
       4
       0
       1
       1
       1
       0
       1
       1
       1
       0
       0
       0
       1
       2
       1
       1
       0
       0
       1
       0
       0
       0
       0
       1
       0
       0
       0
       0
       0
       3
       1
       0
       0
       0
       0
       0
       0
       1
       1
       0
       0
       0
       0
       0
       0
       0
       0
       2
       0
       0
       0
       0
       1
       1
       1
       0
       0
       0
       0
       0
       0
       0
       0
       0
       0
       0
       0
       0
       0
       0
       0
       0
       1
       0
       0
       0
       0
       1
       0
       0
       0
       0
       0
       0
       0
       0
       0
       0
       1
       0
       0
       0
       0
       0
       0
       0
       0
       0
       0
       0
       0
       0
       1
       0
       0
       0
       0
       0
       0
       0
       0
       0
       0
       0
       0
       0
       0
       0
       1
       0
       0
       0
       0
       0
       0
       0
       1
       0
       1
       1
       0
       0
       0
       1
       0
       0
       0
       0
       0
       0
       0
       0
       0
       2
       1
       0
       0
       1
       0
       2
       0
       0
       1
       0
       0
       0
       0
       0
       0
       0
       1
       0
       1
       1
       1
       0
       0
       0
       0
       1
       0
       2
       0
       0
       0
       1
       0
       0
       0
       0
       2
       1
       0
       0
       0
       0
       2
       1
       0
       0
       1
       1
       1
       0
       0
       0
       1
       0
       1
       0
       3
       0
       2
       0
       2
       0
       0
       1
       3
       1
       1
       2
       1
       0
       2
       3
       1
       2
       1
       0
       2
       0
       0
       1
       1
       1
       0
       1
       1
       1
       2
       1
       1
       2
       2
       2
       0
       0
       2
       1
       1
       4
       5
       0
       3
       1
       2
       1
       0
       1
       1
       2
       1
       2
       0
       3
       0
       1
       1
       1
       0
       5
       1
       1
       1
       1
       4
       3
       0
       2
       2
       2
       1
       0
       1
       0
       1
       2
       2
       1
       1
       1
       5
       8
       3
       2
       0
       2
       1
       1
       2
       0
       3
       2
       1
       1
       2
       1
       3
       3
       3
       1
       3
       0
       5
       4
       2
       2
       0
       1
       2
       0
       2
       1
       1
       1
       0
       1
       3
       2
       0
       0
       3
       2
       1
       2
       0
       1
       0
       1
       1
       1
       0
       0
       0
       1
       0
       0
       3
       0
       1
       1
       0
       3
       0
       2
       2
       0
       0
       2
       0
       0
       0
       0
       1
       0
       1
       0
       1
       0
       1
       0
       2
       1
       1
       0
       1
       1
       0
       0
       0
       0
       0
       0
       0
       1
       0
       0
       0
       1
       0
       0
       0
       0
       1
       1
       0
       0
       0
       0
       0
       0
       0
       0
       0
       0
       1
       0
       1
       0
       0
       1
       0
       0
       0
       0
       0
       1
       0
       0
       1
       0
       0
       0
       0
       0
       0
       0
       0
       0
       0
       0
       0
       0
       0
       0
       0
       0
       0
       0
       0
       0
       0
       0
       0
       0
       0
       0
       0
       0
       0
       0
       0
       0
       0
       0
       0
       0
       0
       0
       0
       0
       0
       0
       0
       0
       0
       0
       0
       0
       0
       0
       0
       0
       1
       0
       0
       0
       0
       0
       0
       0
       0
       0
       0
       0
       0
       0
       0
       0
       0
       0
       0
       0
       0
       0
       0
       0
       0
       0
       0
       0
       0
       0
       0
       0
       0
       0
       0
       0
       0
       1
       0
       0
       0
       0
       0
       0
       0
       0
       0
       0
       0
       0
       0
       0
       0
       0
       0
       0
       0
       0
       0
       0
       0
       0
       0
       0
       0
       0
       0
       0
       0
       0
       0
       1
       0
       0
       0
       0
       0
       0
       0
       0
       0
       0
       0
       0
       0
       0
       0
       0
       0
       0
       0
       0
       0
       0
       0
       0
       0
       0
       0
       0
       0
       0
       0
       0
       0
       0
       0
       0
       0
       0
       0
       0
       0
       0
       0
       0
       1
       0
       0
       0
       0
       0
       0
       0
       0
       0
       0
       0
       0
       0
       0
       0
       1
       0
       0
       0
       0
       0
       0
       0
       0
       0
       0
       0
       0
       0
       0
       0
       0
       0
       0
       0
       0
       0
       0
       0
       0
       0
       0
       0
       0
       0
       0
       0
       0
       0
       0
       0
       0
       0
       0
       0
       0
       0
       0
       0
       0
       0
       0
       0
       0
       0
       0
       0
       0
       0
       0
       0
       0
       0
       0
       0
       0
       0
       0
       0
       0
       0
       0
       0
       0
       0
       0
       0
       0
       0
       0
       0
       0
       0
       0
       0
       0
       0
       0
       0
       0
       0
       0
       0
       0
       0
       0
       0
       0
       0
       0
       0
       0
       0
       0
       0
       0
       0
       0
       0
       0
       0
       0
       0
       0
       0
       0
       0
       0
       0
       0
       0
       0
       0
       0
       0
       0
       0
       0
       0
       0
       0
       0
       0
       0
       0
       0
       0
       0
       0
       0
       0
       0
       0
       0
       0
       0
       0
       0
       0
       0
       0
       0
       0
       0
       0
       0
       0
       0
       0
       0
       0
       0
       0
       0
       0
       0
       0
       0
       0
       0
       0
       0
       0
       0
       0
       0
       0
       0
       0
       0
       0
       0
       0
       0
       0
       0
       0
       0
       0
       0
       0
       0
       0
       0
       0
       0
       0
       0
       0
       0
       0
       0
       0
       0
       0
       0
       0
       0
       0
       0
       0
       0
       0
       0
       0
       0
       0
       0
       0
       0
       0
       0
       0
       0
       0
       0
       0
       0
       0
       0
       0
       0
       0
       0
       0
       0
       0
       0
       0
       0
       0
       0
       0
       0
       0
       0
       0
       0
       0
       0
       0
       0
       0
       0
       0
       0
       0
       0
       0
       0
       0
       0
       0
       0
       0
       0
       0
       0
       0
       0
       0
$ROI:
1
921 1079
$PRESETS:
None
0
0
$ENER_FIT:
0.000000 6.583851
$MCA_CAL:
3
0.000000E+000 6.583851E+000 0.000000E+000 keV
$SHAPE_CAL:
3
0.000000E+000 0.000000E+000 0.000000E+000
