$SPEC_ID:
Run 608, Background
$SPEC_REM:
DET# 1
DETDESC# Electrostatic MCA
AP# Maestro Version 6.08
$DATE_MEA:
09/24/2020 16:21:39
$MEAS_TIM:
212790 342026
$DATA:
0 2047
       0
       0
       0
       0
       0
       0
       0
       0
       0
       0
       0
       0
       0
       0
       0
       0
       0
       0
       0
       0
       0
       0
       0
       0
       0
       0
       0
       0
       0
       0
       0
       0
       0
       0
       0
       0
       0
       0
       0
       0
       0
       0
       0
       0
       0
       0
       0
       0
       0
       0
       0
       0
       0
       0
       0
       0
       0
       0
       0
       0
       0
       0
       0
       0
       0
       0
       0
       0
       0
  120800
173252871
226949257
223874429
220790123
217569377
214330199
210990798
207634157
204217930
200730914
197200632
193675650
190071988
186481181
182838598
179220408
175567890
171889266
168218160
164543783
160909627
157219849
153591010
149950135
146339823
142762296
139196359
135656682
132154751
128687975
125248464
121875920
118513757
115204040
111945733
108710667
105538547
102439523
99358009
96343126
93371337
90437492
87596546
84792236
82042978
79370929
76722757
74171668
71656323
69184389
66786210
64446623
62176450
59936521
57775961
55658503
53618583
51605378
49673974
47783457
45961098
44168278
42457646
40772742
39159786
37582978
36071365
34594110
33162527
31803794
30462342
29177878
27933403
26739668
25594573
24470185
23389431
22371885
21379135
20412921
19498004
18609440
17761775
16939850
16161962
15401170
14676003
13991772
13323910
12679534
12072296
11479867
10928178
10391348
 9877818
 9388748
 8915296
 8473142
 8043969
 7638599
 7243693
 6870873
 6519827
 6182060
 5860959
 5558503
 5263483
 4983720
 4718232
 4465845
 4225663
 3996240
 3782900
 3576567
 3387910
 3197105
 3019631
 2855070
 2696180
 2542203
 2400071
 2266852
 2134873
 2014923
 1899947
 1788880
 1687912
 1591236
 1498955
 1410841
 1329461
 1251379
 1177211
 1108310
 1042724
  979269
  920205
  863164
  815156
  763070
  718630
  676026
  632534
  594313
  556883
  523477
  491733
  459060
  432016
  404905
  378029
  355179
  332527
  312383
  291770
  273904
  256265
  239505
  224149
  208959
  196316
  183011
  171930
  160666
  150449
  140569
  132215
  122774
  114749
  108151
  100600
   94353
   87798
   82298
   76591
   71965
   67549
   63024
   58680
   55155
   51597
   48678
   45629
   42080
   39684
   37458
   34820
   32888
   30765
   29092
   27236
   25680
   23876
   22648
   21338
   19896
   19039
   17864
   16936
   15946
   15213
   14607
   13809
   12876
   12061
   11654
   10995
   10584
   10002
    9451
    9025
    8756
    8293
    7975
    7709
    7271
    6915
    6628
    6279
    6142
    5866
    5682
    5273
    5212
    4946
    4732
    4562
    4433
    4280
    4126
    3900
    3803
    3625
    3552
    3432
    3235
    3131
    3152
    2943
    2817
    2721
    2657
    2606
    2457
    2295
    2253
    2179
    2132
    2021
    1989
    1947
    1788
    1828
    1654
    1649
    1508
    1520
    1418
    1446
    1345
    1296
    1267
    1155
    1147
    1151
    1083
    1046
    1006
     974
     949
     806
     840
     774
     795
     758
     711
     684
     692
     587
     607
     583
     601
     509
     481
     470
     487
     409
     451
     414
     386
     368
     385
     360
     314
     276
     278
     286
     282
     256
     261
     224
     239
     229
     202
     205
     192
     174
     163
     140
     157
     154
     135
     128
     127
     104
     109
      93
     101
      93
      87
      96
      79
      85
      53
      70
      64
      48
      56
      51
      38
      41
      50
      39
      36
      35
      42
      41
      36
      34
      23
      21
      19
      14
      16
      26
      17
      16
      20
       9
      16
      16
      17
      14
      12
       8
      13
      11
       7
      14
       8
       6
       6
       7
       6
       6
       8
       5
       5
       7
       8
      13
       5
       6
       5
       1
       3
       2
       5
       3
       6
       3
       6
       2
       1
       4
       2
       1
       3
       1
       2
       1
       3
       3
       2
       3
       4
       3
       2
       1
       3
       1
       1
       0
       2
       2
       0
       1
       1
       1
       4
       0
       0
       2
       2
       1
       1
       1
       0
       1
       1
       0
       0
       0
       1
       0
       0
       0
       1
       0
       1
       0
       0
       1
       2
       0
       0
       0
       1
       3
       0
       0
       1
       0
       1
       0
       0
       0
       0
       0
       0
       1
       1
       0
       0
       0
       0
       0
       1
       0
       1
       0
       0
       0
       0
       0
       0
       0
       2
       1
       0
       0
       0
       0
       0
       0
       0
       0
       0
       1
       1
       0
       0
       0
       0
       0
       0
       0
       0
       0
       1
       0
       0
       0
       0
       0
       0
       0
       0
       1
       0
       1
       0
       0
       0
       1
       0
       0
       0
       1
       0
       0
       0
       1
       1
       1
       0
       1
       1
       1
       0
       0
       1
       0
       0
       0
       0
       0
       1
       0
       1
       0
       1
       0
       0
       1
       0
       0
       0
       0
       0
       0
       0
       0
       1
       0
       0
       0
       0
       0
       0
       0
       0
       0
       0
       0
       0
       0
       0
       0
       1
       0
       0
       0
       0
       0
       0
       1
       0
       1
       0
       0
       2
       0
       0
       0
       0
       0
       0
       0
       0
       0
       0
       0
       0
       0
       0
       0
       0
       0
       0
       1
       0
       0
       0
       0
       0
       0
       1
       1
       0
       1
       0
       0
       0
       0
       0
       0
       0
       0
       0
       0
       0
       0
       0
       0
       1
       0
       0
       0
       0
       0
       1
       0
       0
       0
       1
       0
       1
       0
       0
       1
       0
       0
       0
       0
       0
       0
       0
       0
       0
       1
       0
       1
       1
       0
       0
       0
       0
       0
       0
       0
       1
       0
       0
       0
       0
       0
       0
       0
       0
       0
       0
       0
       0
       1
       0
       0
       0
       0
       0
       0
       0
       0
       0
       0
       0
       0
       0
       0
       0
       0
       0
       0
       0
       0
       0
       0
       0
       0
       0
       0
       0
       0
       0
       0
       1
       1
       0
       0
       0
       0
       0
       0
       0
       0
       1
       0
       0
       0
       0
       0
       0
       0
       0
       0
       0
       1
       0
       0
       0
       0
       0
       0
       1
       0
       0
       1
       0
       0
       0
       0
       0
       0
       0
       0
       0
       0
       0
       0
       1
       1
       0
       0
       1
       0
       0
       0
       1
       0
       1
       0
       1
       1
       0
       0
       1
       0
       0
       0
       0
       0
       0
       0
       0
       0
       0
       0
       0
       0
       0
       0
       0
       0
       0
       0
       0
       0
       0
       0
       0
       0
       0
       0
       0
       2
       1
       0
       0
       0
       0
       2
       0
       0
       0
       0
       0
       0
       0
       0
       0
       0
       0
       0
       0
       0
       1
       0
       1
       0
       2
       0
       0
       0
       0
       0
       0
       0
       1
       1
       0
       1
       0
       1
       1
       0
       1
       0
       0
       1
       0
       0
       1
       1
       0
       0
       0
       2
       1
       0
       0
       1
       0
       0
       0
       2
       0
       3
       0
       3
       0
       0
       3
       2
       3
       1
       0
       2
       0
       1
       1
       2
       0
       1
       1
       1
       0
       3
       1
       1
       1
       2
       0
       0
       0
       0
       2
       0
       2
       1
       2
       1
       2
       1
       1
       2
       2
       0
       0
       2
       1
       3
       2
       0
       0
       1
       0
       2
       1
       4
       2
       4
       3
       1
       4
       1
       2
       0
       2
       1
       2
       1
       2
       3
       1
       2
       2
       0
       2
       2
       5
       3
       2
       0
       3
       1
       2
       3
       3
       0
       4
       3
       1
       4
       4
       0
       6
       1
       1
       1
       3
       3
       0
       4
       0
       5
       2
       1
       2
       3
       1
       3
       2
       0
       1
       4
       2
       3
       1
       1
       1
       2
       2
       3
       3
       1
       3
       2
       1
       1
       3
       1
       2
       2
       1
       1
       3
       0
       2
       2
       0
       2
       3
       2
       1
       4
       2
       3
       3
       2
       4
       1
       2
       3
       4
       3
       5
       2
       3
       2
       3
       2
       3
       1
       2
       1
       4
       4
       3
       2
       2
       3
       0
       2
       2
       3
       0
       1
       1
       3
       0
       3
       3
       5
       1
       4
       2
       1
       2
       1
       0
       5
       1
       2
       2
       3
       3
       2
       0
       4
       4
       0
       3
       0
       3
       2
       1
       1
       1
       0
       1
       1
       4
       3
       0
       4
       1
       1
       4
       2
       1
       0
       3
       1
       3
       1
       2
       2
       1
       2
       0
       2
       2
       1
       2
       2
       1
       1
       1
       1
       3
       2
       2
       1
       3
       3
       1
       0
       2
       0
       2
       3
       3
       2
       1
       2
       1
       0
       1
       2
       1
       1
       1
       1
       0
       1
       2
       1
       0
       3
       1
       0
       3
       4
       2
       0
       1
       4
       0
       1
       1
       1
       0
       1
       1
       1
       0
       0
       0
       1
       2
       1
       1
       0
       0
       1
       0
       0
       0
       0
       1
       0
       0
       0
       0
       0
       3
       1
       0
       0
       0
       0
       0
       0
       1
       1
       0
       0
       0
       0
       0
       0
       0
       0
       2
       0
       0
       0
       0
       1
       1
       1
       0
       0
       0
       0
       0
       0
       0
       0
       0
       0
       0
       0
       0
       0
       0
       0
       0
       1
       0
       0
       0
       0
       1
       0
       0
       0
       0
       0
       0
       0
       0
       0
       0
       1
       0
       0
       0
       0
       0
       0
       0
       0
       0
       0
       0
       0
       0
       1
       0
       0
       0
       0
       0
       0
       0
       0
       0
       0
       0
       0
       0
       0
       0
       1
       0
       0
       0
       0
       0
       0
       0
       1
       0
       1
       1
       0
       0
       0
       1
       0
       0
       0
       0
       0
       0
       0
       0
       0
       2
       1
       0
       0
       1
       0
       2
       0
       0
       1
       0
       0
       0
       0
       0
       0
       0
       1
       0
       1
       1
       2
       0
       0
       0
       0
       1
       0
       2
       0
       0
       0
       1
       0
       0
       0
       0
       2
       1
       0
       0
       0
       0
       2
       2
       0
       0
       1
       1
       1
       0
       0
       0
       1
       0
       1
       0
       3
       0
       2
       0
       3
       0
       0
       1
       3
       1
       1
       2
       1
       0
       3
       3
       1
       2
       1
       0
       2
       0
       1
       1
       1
       1
       0
       1
       1
       2
       2
       1
       1
       2
       2
       2
       0
       0
       2
       1
       1
       4
       5
       1
       4
       1
       3
       1
       0
       1
       1
       2
       1
       2
       0
       3
       0
       1
       1
       1
       0
       5
       1
       1
       1
       2
       4
       4
       0
       2
       2
       2
       1
       0
       1
       0
       1
       2
       2
       1
       1
       1
       5
       8
       3
       2
       0
       3
       1
       1
       2
       0
       5
       2
       1
       1
       2
       1
       3
       4
       3
       1
       3
       0
       5
       4
       3
       2
       0
       1
       2
       0
       3
       1
       1
       1
       0
       1
       3
       2
       0
       0
       3
       2
       1
       2
       0
       2
       0
       1
       1
       1
       0
       0
       0
       1
       0
       0
       3
       0
       1
       1
       0
       3
       0
       2
       2
       0
       0
       2
       1
       0
       0
       0
       1
       0
       1
       0
       1
       0
       2
       0
       2
       1
       1
       0
       1
       1
       0
       0
       0
       0
       0
       0
       0
       1
       0
       0
       0
       1
       0
       0
       0
       0
       1
       1
       0
       0
       0
       0
       0
       0
       0
       1
       0
       0
       1
       0
       1
       0
       0
       1
       0
       0
       0
       0
       0
       1
       0
       0
       1
       0
       0
       0
       0
       0
       0
       0
       0
       0
       0
       0
       0
       0
       0
       0
       0
       0
       0
       0
       0
       0
       0
       0
       0
       0
       0
       1
       0
       0
       0
       0
       0
       0
       0
       0
       0
       0
       0
       0
       0
       0
       0
       0
       0
       0
       0
       0
       0
       0
       0
       0
       0
       0
       1
       0
       0
       0
       0
       0
       0
       0
       0
       0
       0
       0
       0
       0
       0
       0
       0
       0
       0
       0
       0
       0
       0
       0
       0
       0
       0
       0
       0
       0
       0
       0
       0
       0
       0
       0
       0
       1
       0
       0
       0
       0
       0
       0
       0
       0
       0
       0
       0
       0
       0
       0
       0
       0
       0
       0
       0
       0
       0
       0
       0
       0
       0
       0
       0
       0
       0
       0
       0
       0
       0
       1
       0
       0
       0
       0
       0
       0
       0
       0
       0
       0
       0
       0
       0
       0
       0
       0
       0
       0
       0
       0
       0
       0
       0
       0
       0
       0
       0
       0
       0
       0
       0
       0
       0
       0
       0
       0
       0
       0
       0
       0
       0
       0
       0
       0
       1
       0
       0
       0
       0
       0
       0
       0
       0
       0
       0
       0
       0
       0
       0
       0
       1
       0
       0
       0
       0
       0
       0
       0
       0
       0
       0
       0
       0
       0
       0
       0
       0
       0
       0
       0
       0
       0
       0
       0
       0
       0
       0
       0
       0
       0
       0
       0
       0
       0
       0
       0
       0
       0
       0
       0
       0
       0
       0
       0
       0
       0
       0
       0
       0
       0
       0
       0
       0
       0
       0
       0
       0
       0
       0
       0
       0
       0
       0
       0
       0
       0
       0
       0
       0
       0
       0
       0
       0
       0
       0
       0
       0
       0
       0
       0
       0
       0
       0
       0
       0
       0
       0
       0
       0
       0
       0
       0
       0
       0
       0
       0
       0
       0
       0
       0
       0
       0
       0
       0
       0
       0
       0
       0
       0
       0
       0
       0
       0
       0
       0
       0
       0
       0
       0
       0
       0
       0
       0
       0
       0
       0
       0
       0
       0
       0
       0
       0
       0
       0
       0
       0
       0
       0
       0
       0
       0
       0
       0
       0
       0
       0
       0
       0
       0
       0
       0
       0
       0
       0
       0
       0
       0
       0
       0
       0
       0
       0
       0
       0
       0
       0
       0
       0
       0
       0
       0
       0
       0
       0
       0
       0
       0
       0
       0
       0
       0
       0
       0
       0
       0
       0
       0
       0
       0
       0
       0
       0
       0
       0
       0
       0
       0
       0
       0
       0
       0
       0
       0
       0
       0
       0
       0
       0
       0
       0
       0
       0
       0
       0
       0
       0
       0
       0
       0
       0
       0
       0
       0
       0
       0
       0
       0
       0
       0
       0
       0
       0
       0
       0
       0
       0
       0
       0
       0
       0
       0
       0
       0
       0
       0
       0
       0
       0
       0
       0
       0
       0
       0
       0
       0
       0
       0
       0
       0
       0
       0
       0
       0
       0
       0
       0
$ROI:
1
921 1079
$PRESETS:
None
0
0
$ENER_FIT:
0.000000 6.583851
$MCA_CAL:
3
0.000000E+000 6.583851E+000 0.000000E+000 keV
$SHAPE_CAL:
3
0.000000E+000 0.000000E+000 0.000000E+000
