$SPEC_ID:
Run 608, Background
$SPEC_REM:
DET# 1
DETDESC# Electrostatic MCA
AP# Maestro Version 6.08
$DATE_MEA:
09/24/2020 16:21:39
$MEAS_TIM:
115738 180013
$DATA:
0 2047
       0
       0
       0
       0
       0
       0
       0
       0
       0
       0
       0
       0
       0
       0
       0
       0
       0
       0
       0
       0
       0
       0
       0
       0
       0
       0
       0
       0
       0
       0
       0
       0
       0
       0
       0
       0
       0
       0
       0
       0
       0
       0
       0
       0
       0
       0
       0
       0
       0
       0
       0
       0
       0
       0
       0
       0
       0
       0
       0
       0
       0
       0
       0
       0
       0
       0
       0
       0
       0
   57874
90219090
118066684
116075457
114071692
112025990
109959592
107861883
105769718
103636335
101480654
99325326
97178932
95002940
92850618
90688434
88535722
86384334
84235061
82096030
79982691
77896917
75800558
73747231
71686419
69656877
67676793
65698770
63765080
61839572
59951600
58099553
56297549
54496558
52748161
51014689
49332708
47684845
46074243
44488618
42950573
41429791
39947082
38530023
37117213
35760678
34434977
33134571
31899097
30675982
29478965
28338762
27216082
26148277
25089559
24076293
23096258
22150026
21222612
20340440
19478866
18655667
17848163
17086493
16331247
15626533
14928677
14269022
13627030
13008567
12414510
11851356
11304890
10778287
10274408
 9792951
 9332433
 8878645
 8461394
 8052771
 7660307
 7285242
 6929814
 6589759
 6260561
 5950947
 5652350
 5363399
 5093865
 4834897
 4583922
 4351500
 4121522
 3910763
 3706988
 3511981
 3325719
 3149276
 2982013
 2825142
 2670987
 2527445
 2389413
 2260198
 2136678
 2017856
 1909225
 1803231
 1705189
 1607051
 1517433
 1432807
 1349656
 1275169
 1203749
 1134729
 1069183
 1006816
  949714
  895631
  841881
  793746
  745906
  701639
  661882
  621470
  583418
  550153
  517763
  486499
  457045
  429997
  403624
  379546
  356243
  334195
  313804
  294013
  275095
  259898
  242831
  228064
  214298
  199579
  188568
  175541
  165282
  154678
  144021
  135732
  127145
  118168
  111740
  103834
   97470
   90970
   85781
   80077
   74659
   69326
   65168
   60879
   56954
   53450
   49630
   46819
   43446
   41114
   38204
   35752
   33628
   31528
   29600
   27321
   25612
   23929
   22368
   21344
   19559
   18404
   17307
   16238
   15346
   14261
   13446
   12431
   11920
   11129
   10461
    9844
    9472
    8873
    8294
    7819
    7375
    7011
    6514
    6394
    5967
    5501
    5360
    5108
    4910
    4662
    4454
    4087
    3864
    3756
    3638
    3505
    3215
    3024
    3027
    2861
    2745
    2752
    2483
    2390
    2292
    2153
    2164
    2086
    2062
    1865
    1826
    1769
    1611
    1635
    1539
    1510
    1475
    1379
    1327
    1259
    1224
    1200
    1157
    1110
    1135
    1056
     955
    1003
     914
     902
     880
     826
     772
     756
     738
     714
     674
     646
     612
     635
     586
     558
     504
     507
     454
     468
     461
     390
     426
     367
     364
     380
     369
     350
     334
     318
     306
     253
     279
     240
     236
     260
     204
     234
     230
     205
     198
     191
     210
     146
     141
     167
     143
     128
     136
     133
     118
     108
     110
     115
      97
     104
      92
      94
      72
      79
      80
      58
      65
      61
      69
      58
      63
      56
      49
      46
      43
      41
      45
      45
      45
      35
      37
      25
      25
      31
      29
      27
      31
      32
      15
      19
      18
      16
      13
      12
      11
      12
      13
       9
      10
      13
       6
      11
      12
       6
       4
       8
       8
       3
       4
       7
       7
       4
       3
       3
       3
       7
       3
       3
       5
       3
       2
       5
       2
       3
       2
       1
       0
       0
       2
       2
       1
       1
       2
       1
       2
       8
       1
       3
       1
       0
       0
       1
       2
       1
       2
       0
       1
       1
       1
       3
       1
       1
       1
       0
       2
       0
       0
       0
       1
       1
       1
       0
       1
       1
       2
       1
       0
       0
       1
       1
       0
       1
       1
       0
       2
       0
       0
       1
       2
       0
       0
       1
       0
       1
       0
       0
       0
       0
       0
       0
       0
       0
       1
       0
       1
       0
       0
       0
       0
       0
       0
       0
       0
       1
       0
       0
       1
       0
       0
       0
       0
       0
       0
       0
       0
       1
       0
       0
       0
       0
       0
       0
       1
       0
       1
       0
       0
       0
       0
       0
       0
       0
       2
       1
       0
       0
       0
       0
       0
       0
       0
       0
       0
       1
       1
       0
       0
       0
       0
       0
       0
       0
       0
       0
       0
       0
       0
       0
       0
       0
       0
       0
       0
       1
       0
       0
       0
       0
       0
       1
       0
       0
       0
       1
       0
       0
       0
       0
       1
       1
       0
       0
       0
       1
       0
       0
       0
       0
       0
       0
       0
       0
       1
       0
       1
       0
       1
       0
       0
       0
       0
       0
       0
       0
       0
       0
       0
       0
       0
       0
       0
       0
       0
       0
       0
       0
       0
       0
       0
       0
       0
       0
       0
       0
       0
       0
       0
       0
       0
       0
       0
       0
       0
       0
       0
       0
       2
       0
       0
       0
       0
       0
       0
       0
       0
       0
       0
       0
       0
       0
       0
       0
       0
       0
       0
       0
       0
       0
       0
       0
       0
       0
       1
       0
       0
       0
       0
       0
       0
       0
       0
       0
       0
       0
       0
       0
       0
       0
       0
       0
       1
       0
       0
       0
       0
       0
       0
       0
       0
       0
       1
       0
       0
       0
       0
       1
       0
       0
       0
       0
       0
       0
       0
       0
       0
       1
       0
       0
       0
       0
       0
       0
       0
       0
       0
       0
       0
       0
       0
       0
       0
       0
       0
       0
       0
       0
       0
       0
       0
       1
       0
       0
       0
       0
       0
       0
       0
       0
       0
       0
       0
       0
       0
       0
       0
       0
       0
       0
       0
       0
       0
       0
       0
       0
       0
       0
       0
       0
       0
       0
       1
       1
       0
       0
       0
       0
       0
       0
       0
       0
       0
       0
       0
       0
       0
       0
       0
       0
       0
       0
       0
       1
       0
       0
       0
       0
       0
       0
       0
       0
       0
       0
       0
       0
       0
       0
       0
       0
       0
       0
       0
       0
       0
       0
       1
       0
       0
       0
       0
       0
       0
       0
       0
       0
       1
       0
       1
       1
       0
       0
       0
       0
       0
       0
       0
       0
       0
       0
       0
       0
       0
       0
       0
       0
       0
       0
       0
       0
       0
       0
       0
       0
       0
       0
       0
       0
       0
       0
       0
       2
       0
       0
       0
       0
       0
       0
       0
       0
       0
       0
       0
       0
       0
       0
       0
       0
       0
       0
       0
       0
       0
       0
       0
       0
       2
       0
       0
       0
       0
       0
       0
       0
       0
       0
       0
       0
       0
       0
       0
       0
       1
       0
       0
       1
       0
       0
       0
       0
       0
       0
       0
       2
       0
       0
       0
       1
       0
       0
       0
       0
       0
       0
       0
       3
       0
       0
       2
       0
       1
       1
       0
       0
       0
       1
       1
       1
       0
       0
       0
       0
       0
       1
       1
       1
       1
       1
       0
       0
       0
       0
       1
       0
       2
       0
       2
       0
       0
       0
       1
       0
       2
       0
       0
       0
       0
       2
       2
       0
       0
       1
       0
       0
       1
       2
       1
       2
       3
       0
       4
       1
       1
       0
       2
       0
       2
       0
       2
       2
       1
       1
       1
       0
       0
       0
       2
       1
       2
       0
       3
       1
       1
       1
       0
       0
       2
       1
       0
       2
       1
       0
       4
       1
       1
       0
       2
       0
       0
       2
       0
       1
       1
       1
       1
       3
       1
       1
       1
       0
       0
       3
       0
       2
       1
       0
       0
       1
       1
       0
       1
       0
       2
       0
       0
       1
       3
       1
       2
       1
       1
       0
       2
       0
       1
       0
       0
       2
       3
       2
       0
       2
       1
       3
       1
       0
       3
       1
       0
       1
       2
       3
       0
       2
       3
       1
       2
       1
       2
       0
       1
       1
       3
       2
       2
       1
       1
       3
       0
       0
       0
       3
       0
       0
       0
       2
       0
       3
       1
       2
       0
       3
       0
       0
       2
       0
       0
       3
       0
       1
       1
       3
       3
       2
       0
       2
       2
       0
       2
       0
       1
       2
       1
       1
       1
       0
       1
       1
       0
       2
       0
       3
       1
       1
       3
       2
       1
       0
       1
       0
       1
       1
       2
       2
       1
       2
       0
       1
       0
       1
       0
       1
       1
       0
       0
       1
       3
       2
       1
       1
       2
       1
       0
       0
       1
       0
       1
       2
       2
       2
       1
       0
       1
       0
       0
       2
       0
       0
       1
       1
       0
       1
       2
       1
       0
       2
       1
       0
       0
       4
       2
       0
       0
       3
       0
       1
       0
       1
       0
       1
       0
       0
       0
       0
       0
       0
       2
       0
       0
       0
       0
       1
       0
       0
       0
       0
       0
       0
       0
       0
       0
       0
       2
       0
       0
       0
       0
       0
       0
       0
       1
       1
       0
       0
       0
       0
       0
       0
       0
       0
       0
       0
       0
       0
       0
       1
       0
       1
       0
       0
       0
       0
       0
       0
       0
       0
       0
       0
       0
       0
       0
       0
       0
       0
       0
       0
       0
       0
       0
       0
       0
       0
       0
       0
       0
       0
       0
       0
       0
       0
       0
       1
       0
       0
       0
       0
       0
       0
       0
       0
       0
       0
       0
       0
       0
       1
       0
       0
       0
       0
       0
       0
       0
       0
       0
       0
       0
       0
       0
       0
       0
       1
       0
       0
       0
       0
       0
       0
       0
       1
       0
       0
       0
       0
       0
       0
       0
       0
       0
       0
       0
       0
       0
       0
       0
       0
       2
       1
       0
       0
       1
       0
       1
       0
       0
       0
       0
       0
       0
       0
       0
       0
       0
       0
       0
       1
       1
       1
       0
       0
       0
       0
       0
       0
       2
       0
       0
       0
       0
       0
       0
       0
       0
       0
       1
       0
       0
       0
       0
       1
       1
       0
       0
       1
       1
       1
       0
       0
       0
       0
       0
       0
       0
       3
       0
       1
       0
       2
       0
       0
       0
       3
       1
       1
       2
       1
       0
       1
       1
       1
       0
       0
       0
       2
       0
       0
       1
       1
       0
       0
       1
       0
       1
       2
       0
       1
       1
       1
       1
       0
       0
       1
       1
       1
       3
       3
       0
       1
       0
       2
       1
       0
       0
       1
       1
       1
       1
       0
       3
       0
       1
       1
       1
       0
       4
       0
       1
       1
       0
       2
       3
       0
       0
       1
       2
       1
       0
       0
       0
       0
       2
       1
       1
       1
       0
       4
       4
       2
       2
       0
       0
       1
       0
       0
       0
       3
       2
       1
       0
       1
       1
       3
       3
       3
       1
       2
       0
       4
       1
       1
       1
       0
       1
       1
       0
       2
       1
       1
       0
       0
       0
       3
       0
       0
       0
       1
       2
       1
       1
       0
       1
       0
       1
       0
       1
       0
       0
       0
       0
       0
       0
       1
       0
       0
       1
       0
       0
       0
       2
       1
       0
       0
       2
       0
       0
       0
       0
       0
       0
       1
       0
       1
       0
       1
       0
       1
       0
       0
       0
       0
       0
       0
       0
       0
       0
       0
       0
       0
       0
       0
       0
       0
       1
       0
       0
       0
       0
       1
       0
       0
       0
       0
       0
       0
       0
       0
       0
       0
       0
       1
       0
       1
       0
       0
       0
       0
       0
       0
       0
       0
       0
       0
       0
       0
       0
       0
       0
       0
       0
       0
       0
       0
       0
       0
       0
       0
       0
       0
       0
       0
       0
       0
       0
       0
       0
       0
       0
       0
       0
       0
       0
       0
       0
       0
       0
       0
       0
       0
       0
       0
       0
       0
       0
       0
       0
       0
       0
       0
       0
       0
       0
       0
       0
       0
       0
       0
       0
       0
       0
       0
       0
       0
       0
       0
       0
       0
       0
       0
       0
       0
       0
       0
       0
       0
       0
       0
       0
       0
       0
       0
       0
       0
       0
       0
       0
       0
       0
       0
       0
       0
       0
       0
       0
       0
       1
       0
       0
       0
       0
       0
       0
       0
       0
       0
       0
       0
       0
       0
       0
       0
       0
       0
       0
       0
       0
       0
       0
       0
       0
       0
       0
       0
       0
       0
       0
       0
       0
       0
       1
       0
       0
       0
       0
       0
       0
       0
       0
       0
       0
       0
       0
       0
       0
       0
       0
       0
       0
       0
       0
       0
       0
       0
       0
       0
       0
       0
       0
       0
       0
       0
       0
       0
       0
       0
       0
       0
       0
       0
       0
       0
       0
       0
       0
       0
       0
       0
       0
       0
       0
       0
       0
       0
       0
       0
       0
       0
       0
       0
       0
       1
       0
       0
       0
       0
       0
       0
       0
       0
       0
       0
       0
       0
       0
       0
       0
       0
       0
       0
       0
       0
       0
       0
       0
       0
       0
       0
       0
       0
       0
       0
       0
       0
       0
       0
       0
       0
       0
       0
       0
       0
       0
       0
       0
       0
       0
       0
       0
       0
       0
       0
       0
       0
       0
       0
       0
       0
       0
       0
       0
       0
       0
       0
       0
       0
       0
       0
       0
       0
       0
       0
       0
       0
       0
       0
       0
       0
       0
       0
       0
       0
       0
       0
       0
       0
       0
       0
       0
       0
       0
       0
       0
       0
       0
       0
       0
       0
       0
       0
       0
       0
       0
       0
       0
       0
       0
       0
       0
       0
       0
       0
       0
       0
       0
       0
       0
       0
       0
       0
       0
       0
       0
       0
       0
       0
       0
       0
       0
       0
       0
       0
       0
       0
       0
       0
       0
       0
       0
       0
       0
       0
       0
       0
       0
       0
       0
       0
       0
       0
       0
       0
       0
       0
       0
       0
       0
       0
       0
       0
       0
       0
       0
       0
       0
       0
       0
       0
       0
       0
       0
       0
       0
       0
       0
       0
       0
       0
       0
       0
       0
       0
       0
       0
       0
       0
       0
       0
       0
       0
       0
       0
       0
       0
       0
       0
       0
       0
       0
       0
       0
       0
       0
       0
       0
       0
       0
       0
       0
       0
       0
       0
       0
       0
       0
       0
       0
       0
       0
       0
       0
       0
       0
       0
       0
       0
       0
       0
       0
       0
       0
       0
       0
       0
       0
       0
       0
       0
       0
       0
       0
       0
       0
       0
       0
       0
       0
       0
       0
       0
       0
       0
       0
       0
       0
       0
       0
       0
       0
       0
       0
       0
       0
       0
       0
       0
       0
$ROI:
1
921 1079
$PRESETS:
None
0
0
$ENER_FIT:
0.000000 6.583851
$MCA_CAL:
3
0.000000E+000 6.583851E+000 0.000000E+000 keV
$SHAPE_CAL:
3
0.000000E+000 0.000000E+000 0.000000E+000
