$SPEC_ID:
Run 608, Background
$SPEC_REM:
DET# 1
DETDESC# Electrostatic MCA
AP# Maestro Version 6.08
$DATE_MEA:
09/24/2020 16:21:39
$MEAS_TIM:
283587 464435
$DATA:
0 2047
       0
       0
       0
       0
       0
       0
       0
       0
       0
       0
       0
       0
       0
       0
       0
       0
       0
       0
       0
       0
       0
       0
       0
       0
       0
       0
       0
       0
       0
       0
       0
       0
       0
       0
       0
       0
       0
       0
       0
       0
       0
       0
       0
       0
       0
       0
       0
       0
       0
       0
       0
       0
       0
       0
       0
       0
       0
       0
       0
       0
       0
       0
       0
       0
       0
       0
       0
       0
       0
  173039
231895872
303579932
300012109
296399840
292609115
288798650
284845559
280852753
276770377
272586598
268330559
264077651
259725421
255361896
250921110
246499897
242013378
237497216
232972883
228414479
223899456
219303707
214770536
210214976
205681281
201169820
196656001
192180488
187739836
183322132
178921556
174601524
170263441
165998688
161748461
157595768
153447639
149416999
145387528
141419723
137495314
133648661
129864228
126145643
122475402
118902939
115345568
111907146
108506014
105177372
101908153
98719394
95608027
92529811
89550809
86629875
83797492
81001657
78298080
75647994
73077740
70543288
68115452
65727637
63415384
61164043
58980786
56837637
54759612
52777745
50816702
48933725
47098487
45331594
43619386
41939271
40318606
38769315
37270974
35815221
34408854
33043851
31728606
30455487
29238631
28052439
26909883
25822628
24755115
23735891
22748737
21800079
20891075
20013763
19171723
18358342
17568273
16824625
16101478
15409202
14744734
14103493
13498838
12899554
12343701
11804454
11276985
10777759
10304070
 9839199
 9404298
 8982079
 8581727
 8193240
 7833007
 7472044
 7133349
 6814108
 6504163
 6203532
 5920788
 5649230
 5388063
 5141096
 4904204
 4674902
 4460730
 4255675
 4058385
 3868137
 3685379
 3512162
 3352331
 3194941
 3044652
 2900487
 2762992
 2627684
 2510530
 2387037
 2279016
 2169728
 2064980
 1966765
 1873823
 1783879
 1698877
 1614802
 1537391
 1465504
 1391437
 1326397
 1262812
 1202366
 1142880
 1088644
 1035656
  983576
  937351
  890370
  846678
  806715
  767013
  729597
  693506
  660014
  627894
  596778
  566433
  539446
  513951
  487645
  462921
  441204
  418328
  398710
  377887
  358688
  340642
  324381
  308233
  292115
  278430
  263352
  250143
  238703
  226296
  215057
  203241
  193866
  183478
  174998
  165350
  157612
  149098
  141702
  134581
  128245
  121599
  114847
  109114
  104109
   99237
   93286
   89358
   84843
   79768
   76198
   72150
   68315
   64752
   61750
   58425
   55568
   52906
   50072
   47622
   44449
   42268
   40346
   38550
   36454
   34557
   32765
   31297
   29677
   27932
   26633
   25267
   24025
   22780
   21546
   20196
   19372
   18500
   17448
   16486
   15748
   15099
   13899
   13422
   12712
   12087
   11339
   10713
   10264
    9839
    9340
    8903
    8463
    7909
    7520
    7110
    6621
    6428
    6102
    5643
    5470
    5279
    4870
    4764
    4562
    4219
    3988
    3943
    3613
    3507
    3332
    3109
    3030
    2801
    2727
    2556
    2490
    2356
    2262
    2033
    2101
    1887
    1789
    1728
    1696
    1510
    1422
    1305
    1301
    1165
    1219
    1137
    1081
    1026
     987
     990
     859
     785
     775
     724
     732
     706
     688
     626
     624
     569
     550
     520
     485
     441
     425
     401
     428
     421
     382
     354
     337
     311
     279
     272
     269
     225
     237
     254
     216
     199
     172
     187
     186
     171
     170
     149
     137
     128
     141
     126
     114
     119
     118
     114
     102
     101
      86
      75
      85
      65
      64
      83
      61
      62
      61
      45
      64
      58
      47
      56
      37
      35
      47
      35
      34
      33
      35
      26
      26
      31
      32
      26
      29
      29
      27
      17
      19
      36
      23
      20
      16
      16
      12
      14
      17
       9
      18
      14
      16
      10
       7
      14
      10
       8
      11
      12
       6
       4
       6
       7
       6
       7
       4
       8
       6
       5
       6
       9
       2
       2
       4
       3
       5
       7
       2
       2
       6
       2
       2
       6
       3
       3
       2
       2
       2
       2
       5
       2
       1
       2
       4
       1
       2
       0
       4
       2
       1
       2
       2
       1
       3
       0
       1
       1
       1
       3
       1
       0
       1
       1
       2
       2
       0
       0
       1
       1
       0
       1
       2
       0
       0
       0
       1
       0
       2
       1
       1
       0
       1
       1
       0
       0
       0
       1
       2
       1
       0
       0
       0
       0
       1
       0
       0
       0
       0
       1
       2
       0
       2
       0
       0
       2
       0
       0
       0
       0
       1
       0
       0
       0
       1
       0
       0
       1
       0
       2
       0
       1
       0
       0
       0
       1
       0
       0
       0
       1
       0
       0
       0
       1
       1
       1
       0
       1
       3
       1
       0
       0
       1
       1
       1
       0
       0
       0
       1
       0
       1
       0
       2
       0
       0
       1
       0
       0
       0
       0
       0
       0
       0
       0
       1
       0
       0
       0
       0
       0
       0
       1
       0
       0
       1
       0
       0
       0
       0
       0
       1
       0
       0
       0
       0
       0
       0
       1
       0
       1
       1
       0
       2
       0
       0
       0
       0
       1
       0
       0
       0
       0
       0
       0
       0
       0
       0
       0
       0
       0
       0
       1
       0
       0
       0
       0
       0
       0
       1
       1
       1
       1
       1
       0
       0
       0
       0
       0
       0
       0
       0
       0
       0
       0
       0
       0
       1
       0
       0
       0
       0
       0
       1
       0
       0
       0
       1
       0
       1
       0
       0
       1
       0
       0
       0
       0
       0
       0
       0
       0
       0
       1
       0
       1
       1
       0
       0
       0
       0
       0
       0
       0
       1
       0
       1
       0
       0
       0
       0
       0
       0
       0
       0
       0
       0
       1
       0
       0
       0
       0
       0
       0
       0
       0
       0
       0
       0
       0
       0
       0
       0
       0
       0
       0
       0
       0
       0
       0
       0
       0
       0
       0
       0
       0
       0
       0
       1
       1
       0
       0
       0
       0
       0
       0
       1
       0
       1
       0
       1
       0
       0
       0
       0
       0
       0
       0
       0
       2
       0
       0
       0
       0
       0
       0
       1
       0
       0
       1
       0
       1
       0
       0
       0
       0
       0
       0
       0
       0
       0
       0
       1
       1
       0
       1
       1
       0
       0
       0
       1
       0
       1
       0
       2
       1
       0
       0
       2
       0
       0
       0
       0
       0
       0
       0
       0
       0
       0
       0
       0
       0
       1
       0
       0
       0
       1
       0
       0
       0
       0
       0
       0
       0
       0
       0
       0
       2
       1
       0
       3
       0
       0
       3
       1
       1
       0
       0
       0
       0
       0
       0
       0
       0
       0
       1
       1
       0
       2
       0
       2
       0
       2
       0
       1
       1
       0
       0
       0
       0
       1
       1
       0
       1
       0
       2
       1
       0
       1
       0
       0
       2
       1
       0
       1
       1
       0
       0
       1
       2
       1
       0
       0
       2
       0
       0
       2
       2
       0
       3
       1
       3
       0
       0
       3
       4
       4
       1
       0
       2
       0
       2
       1
       2
       0
       1
       1
       1
       0
       3
       1
       2
       2
       3
       0
       1
       0
       0
       2
       0
       2
       1
       2
       3
       2
       4
       1
       2
       2
       0
       1
       3
       1
       3
       3
       0
       0
       1
       2
       2
       1
       7
       3
       4
       3
       1
       4
       2
       4
       1
       5
       1
       2
       2
       3
       5
       1
       4
       2
       1
       2
       3
       6
       3
       3
       0
       3
       2
       2
       5
       4
       1
       4
       4
       2
       5
       6
       0
       6
       3
       1
       2
       7
       4
       2
       4
       0
       5
       2
       2
       2
       3
       1
       3
       2
       0
       1
       5
       2
       3
       1
       3
       1
       4
       4
       3
       3
       1
       4
       4
       1
       1
       4
       3
       3
       5
       2
       2
       4
       1
       2
       5
       0
       3
       4
       3
       1
       4
       4
       3
       3
       2
       7
       1
       3
       4
       4
       4
       6
       3
       3
       2
       3
       2
       4
       2
       2
       2
       4
       4
       6
       2
       2
       4
       0
       2
       2
       3
       0
       2
       3
       5
       0
       4
       4
       6
       1
       6
       2
       2
       2
       2
       0
       5
       1
       4
       4
       4
       3
       2
       0
       5
       4
       0
       3
       0
       3
       2
       1
       1
       3
       1
       1
       2
       4
       4
       1
       4
       1
       1
       5
       3
       1
       1
       3
       1
       5
       1
       3
       2
       2
       3
       1
       2
       2
       1
       3
       2
       2
       2
       1
       1
       3
       3
       2
       1
       3
       4
       1
       1
       2
       0
       2
       3
       3
       3
       1
       2
       1
       0
       1
       3
       1
       1
       1
       1
       0
       1
       2
       1
       0
       3
       2
       1
       3
       4
       2
       2
       1
       4
       0
       1
       2
       1
       0
       1
       1
       1
       0
       0
       0
       1
       2
       1
       1
       0
       0
       2
       0
       1
       1
       0
       1
       0
       1
       0
       0
       1
       3
       1
       0
       0
       1
       0
       0
       0
       1
       1
       0
       0
       0
       0
       0
       0
       1
       0
       2
       0
       0
       0
       1
       1
       1
       1
       0
       0
       0
       0
       0
       0
       0
       0
       0
       1
       0
       0
       0
       0
       0
       0
       0
       1
       0
       0
       0
       0
       1
       0
       0
       0
       0
       0
       0
       0
       0
       0
       0
       1
       0
       0
       0
       0
       0
       0
       0
       0
       0
       0
       0
       0
       0
       1
       0
       0
       0
       0
       0
       0
       1
       0
       0
       0
       0
       0
       0
       1
       0
       1
       0
       0
       0
       0
       0
       0
       0
       1
       0
       1
       1
       0
       0
       0
       1
       0
       0
       0
       0
       0
       0
       0
       0
       0
       2
       1
       1
       0
       1
       0
       2
       0
       0
       1
       0
       0
       0
       0
       0
       1
       0
       1
       0
       1
       1
       2
       0
       1
       0
       0
       2
       0
       2
       0
       1
       1
       1
       0
       0
       0
       0
       3
       1
       1
       0
       1
       0
       2
       2
       0
       0
       2
       1
       1
       0
       0
       0
       2
       1
       1
       1
       3
       0
       2
       0
       4
       1
       0
       1
       3
       1
       2
       2
       1
       0
       4
       3
       1
       2
       2
       0
       3
       1
       2
       1
       1
       1
       0
       2
       1
       2
       2
       1
       2
       2
       2
       2
       1
       0
       3
       1
       1
       4
       5
       1
       5
       1
       3
       1
       0
       1
       1
       3
       1
       2
       2
       3
       0
       2
       1
       1
       0
       5
       1
       1
       2
       2
       4
       4
       2
       2
       2
       2
       2
       0
       1
       1
       1
       4
       2
       1
       2
       1
       5
       8
       3
       2
       0
       3
       1
       1
       4
       2
       5
       3
       3
       1
       2
       1
       3
       5
       3
       2
       3
       0
       5
       5
       3
       2
       0
       1
       2
       0
       3
       1
       2
       1
       0
       1
       3
       2
       0
       0
       3
       2
       2
       2
       1
       2
       0
       1
       2
       1
       0
       0
       0
       1
       0
       0
       3
       0
       1
       1
       0
       4
       0
       2
       2
       0
       0
       2
       1
       0
       2
       0
       1
       0
       1
       0
       1
       0
       2
       0
       2
       1
       1
       0
       1
       1
       0
       0
       0
       0
       0
       0
       0
       1
       0
       0
       0
       1
       0
       0
       0
       0
       1
       1
       0
       0
       0
       0
       0
       0
       0
       1
       0
       0
       1
       0
       1
       0
       0
       1
       0
       0
       0
       0
       0
       1
       0
       0
       1
       0
       0
       0
       0
       0
       0
       0
       0
       0
       0
       0
       0
       0
       0
       0
       0
       0
       0
       0
       0
       0
       0
       0
       0
       0
       0
       1
       0
       0
       0
       0
       0
       0
       0
       0
       0
       0
       0
       0
       0
       0
       0
       0
       0
       0
       0
       0
       0
       0
       0
       0
       0
       0
       1
       0
       0
       0
       0
       0
       0
       0
       0
       1
       0
       0
       0
       0
       0
       0
       0
       0
       0
       0
       0
       0
       0
       0
       0
       0
       0
       0
       0
       0
       0
       0
       0
       0
       0
       0
       0
       1
       0
       0
       0
       0
       0
       0
       0
       0
       0
       0
       0
       0
       0
       0
       0
       0
       0
       0
       0
       0
       0
       0
       0
       0
       0
       0
       0
       0
       0
       0
       0
       0
       0
       1
       0
       0
       0
       0
       0
       0
       0
       0
       1
       0
       0
       0
       0
       0
       0
       0
       0
       0
       0
       0
       0
       0
       0
       0
       0
       0
       0
       0
       0
       0
       0
       0
       0
       0
       0
       0
       0
       0
       0
       0
       0
       1
       0
       0
       1
       0
       0
       0
       0
       0
       0
       0
       0
       0
       0
       0
       0
       0
       0
       0
       1
       0
       0
       0
       0
       0
       0
       0
       0
       0
       0
       0
       0
       0
       0
       0
       0
       0
       0
       0
       0
       0
       0
       0
       0
       0
       0
       0
       0
       0
       0
       0
       0
       0
       0
       0
       0
       0
       0
       0
       0
       0
       0
       0
       0
       0
       0
       0
       0
       0
       0
       0
       0
       0
       0
       0
       0
       0
       0
       0
       0
       0
       0
       0
       0
       0
       0
       0
       0
       0
       0
       0
       0
       0
       0
       0
       0
       0
       0
       0
       0
       0
       0
       0
       0
       0
       0
       0
       0
       0
       0
       0
       0
       0
       0
       0
       0
       0
       0
       0
       0
       0
       0
       0
       0
       0
       0
       0
       0
       0
       0
       0
       0
       0
       0
       0
       0
       0
       0
       0
       0
       0
       0
       0
       0
       0
       0
       0
       0
       0
       0
       0
       0
       0
       0
       0
       0
       0
       0
       0
       0
       0
       0
       0
       0
       0
       0
       0
       0
       0
       0
       0
       0
       0
       0
       0
       0
       0
       0
       0
       0
       0
       0
       0
       0
       0
       0
       0
       0
       0
       0
       0
       0
       0
       0
       0
       0
       0
       0
       0
       0
       0
       0
       0
       0
       0
       0
       0
       0
       0
       0
       0
       0
       0
       0
       0
       0
       0
       0
       0
       0
       0
       0
       0
       0
       0
       0
       0
       0
       0
       0
       0
       0
       0
       0
       0
       0
       0
       0
       0
       0
       0
       0
       0
       0
       0
       0
       0
       0
       0
       0
       0
       0
       0
       0
       0
       0
       0
       0
       0
       0
       0
       0
       0
       0
       0
       0
       0
       0
       0
       0
       0
       0
       0
       0
       0
       0
       0
       0
       0
       0
       0
       0
       0
       0
       0
$ROI:
1
921 1079
$PRESETS:
None
0
0
$ENER_FIT:
0.000000 6.583851
$MCA_CAL:
3
0.000000E+000 6.583851E+000 0.000000E+000 keV
$SHAPE_CAL:
3
0.000000E+000 0.000000E+000 0.000000E+000
