$SPEC_ID:
Run 608, Background
$SPEC_REM:
DET# 1
DETDESC# Electrostatic MCA
AP# Maestro Version 6.08
$DATE_MEA:
09/24/2020 16:21:39
$MEAS_TIM:
217074 349226
$DATA:
0 2047
       0
       0
       0
       0
       0
       0
       0
       0
       0
       0
       0
       0
       0
       0
       0
       0
       0
       0
       0
       0
       0
       0
       0
       0
       0
       0
       0
       0
       0
       0
       0
       0
       0
       0
       0
       0
       0
       0
       0
       0
       0
       0
       0
       0
       0
       0
       0
       0
       0
       0
       0
       0
       0
       0
       0
       0
       0
       0
       0
       0
       0
       0
       0
       0
       0
       0
       0
       0
       0
  123937
176929191
231763268
228649841
225517562
222252637
218959208
215568238
212159766
208693068
205142470
201560722
197974466
194312459
190661053
186953487
183273151
179553956
175814423
172076632
168333671
164634929
160875512
157178187
153468132
149791838
146141982
142510717
138899967
135326767
131791361
128282626
124843999
121409723
118035292
114703346
111403927
108165987
104999690
101853611
98774385
95736925
92737254
89835774
86970179
84159111
81425379
78717793
76105716
73532913
71005380
68550327
66155555
63833414
61538503
59325634
57155410
55066179
53005792
51024580
49086939
47221578
45383651
43627070
41902840
40247680
38630075
37079802
35565268
34094333
32701320
31325316
30005072
28728629
27503337
26326020
25173288
24060937
23015145
21996470
21004278
20064101
19150325
18280140
17434384
16634051
15852291
15106214
14402543
13716917
13052977
12429346
11820068
11251945
10699343
10171134
 9667259
 9180340
 8725947
 8283824
 7866442
 7459601
 7075647
 6714471
 6365434
 6035980
 5724502
 5421200
 5132058
 4859333
 4599149
 4351855
 4115249
 3896173
 3683298
 3488486
 3292552
 3110214
 2940810
 2776548
 2617985
 2471485
 2334173
 2198163
 2074528
 1956003
 1841803
 1737121
 1637989
 1543363
 1452179
 1368218
 1287997
 1211576
 1140639
 1072885
 1007748
  946906
  888466
  838516
  785140
  739354
  695314
  650700
  610985
  573005
  538313
  505609
  472181
  444181
  416463
  388605
  365147
  341722
  321253
  299921
  281634
  263434
  246311
  230284
  214787
  201866
  188073
  176688
  165129
  154659
  144381
  135938
  126190
  117830
  111162
  103381
   96930
   90195
   84616
   78689
   73944
   69409
   64729
   60259
   56643
   53002
   49954
   46813
   43225
   40772
   38433
   35829
   33805
   31590
   29878
   27987
   26370
   24519
   23293
   21918
   20464
   19572
   18359
   17423
   16363
   15623
   14996
   14170
   13202
   12358
   11957
   11285
   10912
   10282
    9704
    9259
    8979
    8517
    8180
    7917
    7489
    7098
    6823
    6448
    6331
    6045
    5848
    5423
    5358
    5106
    4880
    4671
    4555
    4398
    4251
    4019
    3905
    3742
    3634
    3515
    3328
    3213
    3243
    3030
    2903
    2809
    2724
    2675
    2526
    2359
    2347
    2249
    2191
    2082
    2048
    2000
    1850
    1883
    1696
    1705
    1561
    1566
    1463
    1493
    1378
    1334
    1306
    1201
    1192
    1186
    1127
    1080
    1031
    1004
     978
     825
     872
     796
     817
     780
     741
     704
     718
     614
     622
     594
     620
     526
     498
     486
     501
     420
     471
     433
     397
     375
     392
     372
     323
     288
     286
     297
     290
     264
     268
     231
     247
     231
     207
     210
     196
     176
     169
     144
     167
     164
     140
     133
     130
     107
     112
      93
     104
      95
      89
      99
      82
      86
      56
      71
      67
      50
      60
      53
      41
      42
      52
      40
      39
      36
      43
      43
      36
      34
      23
      21
      21
      16
      18
      26
      18
      16
      21
      10
      16
      16
      18
      15
      12
       8
      13
      11
       7
      15
       8
       6
       6
       7
       6
       6
       8
       5
       5
       7
       8
      13
       5
       6
       5
       1
       3
       2
       5
       3
       6
       3
       6
       2
       1
       4
       3
       1
       3
       1
       2
       2
       3
       3
       2
       3
       4
       3
       2
       1
       3
       1
       1
       0
       2
       2
       0
       1
       1
       1
       4
       0
       0
       2
       2
       1
       1
       1
       0
       1
       1
       0
       0
       0
       1
       0
       0
       0
       1
       0
       1
       0
       0
       1
       2
       0
       0
       0
       1
       3
       0
       0
       1
       0
       1
       0
       0
       0
       0
       0
       0
       1
       2
       0
       0
       0
       0
       0
       1
       0
       1
       0
       0
       1
       0
       0
       0
       0
       2
       1
       0
       0
       0
       0
       0
       0
       0
       0
       0
       1
       1
       0
       0
       0
       0
       0
       0
       0
       0
       0
       1
       0
       0
       0
       0
       0
       0
       0
       0
       1
       0
       1
       0
       0
       0
       1
       0
       0
       0
       1
       0
       0
       0
       1
       1
       1
       0
       1
       1
       1
       0
       0
       1
       0
       0
       0
       0
       0
       1
       0
       1
       0
       1
       0
       0
       1
       0
       0
       0
       0
       0
       0
       0
       0
       1
       0
       0
       0
       0
       0
       0
       0
       0
       0
       0
       0
       0
       0
       0
       0
       1
       0
       0
       0
       0
       0
       0
       1
       0
       1
       0
       0
       2
       0
       0
       0
       0
       0
       0
       0
       0
       0
       0
       0
       0
       0
       0
       0
       0
       0
       0
       1
       0
       0
       0
       0
       0
       0
       1
       1
       0
       1
       0
       0
       0
       0
       0
       0
       0
       0
       0
       0
       0
       0
       0
       0
       1
       0
       0
       0
       0
       0
       1
       0
       0
       0
       1
       0
       1
       0
       0
       1
       0
       0
       0
       0
       0
       0
       0
       0
       0
       1
       0
       1
       1
       0
       0
       0
       0
       0
       0
       0
       1
       0
       0
       0
       0
       0
       0
       0
       0
       0
       0
       0
       0
       1
       0
       0
       0
       0
       0
       0
       0
       0
       0
       0
       0
       0
       0
       0
       0
       0
       0
       0
       0
       0
       0
       0
       0
       0
       0
       0
       0
       0
       0
       0
       1
       1
       0
       0
       0
       0
       0
       0
       0
       0
       1
       0
       0
       0
       0
       0
       0
       0
       0
       0
       0
       1
       0
       0
       0
       0
       0
       0
       1
       0
       0
       1
       0
       0
       0
       0
       0
       0
       0
       0
       0
       0
       0
       0
       1
       1
       0
       0
       1
       0
       0
       0
       1
       0
       1
       0
       1
       1
       0
       0
       1
       0
       0
       0
       0
       0
       0
       0
       0
       0
       0
       0
       0
       0
       0
       0
       0
       0
       0
       0
       0
       0
       0
       0
       0
       0
       0
       0
       0
       2
       1
       0
       0
       0
       0
       2
       0
       0
       0
       0
       0
       0
       0
       0
       0
       0
       0
       0
       0
       0
       1
       0
       1
       0
       2
       0
       0
       0
       0
       0
       0
       0
       1
       1
       0
       1
       0
       1
       1
       0
       1
       0
       0
       1
       1
       0
       1
       1
       0
       0
       0
       2
       1
       0
       0
       1
       0
       0
       0
       2
       0
       3
       0
       3
       0
       0
       3
       2
       3
       1
       0
       2
       0
       1
       1
       2
       0
       1
       1
       1
       0
       3
       1
       1
       1
       3
       0
       0
       0
       0
       2
       0
       2
       1
       2
       1
       2
       2
       1
       2
       2
       0
       0
       2
       1
       3
       2
       0
       0
       1
       0
       2
       1
       5
       2
       4
       3
       1
       4
       1
       2
       0
       3
       1
       2
       1
       2
       3
       1
       2
       2
       0
       2
       2
       5
       3
       2
       0
       3
       1
       2
       3
       3
       0
       4
       3
       1
       4
       4
       0
       6
       1
       1
       1
       3
       3
       0
       4
       0
       5
       2
       1
       2
       3
       1
       3
       2
       0
       1
       4
       2
       3
       1
       1
       1
       2
       2
       3
       3
       1
       3
       2
       1
       1
       3
       2
       2
       2
       1
       1
       3
       0
       2
       2
       0
       2
       3
       2
       1
       4
       3
       3
       3
       2
       4
       1
       2
       3
       4
       3
       5
       2
       3
       2
       3
       2
       3
       1
       2
       1
       4
       4
       4
       2
       2
       3
       0
       2
       2
       3
       0
       1
       1
       3
       0
       3
       3
       5
       1
       4
       2
       2
       2
       1
       0
       5
       1
       2
       2
       3
       3
       2
       0
       4
       4
       0
       3
       0
       3
       2
       1
       1
       1
       1
       1
       1
       4
       4
       0
       4
       1
       1
       4
       2
       1
       0
       3
       1
       3
       1
       2
       2
       1
       2
       0
       2
       2
       1
       2
       2
       1
       1
       1
       1
       3
       2
       2
       1
       3
       3
       1
       0
       2
       0
       2
       3
       3
       2
       1
       2
       1
       0
       1
       2
       1
       1
       1
       1
       0
       1
       2
       1
       0
       3
       1
       0
       3
       4
       2
       0
       1
       4
       0
       1
       1
       1
       0
       1
       1
       1
       0
       0
       0
       1
       2
       1
       1
       0
       0
       1
       0
       0
       0
       0
       1
       0
       0
       0
       0
       0
       3
       1
       0
       0
       0
       0
       0
       0
       1
       1
       0
       0
       0
       0
       0
       0
       0
       0
       2
       0
       0
       0
       0
       1
       1
       1
       0
       0
       0
       0
       0
       0
       0
       0
       0
       0
       0
       0
       0
       0
       0
       0
       0
       1
       0
       0
       0
       0
       1
       0
       0
       0
       0
       0
       0
       0
       0
       0
       0
       1
       0
       0
       0
       0
       0
       0
       0
       0
       0
       0
       0
       0
       0
       1
       0
       0
       0
       0
       0
       0
       0
       0
       0
       0
       0
       0
       0
       0
       0
       1
       0
       0
       0
       0
       0
       0
       0
       1
       0
       1
       1
       0
       0
       0
       1
       0
       0
       0
       0
       0
       0
       0
       0
       0
       2
       1
       0
       0
       1
       0
       2
       0
       0
       1
       0
       0
       0
       0
       0
       0
       0
       1
       0
       1
       1
       2
       0
       0
       0
       0
       1
       0
       2
       0
       0
       0
       1
       0
       0
       0
       0
       2
       1
       0
       0
       0
       0
       2
       2
       0
       0
       1
       1
       1
       0
       0
       0
       1
       0
       1
       0
       3
       0
       2
       0
       3
       0
       0
       1
       3
       1
       1
       2
       1
       0
       3
       3
       1
       2
       1
       0
       2
       0
       1
       1
       1
       1
       0
       1
       1
       2
       2
       1
       1
       2
       2
       2
       0
       0
       2
       1
       1
       4
       5
       1
       4
       1
       3
       1
       0
       1
       1
       2
       1
       2
       0
       3
       0
       1
       1
       1
       0
       5
       1
       1
       1
       2
       4
       4
       0
       2
       2
       2
       1
       0
       1
       0
       1
       2
       2
       1
       1
       1
       5
       8
       3
       2
       0
       3
       1
       1
       2
       0
       5
       2
       1
       1
       2
       1
       3
       4
       3
       1
       3
       0
       5
       4
       3
       2
       0
       1
       2
       0
       3
       1
       1
       1
       0
       1
       3
       2
       0
       0
       3
       2
       1
       2
       0
       2
       0
       1
       1
       1
       0
       0
       0
       1
       0
       0
       3
       0
       1
       1
       0
       3
       0
       2
       2
       0
       0
       2
       1
       0
       1
       0
       1
       0
       1
       0
       1
       0
       2
       0
       2
       1
       1
       0
       1
       1
       0
       0
       0
       0
       0
       0
       0
       1
       0
       0
       0
       1
       0
       0
       0
       0
       1
       1
       0
       0
       0
       0
       0
       0
       0
       1
       0
       0
       1
       0
       1
       0
       0
       1
       0
       0
       0
       0
       0
       1
       0
       0
       1
       0
       0
       0
       0
       0
       0
       0
       0
       0
       0
       0
       0
       0
       0
       0
       0
       0
       0
       0
       0
       0
       0
       0
       0
       0
       0
       1
       0
       0
       0
       0
       0
       0
       0
       0
       0
       0
       0
       0
       0
       0
       0
       0
       0
       0
       0
       0
       0
       0
       0
       0
       0
       0
       1
       0
       0
       0
       0
       0
       0
       0
       0
       0
       0
       0
       0
       0
       0
       0
       0
       0
       0
       0
       0
       0
       0
       0
       0
       0
       0
       0
       0
       0
       0
       0
       0
       0
       0
       0
       0
       1
       0
       0
       0
       0
       0
       0
       0
       0
       0
       0
       0
       0
       0
       0
       0
       0
       0
       0
       0
       0
       0
       0
       0
       0
       0
       0
       0
       0
       0
       0
       0
       0
       0
       1
       0
       0
       0
       0
       0
       0
       0
       0
       0
       0
       0
       0
       0
       0
       0
       0
       0
       0
       0
       0
       0
       0
       0
       0
       0
       0
       0
       0
       0
       0
       0
       0
       0
       0
       0
       0
       0
       0
       0
       0
       0
       0
       0
       0
       1
       0
       0
       0
       0
       0
       0
       0
       0
       0
       0
       0
       0
       0
       0
       0
       1
       0
       0
       0
       0
       0
       0
       0
       0
       0
       0
       0
       0
       0
       0
       0
       0
       0
       0
       0
       0
       0
       0
       0
       0
       0
       0
       0
       0
       0
       0
       0
       0
       0
       0
       0
       0
       0
       0
       0
       0
       0
       0
       0
       0
       0
       0
       0
       0
       0
       0
       0
       0
       0
       0
       0
       0
       0
       0
       0
       0
       0
       0
       0
       0
       0
       0
       0
       0
       0
       0
       0
       0
       0
       0
       0
       0
       0
       0
       0
       0
       0
       0
       0
       0
       0
       0
       0
       0
       0
       0
       0
       0
       0
       0
       0
       0
       0
       0
       0
       0
       0
       0
       0
       0
       0
       0
       0
       0
       0
       0
       0
       0
       0
       0
       0
       0
       0
       0
       0
       0
       0
       0
       0
       0
       0
       0
       0
       0
       0
       0
       0
       0
       0
       0
       0
       0
       0
       0
       0
       0
       0
       0
       0
       0
       0
       0
       0
       0
       0
       0
       0
       0
       0
       0
       0
       0
       0
       0
       0
       0
       0
       0
       0
       0
       0
       0
       0
       0
       0
       0
       0
       0
       0
       0
       0
       0
       0
       0
       0
       0
       0
       0
       0
       0
       0
       0
       0
       0
       0
       0
       0
       0
       0
       0
       0
       0
       0
       0
       0
       0
       0
       0
       0
       0
       0
       0
       0
       0
       0
       0
       0
       0
       0
       0
       0
       0
       0
       0
       0
       0
       0
       0
       0
       0
       0
       0
       0
       0
       0
       0
       0
       0
       0
       0
       0
       0
       0
       0
       0
       0
       0
       0
       0
       0
       0
       0
       0
       0
       0
       0
       0
       0
       0
       0
       0
       0
       0
       0
       0
       0
       0
       0
       0
       0
       0
$ROI:
1
921 1079
$PRESETS:
None
0
0
$ENER_FIT:
0.000000 6.583851
$MCA_CAL:
3
0.000000E+000 6.583851E+000 0.000000E+000 keV
$SHAPE_CAL:
3
0.000000E+000 0.000000E+000 0.000000E+000
