$SPEC_ID:
Run 608, Background
$SPEC_REM:
DET# 1
DETDESC# Electrostatic MCA
AP# Maestro Version 6.08
$DATE_MEA:
09/24/2020 16:21:39
$MEAS_TIM:
210645 338425
$DATA:
0 2047
       0
       0
       0
       0
       0
       0
       0
       0
       0
       0
       0
       0
       0
       0
       0
       0
       0
       0
       0
       0
       0
       0
       0
       0
       0
       0
       0
       0
       0
       0
       0
       0
       0
       0
       0
       0
       0
       0
       0
       0
       0
       0
       0
       0
       0
       0
       0
       0
       0
       0
       0
       0
       0
       0
       0
       0
       0
       0
       0
       0
       0
       0
       0
       0
       0
       0
       0
       0
       0
  119283
171405839
224529308
221478517
218418134
215219607
212008136
208693671
205363875
201975309
198517752
195017701
191520693
187947702
184388775
180776268
177191272
173570459
169924648
166289928
162647579
159047388
155392506
151797464
148192632
144612474
141070926
137542738
134036477
130569408
127140361
123736065
120394477
117065491
113792428
110569175
107368567
104227430
101165501
98117347
95133680
92193761
89292972
86483613
83710994
80990776
78348048
75733242
73211467
70725286
68282140
65911154
63600764
61357671
59144833
57009206
54918303
52902995
50915130
49007284
47139578
45340733
43568928
41879841
40216286
38624540
37066619
35576572
34117379
32704482
31364718
30041252
28772123
27544299
26366012
25236811
24127335
23060323
22058217
21077961
20124514
19222947
18346026
17509963
16698935
15931380
15182611
14466645
13792785
13134186
12497699
11899311
11315186
10772129
10242633
 9736894
 9254420
 8787426
 8351767
 7929435
 7529204
 7139991
 6772303
 6426188
 6093621
 5777621
 5479229
 5188543
 4912592
 4651031
 4402097
 4165972
 3939288
 3729515
 3526288
 3339693
 3151738
 2977318
 2814645
 2657962
 2506619
 2366366
 2235266
 2105220
 1986567
 1873445
 1763958
 1664457
 1569186
 1478195
 1391444
 1311400
 1234260
 1161037
 1093207
 1028563
  965848
  907830
  851473
  804461
  752970
  708949
  666933
  624163
  586434
  549483
  516479
  485181
  453121
  426377
  399487
  372927
  350451
  328250
  308359
  288069
  270386
  252885
  236445
  221233
  206263
  193827
  180671
  169703
  158540
  148412
  138762
  130487
  121134
  113302
  106795
   99264
   93172
   86670
   81263
   75648
   71039
   66758
   62204
   57983
   54430
   50932
   48045
   45040
   41488
   39177
   36968
   34368
   32452
   30372
   28733
   26874
   25324
   23565
   22370
   21041
   19629
   18772
   17613
   16709
   15704
   15004
   14369
   13612
   12702
   11898
   11481
   10841
   10425
    9863
    9317
    8896
    8632
    8158
    7864
    7592
    7184
    6801
    6526
    6179
    6064
    5777
    5607
    5178
    5133
    4873
    4657
    4489
    4366
    4218
    4062
    3828
    3737
    3568
    3497
    3381
    3181
    3075
    3091
    2892
    2772
    2673
    2611
    2561
    2422
    2252
    2215
    2151
    2094
    1979
    1948
    1914
    1760
    1794
    1621
    1617
    1478
    1486
    1387
    1419
    1318
    1267
    1251
    1134
    1121
    1127
    1064
    1025
     979
     960
     936
     794
     829
     760
     780
     744
     703
     668
     682
     576
     596
     569
     590
     503
     472
     464
     477
     404
     445
     404
     377
     365
     376
     356
     309
     269
     275
     279
     276
     251
     259
     221
     234
     225
     198
     199
     189
     174
     160
     138
     156
     151
     131
     127
     126
     101
     108
      90
     100
      92
      84
      95
      77
      84
      53
      69
      58
      47
      56
      50
      38
      41
      49
      39
      36
      33
      40
      40
      35
      34
      23
      21
      19
      14
      16
      26
      17
      16
      20
       9
      16
      15
      16
      14
      12
       8
      13
      10
       7
      14
       8
       6
       6
       7
       6
       6
       7
       5
       5
       7
       8
      13
       5
       6
       5
       1
       3
       2
       5
       3
       6
       3
       6
       2
       1
       4
       2
       1
       3
       1
       2
       1
       3
       3
       2
       3
       4
       3
       2
       1
       3
       1
       1
       0
       2
       2
       0
       1
       1
       1
       4
       0
       0
       2
       2
       1
       1
       1
       0
       1
       1
       0
       0
       0
       1
       0
       0
       0
       1
       0
       1
       0
       0
       1
       2
       0
       0
       0
       1
       3
       0
       0
       1
       0
       1
       0
       0
       0
       0
       0
       0
       1
       1
       0
       0
       0
       0
       0
       1
       0
       1
       0
       0
       0
       0
       0
       0
       0
       2
       1
       0
       0
       0
       0
       0
       0
       0
       0
       0
       1
       1
       0
       0
       0
       0
       0
       0
       0
       0
       0
       1
       0
       0
       0
       0
       0
       0
       0
       0
       1
       0
       1
       0
       0
       0
       1
       0
       0
       0
       1
       0
       0
       0
       1
       1
       1
       0
       1
       0
       1
       0
       0
       1
       0
       0
       0
       0
       0
       1
       0
       1
       0
       1
       0
       0
       1
       0
       0
       0
       0
       0
       0
       0
       0
       1
       0
       0
       0
       0
       0
       0
       0
       0
       0
       0
       0
       0
       0
       0
       0
       0
       0
       0
       0
       0
       0
       0
       1
       0
       1
       0
       0
       2
       0
       0
       0
       0
       0
       0
       0
       0
       0
       0
       0
       0
       0
       0
       0
       0
       0
       0
       1
       0
       0
       0
       0
       0
       0
       1
       1
       0
       1
       0
       0
       0
       0
       0
       0
       0
       0
       0
       0
       0
       0
       0
       0
       1
       0
       0
       0
       0
       0
       1
       0
       0
       0
       1
       0
       1
       0
       0
       1
       0
       0
       0
       0
       0
       0
       0
       0
       0
       1
       0
       1
       1
       0
       0
       0
       0
       0
       0
       0
       1
       0
       0
       0
       0
       0
       0
       0
       0
       0
       0
       0
       0
       1
       0
       0
       0
       0
       0
       0
       0
       0
       0
       0
       0
       0
       0
       0
       0
       0
       0
       0
       0
       0
       0
       0
       0
       0
       0
       0
       0
       0
       0
       0
       1
       1
       0
       0
       0
       0
       0
       0
       0
       0
       1
       0
       0
       0
       0
       0
       0
       0
       0
       0
       0
       1
       0
       0
       0
       0
       0
       0
       1
       0
       0
       1
       0
       0
       0
       0
       0
       0
       0
       0
       0
       0
       0
       0
       1
       1
       0
       0
       1
       0
       0
       0
       1
       0
       1
       0
       1
       1
       0
       0
       1
       0
       0
       0
       0
       0
       0
       0
       0
       0
       0
       0
       0
       0
       0
       0
       0
       0
       0
       0
       0
       0
       0
       0
       0
       0
       0
       0
       0
       2
       1
       0
       0
       0
       0
       2
       0
       0
       0
       0
       0
       0
       0
       0
       0
       0
       0
       0
       0
       0
       1
       0
       1
       0
       2
       0
       0
       0
       0
       0
       0
       0
       1
       1
       0
       1
       0
       1
       1
       0
       1
       0
       0
       1
       0
       0
       1
       1
       0
       0
       0
       2
       1
       0
       0
       1
       0
       0
       0
       2
       0
       3
       0
       3
       0
       0
       3
       2
       2
       1
       0
       2
       0
       1
       1
       2
       0
       1
       1
       1
       0
       3
       1
       1
       1
       2
       0
       0
       0
       0
       2
       0
       2
       1
       2
       1
       2
       1
       1
       2
       2
       0
       0
       2
       1
       3
       2
       0
       0
       1
       0
       2
       1
       4
       2
       4
       3
       1
       4
       1
       2
       0
       2
       1
       2
       1
       2
       3
       1
       2
       2
       0
       2
       2
       5
       3
       2
       0
       3
       1
       2
       3
       3
       0
       4
       3
       1
       4
       4
       0
       6
       1
       1
       1
       3
       3
       0
       4
       0
       5
       2
       1
       1
       3
       1
       3
       2
       0
       1
       4
       2
       3
       1
       1
       1
       2
       2
       3
       3
       1
       3
       2
       1
       1
       3
       1
       2
       2
       1
       1
       3
       0
       2
       2
       0
       2
       3
       2
       1
       4
       2
       3
       3
       2
       4
       1
       2
       3
       4
       3
       5
       2
       3
       2
       3
       2
       3
       1
       2
       1
       4
       4
       3
       2
       2
       3
       0
       2
       2
       3
       0
       1
       1
       3
       0
       3
       3
       5
       1
       4
       2
       1
       2
       1
       0
       5
       1
       2
       2
       3
       3
       2
       0
       4
       4
       0
       3
       0
       3
       2
       1
       1
       1
       0
       1
       1
       4
       3
       0
       4
       1
       1
       4
       2
       1
       0
       2
       1
       3
       1
       2
       2
       1
       2
       0
       2
       2
       1
       2
       2
       1
       1
       1
       1
       3
       2
       2
       1
       3
       3
       1
       0
       2
       0
       2
       3
       3
       2
       1
       2
       1
       0
       1
       2
       1
       1
       1
       1
       0
       1
       2
       1
       0
       3
       1
       0
       3
       4
       2
       0
       1
       4
       0
       1
       1
       1
       0
       1
       1
       1
       0
       0
       0
       1
       2
       1
       1
       0
       0
       1
       0
       0
       0
       0
       1
       0
       0
       0
       0
       0
       3
       1
       0
       0
       0
       0
       0
       0
       1
       1
       0
       0
       0
       0
       0
       0
       0
       0
       2
       0
       0
       0
       0
       1
       1
       1
       0
       0
       0
       0
       0
       0
       0
       0
       0
       0
       0
       0
       0
       0
       0
       0
       0
       1
       0
       0
       0
       0
       1
       0
       0
       0
       0
       0
       0
       0
       0
       0
       0
       1
       0
       0
       0
       0
       0
       0
       0
       0
       0
       0
       0
       0
       0
       1
       0
       0
       0
       0
       0
       0
       0
       0
       0
       0
       0
       0
       0
       0
       0
       1
       0
       0
       0
       0
       0
       0
       0
       1
       0
       1
       1
       0
       0
       0
       1
       0
       0
       0
       0
       0
       0
       0
       0
       0
       2
       1
       0
       0
       1
       0
       2
       0
       0
       1
       0
       0
       0
       0
       0
       0
       0
       1
       0
       1
       1
       1
       0
       0
       0
       0
       1
       0
       2
       0
       0
       0
       1
       0
       0
       0
       0
       2
       1
       0
       0
       0
       0
       2
       2
       0
       0
       1
       1
       1
       0
       0
       0
       1
       0
       1
       0
       3
       0
       2
       0
       3
       0
       0
       1
       3
       1
       1
       2
       1
       0
       2
       3
       1
       2
       1
       0
       2
       0
       1
       1
       1
       1
       0
       1
       1
       2
       2
       1
       1
       2
       2
       2
       0
       0
       2
       1
       1
       4
       5
       1
       4
       1
       2
       1
       0
       1
       1
       2
       1
       2
       0
       3
       0
       1
       1
       1
       0
       5
       1
       1
       1
       2
       4
       3
       0
       2
       2
       2
       1
       0
       1
       0
       1
       2
       2
       1
       1
       1
       5
       8
       3
       2
       0
       3
       1
       1
       2
       0
       5
       2
       1
       1
       2
       1
       3
       4
       3
       1
       3
       0
       5
       4
       3
       2
       0
       1
       2
       0
       3
       1
       1
       1
       0
       1
       3
       2
       0
       0
       3
       2
       1
       2
       0
       2
       0
       1
       1
       1
       0
       0
       0
       1
       0
       0
       3
       0
       1
       1
       0
       3
       0
       2
       2
       0
       0
       2
       1
       0
       0
       0
       1
       0
       1
       0
       1
       0
       2
       0
       2
       1
       1
       0
       1
       1
       0
       0
       0
       0
       0
       0
       0
       1
       0
       0
       0
       1
       0
       0
       0
       0
       1
       1
       0
       0
       0
       0
       0
       0
       0
       1
       0
       0
       1
       0
       1
       0
       0
       1
       0
       0
       0
       0
       0
       1
       0
       0
       1
       0
       0
       0
       0
       0
       0
       0
       0
       0
       0
       0
       0
       0
       0
       0
       0
       0
       0
       0
       0
       0
       0
       0
       0
       0
       0
       1
       0
       0
       0
       0
       0
       0
       0
       0
       0
       0
       0
       0
       0
       0
       0
       0
       0
       0
       0
       0
       0
       0
       0
       0
       0
       0
       1
       0
       0
       0
       0
       0
       0
       0
       0
       0
       0
       0
       0
       0
       0
       0
       0
       0
       0
       0
       0
       0
       0
       0
       0
       0
       0
       0
       0
       0
       0
       0
       0
       0
       0
       0
       0
       1
       0
       0
       0
       0
       0
       0
       0
       0
       0
       0
       0
       0
       0
       0
       0
       0
       0
       0
       0
       0
       0
       0
       0
       0
       0
       0
       0
       0
       0
       0
       0
       0
       0
       1
       0
       0
       0
       0
       0
       0
       0
       0
       0
       0
       0
       0
       0
       0
       0
       0
       0
       0
       0
       0
       0
       0
       0
       0
       0
       0
       0
       0
       0
       0
       0
       0
       0
       0
       0
       0
       0
       0
       0
       0
       0
       0
       0
       0
       1
       0
       0
       0
       0
       0
       0
       0
       0
       0
       0
       0
       0
       0
       0
       0
       1
       0
       0
       0
       0
       0
       0
       0
       0
       0
       0
       0
       0
       0
       0
       0
       0
       0
       0
       0
       0
       0
       0
       0
       0
       0
       0
       0
       0
       0
       0
       0
       0
       0
       0
       0
       0
       0
       0
       0
       0
       0
       0
       0
       0
       0
       0
       0
       0
       0
       0
       0
       0
       0
       0
       0
       0
       0
       0
       0
       0
       0
       0
       0
       0
       0
       0
       0
       0
       0
       0
       0
       0
       0
       0
       0
       0
       0
       0
       0
       0
       0
       0
       0
       0
       0
       0
       0
       0
       0
       0
       0
       0
       0
       0
       0
       0
       0
       0
       0
       0
       0
       0
       0
       0
       0
       0
       0
       0
       0
       0
       0
       0
       0
       0
       0
       0
       0
       0
       0
       0
       0
       0
       0
       0
       0
       0
       0
       0
       0
       0
       0
       0
       0
       0
       0
       0
       0
       0
       0
       0
       0
       0
       0
       0
       0
       0
       0
       0
       0
       0
       0
       0
       0
       0
       0
       0
       0
       0
       0
       0
       0
       0
       0
       0
       0
       0
       0
       0
       0
       0
       0
       0
       0
       0
       0
       0
       0
       0
       0
       0
       0
       0
       0
       0
       0
       0
       0
       0
       0
       0
       0
       0
       0
       0
       0
       0
       0
       0
       0
       0
       0
       0
       0
       0
       0
       0
       0
       0
       0
       0
       0
       0
       0
       0
       0
       0
       0
       0
       0
       0
       0
       0
       0
       0
       0
       0
       0
       0
       0
       0
       0
       0
       0
       0
       0
       0
       0
       0
       0
       0
       0
       0
       0
       0
       0
       0
       0
       0
       0
       0
       0
       0
       0
       0
       0
       0
       0
       0
       0
       0
       0
       0
       0
       0
       0
$ROI:
1
921 1079
$PRESETS:
None
0
0
$ENER_FIT:
0.000000 6.583851
$MCA_CAL:
3
0.000000E+000 6.583851E+000 0.000000E+000 keV
$SHAPE_CAL:
3
0.000000E+000 0.000000E+000 0.000000E+000
