$SPEC_ID:
Run 608, Background
$SPEC_REM:
DET# 1
DETDESC# Electrostatic MCA
AP# Maestro Version 6.08
$DATE_MEA:
09/24/2020 16:21:39
$MEAS_TIM:
86778 133209
$DATA:
0 2047
       0
       0
       0
       0
       0
       0
       0
       0
       0
       0
       0
       0
       0
       0
       0
       0
       0
       0
       0
       0
       0
       0
       0
       0
       0
       0
       0
       0
       0
       0
       0
       0
       0
       0
       0
       0
       0
       0
       0
       0
       0
       0
       0
       0
       0
       0
       0
       0
       0
       0
       0
       0
       0
       0
       0
       0
       0
       0
       0
       0
       0
       0
       0
       0
       0
       0
       0
       0
       0
   41366
66132027
86484722
84903681
83301259
81679893
80051097
78403112
76761065
75086968
73415518
71734117
70071713
68394874
66732510
65066953
63424579
61767598
60137267
58509307
56905989
55340330
53754111
52217600
50668701
49147346
47673710
46204435
44762995
43344183
41950964
40576596
39256563
37942209
36659540
35396767
34177825
32984035
31818188
30674305
29568693
28471953
27411416
26403120
25394082
24428319
23487743
22567046
21698139
20827505
19992762
19189893
18405048
17656142
16925091
16215952
15532920
14881670
14239278
13632564
13037184
12467870
11916429
11396660
10876467
10402683
 9924284
 9476736
 9037477
 8622133
 8220020
 7837493
 7471322
 7115741
 6774071
 6451273
 6142533
 5838454
 5560047
 5286584
 5024363
 4774308
 4539722
 4313578
 4091634
 3886705
 3689729
 3498185
 3317428
 3148756
 2982699
 2829263
 2677893
 2538230
 2405613
 2276493
 2153622
 2038667
 1928302
 1825349
 1724792
 1631057
 1539952
 1455876
 1375136
 1297678
 1226081
 1157198
 1093236
 1028937
  969796
  915979
  861987
  813429
  765993
  723012
  681047
  639831
  602988
  567813
  534046
  501942
  470384
  442710
  417590
  391202
  366751
  345036
  324588
  304949
  285835
  268508
  251747
  236231
  221337
  207708
  194746
  181915
  169993
  160041
  149685
  140927
  131816
  122333
  115345
  106954
  101280
   93972
   87281
   82409
   76940
   71343
   67457
   62681
   58775
   54937
   51567
   48077
   44785
   41364
   38836
   36222
   33800
   31736
   29468
   27863
   25593
   24216
   22700
   21153
   19758
   18455
   17304
   16027
   15039
   14164
   13048
   12518
   11590
   10706
   10103
    9481
    8886
    8317
    7803
    7319
    6982
    6486
    6134
    5748
    5517
    5273
    4883
    4597
    4336
    4089
    3870
    3788
    3510
    3172
    3206
    3050
    2996
    2789
    2639
    2402
    2295
    2229
    2180
    2042
    1924
    1827
    1848
    1728
    1621
    1641
    1516
    1428
    1367
    1287
    1342
    1240
    1251
    1154
    1065
    1068
     978
     967
     957
     929
     894
     835
     821
     770
     750
     739
     718
     674
     682
     646
     573
     624
     570
     525
     545
     514
     483
     488
     449
     446
     418
     398
     393
     393
     353
     347
     313
     307
     282
     280
     298
     248
     261
     216
     206
     241
     221
     220
     211
     184
     187
     156
     175
     147
     145
     166
     122
     139
     130
     126
     128
     111
     123
     105
      84
     109
      89
      70
      77
      76
      67
      64
      70
      68
      53
      64
      57
      54
      46
      43
      49
      37
      40
      40
      46
      38
      39
      39
      24
      26
      26
      22
      33
      29
      25
      18
      26
      18
      18
      15
      21
      10
      21
      14
      11
      12
      12
       8
       9
       9
       7
       9
       8
       6
       7
       8
       3
       4
       4
       4
       2
       5
       3
       2
       3
       5
       5
       3
       0
       2
       2
       5
       3
       2
       4
       2
       2
       4
       1
       2
       2
       0
       0
       0
       2
       0
       1
       0
       2
       1
       0
       7
       0
       3
       0
       0
       0
       1
       2
       1
       2
       0
       1
       1
       1
       2
       1
       0
       1
       0
       1
       0
       0
       0
       1
       1
       1
       0
       1
       0
       1
       1
       0
       0
       1
       1
       0
       0
       1
       0
       1
       0
       0
       0
       2
       0
       0
       1
       0
       1
       0
       0
       0
       0
       0
       0
       0
       0
       0
       0
       1
       0
       0
       0
       0
       0
       0
       0
       0
       0
       0
       0
       1
       0
       0
       0
       0
       0
       0
       0
       0
       1
       0
       0
       0
       0
       0
       0
       0
       0
       1
       0
       0
       0
       0
       0
       0
       0
       0
       0
       0
       0
       0
       0
       0
       0
       0
       0
       0
       0
       0
       0
       0
       0
       0
       0
       0
       0
       0
       0
       0
       0
       0
       0
       0
       0
       0
       0
       0
       1
       0
       0
       0
       0
       0
       1
       0
       0
       0
       1
       0
       0
       0
       0
       1
       1
       0
       0
       0
       1
       0
       0
       0
       0
       0
       0
       0
       0
       1
       0
       1
       0
       0
       0
       0
       0
       0
       0
       0
       0
       0
       0
       0
       0
       0
       0
       0
       0
       0
       0
       0
       0
       0
       0
       0
       0
       0
       0
       0
       0
       0
       0
       0
       0
       0
       0
       0
       0
       0
       0
       0
       0
       0
       0
       0
       0
       0
       0
       0
       0
       0
       0
       0
       0
       0
       0
       0
       0
       0
       0
       0
       0
       0
       0
       0
       0
       0
       0
       0
       0
       0
       0
       0
       0
       0
       0
       0
       0
       0
       0
       0
       0
       0
       0
       0
       0
       1
       0
       0
       0
       0
       0
       0
       0
       0
       0
       1
       0
       0
       0
       0
       1
       0
       0
       0
       0
       0
       0
       0
       0
       0
       1
       0
       0
       0
       0
       0
       0
       0
       0
       0
       0
       0
       0
       0
       0
       0
       0
       0
       0
       0
       0
       0
       0
       0
       0
       0
       0
       0
       0
       0
       0
       0
       0
       0
       0
       0
       0
       0
       0
       0
       0
       0
       0
       0
       0
       0
       0
       0
       0
       0
       0
       0
       0
       0
       0
       1
       1
       0
       0
       0
       0
       0
       0
       0
       0
       0
       0
       0
       0
       0
       0
       0
       0
       0
       0
       0
       0
       0
       0
       0
       0
       0
       0
       0
       0
       0
       0
       0
       0
       0
       0
       0
       0
       0
       0
       0
       0
       0
       0
       0
       0
       0
       0
       0
       0
       0
       0
       0
       0
       1
       0
       1
       1
       0
       0
       0
       0
       0
       0
       0
       0
       0
       0
       0
       0
       0
       0
       0
       0
       0
       0
       0
       0
       0
       0
       0
       0
       0
       0
       0
       0
       0
       0
       0
       1
       0
       0
       0
       0
       0
       0
       0
       0
       0
       0
       0
       0
       0
       0
       0
       0
       0
       0
       0
       0
       0
       0
       0
       0
       2
       0
       0
       0
       0
       0
       0
       0
       0
       0
       0
       0
       0
       0
       0
       0
       0
       0
       0
       1
       0
       0
       0
       0
       0
       0
       0
       1
       0
       0
       0
       1
       0
       0
       0
       0
       0
       0
       0
       1
       0
       0
       1
       0
       1
       1
       0
       0
       0
       1
       1
       1
       0
       0
       0
       0
       0
       1
       0
       0
       1
       1
       0
       0
       0
       0
       1
       0
       2
       0
       2
       0
       0
       0
       1
       0
       1
       0
       0
       0
       0
       2
       1
       0
       0
       1
       0
       0
       1
       2
       1
       1
       1
       0
       4
       1
       1
       0
       2
       0
       1
       0
       1
       2
       1
       1
       1
       0
       0
       0
       2
       1
       2
       0
       2
       1
       1
       1
       0
       0
       2
       1
       0
       1
       1
       0
       3
       1
       1
       0
       2
       0
       0
       1
       0
       1
       1
       1
       1
       3
       0
       1
       0
       0
       0
       3
       0
       1
       1
       0
       0
       1
       0
       0
       1
       0
       1
       0
       0
       1
       3
       1
       1
       1
       1
       0
       1
       0
       1
       0
       0
       1
       3
       2
       0
       1
       0
       2
       1
       0
       2
       1
       0
       1
       1
       3
       0
       2
       3
       0
       0
       1
       2
       0
       1
       1
       3
       2
       2
       0
       1
       3
       0
       0
       0
       3
       0
       0
       0
       1
       0
       2
       1
       2
       0
       3
       0
       0
       1
       0
       0
       3
       0
       0
       0
       1
       2
       2
       0
       1
       2
       0
       1
       0
       0
       2
       1
       1
       1
       0
       1
       0
       0
       1
       0
       2
       1
       0
       1
       0
       1
       0
       1
       0
       1
       1
       2
       2
       1
       2
       0
       0
       0
       1
       0
       1
       1
       0
       0
       1
       3
       1
       1
       1
       2
       1
       0
       0
       1
       0
       1
       0
       1
       2
       0
       0
       1
       0
       0
       0
       0
       0
       1
       1
       0
       1
       0
       1
       0
       1
       1
       0
       0
       3
       2
       0
       0
       3
       0
       1
       0
       1
       0
       1
       0
       0
       0
       0
       0
       0
       2
       0
       0
       0
       0
       1
       0
       0
       0
       0
       0
       0
       0
       0
       0
       0
       1
       0
       0
       0
       0
       0
       0
       0
       1
       1
       0
       0
       0
       0
       0
       0
       0
       0
       0
       0
       0
       0
       0
       1
       0
       1
       0
       0
       0
       0
       0
       0
       0
       0
       0
       0
       0
       0
       0
       0
       0
       0
       0
       0
       0
       0
       0
       0
       0
       0
       0
       0
       0
       0
       0
       0
       0
       0
       0
       1
       0
       0
       0
       0
       0
       0
       0
       0
       0
       0
       0
       0
       0
       1
       0
       0
       0
       0
       0
       0
       0
       0
       0
       0
       0
       0
       0
       0
       0
       1
       0
       0
       0
       0
       0
       0
       0
       1
       0
       0
       0
       0
       0
       0
       0
       0
       0
       0
       0
       0
       0
       0
       0
       0
       2
       0
       0
       0
       1
       0
       1
       0
       0
       0
       0
       0
       0
       0
       0
       0
       0
       0
       0
       1
       1
       1
       0
       0
       0
       0
       0
       0
       2
       0
       0
       0
       0
       0
       0
       0
       0
       0
       1
       0
       0
       0
       0
       1
       0
       0
       0
       1
       0
       1
       0
       0
       0
       0
       0
       0
       0
       2
       0
       1
       0
       1
       0
       0
       0
       3
       1
       1
       2
       1
       0
       1
       1
       1
       0
       0
       0
       2
       0
       0
       0
       1
       0
       0
       1
       0
       1
       1
       0
       1
       0
       0
       1
       0
       0
       1
       1
       1
       3
       2
       0
       1
       0
       2
       1
       0
       0
       0
       1
       0
       1
       0
       2
       0
       0
       1
       1
       0
       3
       0
       1
       1
       0
       2
       3
       0
       0
       0
       2
       0
       0
       0
       0
       0
       2
       1
       1
       1
       0
       3
       1
       2
       2
       0
       0
       0
       0
       0
       0
       3
       2
       1
       0
       1
       1
       3
       3
       3
       0
       1
       0
       4
       1
       1
       1
       0
       1
       1
       0
       1
       1
       1
       0
       0
       0
       1
       0
       0
       0
       1
       0
       1
       1
       0
       1
       0
       1
       0
       1
       0
       0
       0
       0
       0
       0
       1
       0
       0
       0
       0
       0
       0
       1
       1
       0
       0
       1
       0
       0
       0
       0
       0
       0
       1
       0
       0
       0
       0
       0
       1
       0
       0
       0
       0
       0
       0
       0
       0
       0
       0
       0
       0
       0
       0
       0
       0
       1
       0
       0
       0
       0
       0
       0
       0
       0
       0
       0
       0
       0
       0
       0
       0
       0
       0
       0
       0
       0
       0
       0
       0
       0
       0
       0
       0
       0
       0
       0
       0
       0
       0
       0
       0
       0
       0
       0
       0
       0
       0
       0
       0
       0
       0
       0
       0
       0
       0
       0
       0
       0
       0
       0
       0
       0
       0
       0
       0
       0
       0
       0
       0
       0
       0
       0
       0
       0
       0
       0
       0
       0
       0
       0
       0
       0
       0
       0
       0
       0
       0
       0
       0
       0
       0
       0
       0
       0
       0
       0
       0
       0
       0
       0
       0
       0
       0
       0
       0
       0
       0
       0
       0
       0
       0
       0
       0
       0
       0
       0
       0
       0
       0
       0
       0
       0
       0
       0
       0
       0
       0
       1
       0
       0
       0
       0
       0
       0
       0
       0
       0
       0
       0
       0
       0
       0
       0
       0
       0
       0
       0
       0
       0
       0
       0
       0
       0
       0
       0
       0
       0
       0
       0
       0
       0
       0
       0
       0
       0
       0
       0
       0
       0
       0
       0
       0
       0
       0
       0
       0
       0
       0
       0
       0
       0
       0
       0
       0
       0
       0
       0
       0
       0
       0
       0
       0
       0
       0
       0
       0
       0
       0
       0
       0
       0
       0
       0
       0
       0
       0
       0
       0
       0
       0
       0
       0
       0
       0
       0
       0
       0
       0
       0
       0
       0
       0
       1
       0
       0
       0
       0
       0
       0
       0
       0
       0
       0
       0
       0
       0
       0
       0
       0
       0
       0
       0
       0
       0
       0
       0
       0
       0
       0
       0
       0
       0
       0
       0
       0
       0
       0
       0
       0
       0
       0
       0
       0
       0
       0
       0
       0
       0
       0
       0
       0
       0
       0
       0
       0
       0
       0
       0
       0
       0
       0
       0
       0
       0
       0
       0
       0
       0
       0
       0
       0
       0
       0
       0
       0
       0
       0
       0
       0
       0
       0
       0
       0
       0
       0
       0
       0
       0
       0
       0
       0
       0
       0
       0
       0
       0
       0
       0
       0
       0
       0
       0
       0
       0
       0
       0
       0
       0
       0
       0
       0
       0
       0
       0
       0
       0
       0
       0
       0
       0
       0
       0
       0
       0
       0
       0
       0
       0
       0
       0
       0
       0
       0
       0
       0
       0
       0
       0
       0
       0
       0
       0
       0
       0
       0
       0
       0
       0
       0
       0
       0
       0
       0
       0
       0
       0
       0
       0
       0
       0
       0
       0
       0
       0
       0
       0
       0
       0
       0
       0
       0
       0
       0
       0
       0
       0
       0
       0
       0
       0
       0
       0
       0
       0
       0
       0
       0
       0
       0
       0
       0
       0
       0
       0
       0
       0
       0
       0
       0
       0
       0
       0
       0
       0
       0
       0
       0
       0
       0
       0
       0
       0
       0
       0
       0
       0
       0
       0
       0
       0
       0
       0
       0
       0
       0
       0
       0
       0
       0
       0
       0
       0
       0
       0
       0
       0
       0
       0
       0
       0
       0
       0
       0
       0
       0
       0
       0
       0
       0
       0
       0
       0
       0
       0
       0
       0
       0
       0
       0
       0
       0
       0
       0
       0
       0
       0
       0
       0
$ROI:
1
921 1079
$PRESETS:
None
0
0
$ENER_FIT:
0.000000 6.583851
$MCA_CAL:
3
0.000000E+000 6.583851E+000 0.000000E+000 keV
$SHAPE_CAL:
3
0.000000E+000 0.000000E+000 0.000000E+000
