$SPEC_ID:
Run 608, Background
$SPEC_REM:
DET# 1
DETDESC# Electrostatic MCA
AP# Maestro Version 6.08
$DATE_MEA:
09/24/2020 16:21:39
$MEAS_TIM:
240553 388829
$DATA:
0 2047
       0
       0
       0
       0
       0
       0
       0
       0
       0
       0
       0
       0
       0
       0
       0
       0
       0
       0
       0
       0
       0
       0
       0
       0
       0
       0
       0
       0
       0
       0
       0
       0
       0
       0
       0
       0
       0
       0
       0
       0
       0
       0
       0
       0
       0
       0
       0
       0
       0
       0
       0
       0
       0
       0
       0
       0
       0
       0
       0
       0
       0
       0
       0
       0
       0
       0
       0
       0
       0
  140234
197087018
258185740
254845167
251468176
247946596
244386747
240730616
237040927
233280696
229428416
225532537
221643501
217645462
213675285
209626929
205610534
201544701
197458458
193370687
189257297
185207067
181077815
177014850
172934086
168881204
164859662
160845925
156867414
152926075
149011128
145123405
141314091
137509636
133759037
130047003
126396046
122790020
119265454
115758332
112321443
108927005
105590838
102334656
99131425
95979660
92919008
89875207
86947684
84050350
81213062
78449190
75751720
73130730
70541970
68042985
65598623
63232295
60895537
58651513
56461155
54338000
52253777
50259524
48299967
46417040
44576036
42807677
41080764
39401524
37806238
36237608
34727339
33265015
31861252
30511268
29190524
27916557
26713076
25542115
24403909
23318676
22267406
21263912
20288200
19365849
18464712
17602662
16787642
15995883
15227665
14504063
13801075
13142857
12502044
11889099
11302247
10737688
10205394
 9695929
 9205739
 8737389
 8291265
 7869613
 7460276
 7076619
 6711745
 6358862
 6022303
 5704344
 5399114
 5110519
 4835048
 4577936
 4327122
 4101015
 3870349
 3655792
 3457577
 3265827
 3080887
 2908903
 2747018
 2587381
 2442457
 2303418
 2169906
 2046525
 1929983
 1818538
 1712416
 1612564
 1517293
 1428917
 1344239
 1265065
 1189148
 1117519
 1047607
  989538
  926839
  872374
  820713
  768501
  721695
  676875
  636100
  597017
  557461
  524847
  492019
  459332
  431301
  403471
  379649
  354364
  332723
  311603
  290931
  272119
  254259
  238990
  222874
  209051
  195665
  182903
  170963
  160636
  149437
  139596
  131550
  122531
  114893
  107032
  100247
   93121
   87470
   81924
   76621
   71235
   67190
   62760
   59331
   55362
   51468
   48149
   45556
   42371
   40029
   37361
   35256
   33125
   31331
   29086
   27479
   25873
   24273
   23098
   21728
   20611
   19337
   18449
   17607
   16783
   15643
   14651
   14172
   13286
   12892
   12048
   11371
   10934
   10531
   10030
    9606
    9164
    8733
    8384
    7994
    7547
    7420
    7090
    6830
    6411
    6336
    5979
    5740
    5468
    5312
    5156
    4964
    4747
    4598
    4394
    4261
    4120
    3958
    3753
    3815
    3561
    3401
    3330
    3175
    3126
    2940
    2760
    2716
    2629
    2560
    2454
    2396
    2352
    2189
    2179
    1990
    2006
    1860
    1843
    1724
    1718
    1616
    1597
    1502
    1422
    1383
    1383
    1289
    1285
    1226
    1178
    1140
     996
    1038
     934
     956
     927
     878
     832
     839
     753
     741
     717
     733
     629
     591
     577
     597
     517
     559
     521
     480
     449
     461
     448
     382
     341
     340
     347
     358
     314
     321
     293
     290
     268
     243
     255
     234
     223
     215
     173
     198
     205
     169
     160
     160
     132
     135
     117
     129
     112
     114
     117
     100
     103
      80
      85
      77
      64
      69
      66
      56
      54
      65
      51
      50
      43
      54
      49
      42
      44
      29
      29
      32
      23
      20
      27
      25
      20
      21
      16
      19
      21
      19
      17
      17
      10
      16
      16
      10
      15
      12
       9
       7
       8
       8
       8
       8
       8
       5
       7
       8
      14
       6
       7
       6
       5
       4
       3
       5
       3
       6
       3
       6
       4
       2
       4
       5
       1
       4
       1
       2
       3
       4
       3
       3
       3
       4
       3
       2
       1
       3
       2
       1
       0
       2
       2
       0
       1
       1
       1
       4
       0
       0
       2
       2
       1
       1
       1
       0
       1
       1
       0
       0
       0
       1
       0
       1
       0
       1
       0
       1
       0
       0
       1
       2
       0
       0
       0
       1
       3
       0
       0
       1
       0
       1
       0
       0
       0
       0
       0
       0
       1
       2
       0
       0
       0
       0
       0
       1
       0
       1
       0
       0
       1
       0
       0
       0
       0
       2
       1
       0
       0
       0
       0
       0
       0
       0
       0
       0
       1
       1
       0
       0
       0
       0
       1
       0
       0
       0
       0
       1
       0
       0
       0
       0
       0
       0
       0
       0
       1
       0
       1
       0
       0
       0
       1
       0
       0
       0
       1
       0
       0
       0
       1
       1
       1
       0
       1
       2
       1
       0
       0
       1
       0
       0
       0
       0
       0
       1
       0
       1
       0
       2
       0
       0
       1
       0
       0
       0
       0
       0
       0
       0
       0
       1
       0
       0
       0
       0
       0
       0
       1
       0
       0
       0
       0
       0
       0
       0
       0
       1
       0
       0
       0
       0
       0
       0
       1
       0
       1
       1
       0
       2
       0
       0
       0
       0
       0
       0
       0
       0
       0
       0
       0
       0
       0
       0
       0
       0
       0
       0
       1
       0
       0
       0
       0
       0
       0
       1
       1
       0
       1
       0
       0
       0
       0
       0
       0
       0
       0
       0
       0
       0
       0
       0
       0
       1
       0
       0
       0
       0
       0
       1
       0
       0
       0
       1
       0
       1
       0
       0
       1
       0
       0
       0
       0
       0
       0
       0
       0
       0
       1
       0
       1
       1
       0
       0
       0
       0
       0
       0
       0
       1
       0
       0
       0
       0
       0
       0
       0
       0
       0
       0
       0
       0
       1
       0
       0
       0
       0
       0
       0
       0
       0
       0
       0
       0
       0
       0
       0
       0
       0
       0
       0
       0
       0
       0
       0
       0
       0
       0
       0
       0
       0
       0
       0
       1
       1
       0
       0
       0
       0
       0
       0
       0
       0
       1
       0
       0
       0
       0
       0
       0
       0
       0
       0
       0
       1
       0
       0
       0
       0
       0
       0
       1
       0
       0
       1
       0
       0
       0
       0
       0
       0
       0
       0
       0
       0
       0
       0
       1
       1
       0
       0
       1
       0
       0
       0
       1
       0
       1
       0
       1
       1
       0
       0
       1
       0
       0
       0
       0
       0
       0
       0
       0
       0
       0
       0
       0
       0
       1
       0
       0
       0
       0
       0
       0
       0
       0
       0
       0
       0
       0
       0
       0
       2
       1
       0
       0
       0
       0
       2
       0
       1
       0
       0
       0
       0
       0
       0
       0
       0
       0
       1
       0
       0
       1
       0
       1
       0
       2
       0
       1
       1
       0
       0
       0
       0
       1
       1
       0
       1
       0
       1
       1
       0
       1
       0
       0
       2
       1
       0
       1
       1
       0
       0
       0
       2
       1
       0
       0
       1
       0
       0
       2
       2
       0
       3
       0
       3
       0
       0
       3
       2
       4
       1
       0
       2
       0
       2
       1
       2
       0
       1
       1
       1
       0
       3
       1
       2
       1
       3
       0
       0
       0
       0
       2
       0
       2
       1
       2
       3
       2
       4
       1
       2
       2
       0
       0
       3
       1
       3
       2
       0
       0
       1
       1
       2
       1
       5
       3
       4
       3
       1
       4
       1
       3
       1
       4
       1
       2
       1
       3
       4
       1
       3
       2
       1
       2
       3
       5
       3
       2
       0
       3
       1
       2
       4
       4
       1
       4
       3
       1
       4
       5
       0
       6
       2
       1
       1
       4
       3
       0
       4
       0
       5
       2
       2
       2
       3
       1
       3
       2
       0
       1
       4
       2
       3
       1
       2
       1
       4
       3
       3
       3
       1
       4
       3
       1
       1
       3
       2
       3
       4
       1
       2
       3
       1
       2
       2
       0
       3
       4
       2
       1
       4
       3
       3
       3
       2
       5
       1
       2
       3
       4
       3
       5
       2
       3
       2
       3
       2
       3
       2
       2
       1
       4
       4
       4
       2
       2
       3
       0
       2
       2
       3
       0
       1
       1
       3
       0
       3
       3
       6
       1
       5
       2
       2
       2
       1
       0
       5
       1
       3
       3
       4
       3
       2
       0
       5
       4
       0
       3
       0
       3
       2
       1
       1
       2
       1
       1
       2
       4
       4
       0
       4
       1
       1
       5
       2
       1
       1
       3
       1
       3
       1
       3
       2
       2
       2
       1
       2
       2
       1
       3
       2
       1
       1
       1
       1
       3
       2
       2
       1
       3
       3
       1
       0
       2
       0
       2
       3
       3
       3
       1
       2
       1
       0
       1
       2
       1
       1
       1
       1
       0
       1
       2
       1
       0
       3
       1
       0
       3
       4
       2
       1
       1
       4
       0
       1
       2
       1
       0
       1
       1
       1
       0
       0
       0
       1
       2
       1
       1
       0
       0
       2
       0
       0
       1
       0
       1
       0
       1
       0
       0
       1
       3
       1
       0
       0
       0
       0
       0
       0
       1
       1
       0
       0
       0
       0
       0
       0
       1
       0
       2
       0
       0
       0
       0
       1
       1
       1
       0
       0
       0
       0
       0
       0
       0
       0
       0
       0
       0
       0
       0
       0
       0
       0
       0
       1
       0
       0
       0
       0
       1
       0
       0
       0
       0
       0
       0
       0
       0
       0
       0
       1
       0
       0
       0
       0
       0
       0
       0
       0
       0
       0
       0
       0
       0
       1
       0
       0
       0
       0
       0
       0
       0
       0
       0
       0
       0
       0
       0
       1
       0
       1
       0
       0
       0
       0
       0
       0
       0
       1
       0
       1
       1
       0
       0
       0
       1
       0
       0
       0
       0
       0
       0
       0
       0
       0
       2
       1
       0
       0
       1
       0
       2
       0
       0
       1
       0
       0
       0
       0
       0
       0
       0
       1
       0
       1
       1
       2
       0
       1
       0
       0
       1
       0
       2
       0
       1
       1
       1
       0
       0
       0
       0
       3
       1
       1
       0
       0
       0
       2
       2
       0
       0
       1
       1
       1
       0
       0
       0
       1
       0
       1
       0
       3
       0
       2
       0
       4
       0
       0
       1
       3
       1
       1
       2
       1
       0
       4
       3
       1
       2
       1
       0
       3
       0
       1
       1
       1
       1
       0
       2
       1
       2
       2
       1
       2
       2
       2
       2
       1
       0
       2
       1
       1
       4
       5
       1
       4
       1
       3
       1
       0
       1
       1
       3
       1
       2
       1
       3
       0
       2
       1
       1
       0
       5
       1
       1
       2
       2
       4
       4
       0
       2
       2
       2
       2
       0
       1
       1
       1
       2
       2
       1
       1
       1
       5
       8
       3
       2
       0
       3
       1
       1
       3
       1
       5
       2
       2
       1
       2
       1
       3
       4
       3
       2
       3
       0
       5
       5
       3
       2
       0
       1
       2
       0
       3
       1
       2
       1
       0
       1
       3
       2
       0
       0
       3
       2
       2
       2
       0
       2
       0
       1
       2
       1
       0
       0
       0
       1
       0
       0
       3
       0
       1
       1
       0
       3
       0
       2
       2
       0
       0
       2
       1
       0
       1
       0
       1
       0
       1
       0
       1
       0
       2
       0
       2
       1
       1
       0
       1
       1
       0
       0
       0
       0
       0
       0
       0
       1
       0
       0
       0
       1
       0
       0
       0
       0
       1
       1
       0
       0
       0
       0
       0
       0
       0
       1
       0
       0
       1
       0
       1
       0
       0
       1
       0
       0
       0
       0
       0
       1
       0
       0
       1
       0
       0
       0
       0
       0
       0
       0
       0
       0
       0
       0
       0
       0
       0
       0
       0
       0
       0
       0
       0
       0
       0
       0
       0
       0
       0
       1
       0
       0
       0
       0
       0
       0
       0
       0
       0
       0
       0
       0
       0
       0
       0
       0
       0
       0
       0
       0
       0
       0
       0
       0
       0
       0
       1
       0
       0
       0
       0
       0
       0
       0
       0
       0
       0
       0
       0
       0
       0
       0
       0
       0
       0
       0
       0
       0
       0
       0
       0
       0
       0
       0
       0
       0
       0
       0
       0
       0
       0
       0
       0
       1
       0
       0
       0
       0
       0
       0
       0
       0
       0
       0
       0
       0
       0
       0
       0
       0
       0
       0
       0
       0
       0
       0
       0
       0
       0
       0
       0
       0
       0
       0
       0
       0
       0
       1
       0
       0
       0
       0
       0
       0
       0
       0
       1
       0
       0
       0
       0
       0
       0
       0
       0
       0
       0
       0
       0
       0
       0
       0
       0
       0
       0
       0
       0
       0
       0
       0
       0
       0
       0
       0
       0
       0
       0
       0
       0
       0
       0
       0
       1
       0
       0
       0
       0
       0
       0
       0
       0
       0
       0
       0
       0
       0
       0
       0
       1
       0
       0
       0
       0
       0
       0
       0
       0
       0
       0
       0
       0
       0
       0
       0
       0
       0
       0
       0
       0
       0
       0
       0
       0
       0
       0
       0
       0
       0
       0
       0
       0
       0
       0
       0
       0
       0
       0
       0
       0
       0
       0
       0
       0
       0
       0
       0
       0
       0
       0
       0
       0
       0
       0
       0
       0
       0
       0
       0
       0
       0
       0
       0
       0
       0
       0
       0
       0
       0
       0
       0
       0
       0
       0
       0
       0
       0
       0
       0
       0
       0
       0
       0
       0
       0
       0
       0
       0
       0
       0
       0
       0
       0
       0
       0
       0
       0
       0
       0
       0
       0
       0
       0
       0
       0
       0
       0
       0
       0
       0
       0
       0
       0
       0
       0
       0
       0
       0
       0
       0
       0
       0
       0
       0
       0
       0
       0
       0
       0
       0
       0
       0
       0
       0
       0
       0
       0
       0
       0
       0
       0
       0
       0
       0
       0
       0
       0
       0
       0
       0
       0
       0
       0
       0
       0
       0
       0
       0
       0
       0
       0
       0
       0
       0
       0
       0
       0
       0
       0
       0
       0
       0
       0
       0
       0
       0
       0
       0
       0
       0
       0
       0
       0
       0
       0
       0
       0
       0
       0
       0
       0
       0
       0
       0
       0
       0
       0
       0
       0
       0
       0
       0
       0
       0
       0
       0
       0
       0
       0
       0
       0
       0
       0
       0
       0
       0
       0
       0
       0
       0
       0
       0
       0
       0
       0
       0
       0
       0
       0
       0
       0
       0
       0
       0
       0
       0
       0
       0
       0
       0
       0
       0
       0
       0
       0
       0
       0
       0
       0
       0
       0
       0
       0
       0
       0
       0
       0
       0
       0
       0
       0
       0
       0
       0
       0
$ROI:
1
921 1079
$PRESETS:
None
0
0
$ENER_FIT:
0.000000 6.583851
$MCA_CAL:
3
0.000000E+000 6.583851E+000 0.000000E+000 keV
$SHAPE_CAL:
3
0.000000E+000 0.000000E+000 0.000000E+000
