$SPEC_ID:
Run 608, Background
$SPEC_REM:
DET# 1
DETDESC# Electrostatic MCA
AP# Maestro Version 6.08
$DATE_MEA:
09/24/2020 16:21:39
$MEAS_TIM:
197780 316823
$DATA:
0 2047
       0
       0
       0
       0
       0
       0
       0
       0
       0
       0
       0
       0
       0
       0
       0
       0
       0
       0
       0
       0
       0
       0
       0
       0
       0
       0
       0
       0
       0
       0
       0
       0
       0
       0
       0
       0
       0
       0
       0
       0
       0
       0
       0
       0
       0
       0
       0
       0
       0
       0
       0
       0
       0
       0
       0
       0
       0
       0
       0
       0
       0
       0
       0
       0
       0
       0
       0
       0
       0
  110447
160382138
210067942
207150291
204230647
201175063
198121502
194959483
191791724
188567249
185278603
181949327
178628124
175237167
171865773
168438298
165044951
161618755
158168383
154733163
151289752
147897048
144446999
141059738
137654923
134286551
130949821
127628417
124328638
121071941
117852021
114653142
111516345
108392947
105333200
102304505
99307148
96368777
93502987
90652425
87868046
85127224
82411767
79790759
77202254
74672285
72204445
69775727
67427229
65116769
62841770
60642991
58493439
56413578
54362000
52378779
50442710
48575861
46734969
44967699
43242540
41576180
39938262
38378556
36839973
35371946
33934983
32559480
31216353
29916986
28679009
27462169
26297197
25168135
24081304
23045858
22026216
21044651
20126005
19226071
18352130
17525199
16722535
15956513
15214348
14512320
13826267
13172171
12555512
11952062
11373382
10825157
10293469
 9797117
 9314147
 8850645
 8412696
 7985224
 7589204
 7205681
 6838322
 6484815
 6150576
 5834569
 5532562
 5243307
 4973454
 4709702
 4457354
 4220312
 3994079
 3779559
 3572845
 3383664
 3198603
 3029410
 2858731
 2700052
 2552339
 2410424
 2272319
 2145035
 2025928
 1908135
 1801075
 1697997
 1598764
 1508783
 1422071
 1340424
 1261334
 1188681
 1118456
 1051711
  991055
  932153
  875043
  822608
  771637
  729310
  682366
  642401
  604487
  565398
  531587
  498190
  468192
  439845
  410638
  386165
  362027
  338127
  318006
  297504
  279394
  260932
  245428
  229255
  214324
  200466
  187136
  175914
  163840
  153763
  143791
  134492
  125722
  118260
  109951
  102743
   96700
   89994
   84397
   78590
   73637
   68618
   64366
   60591
   56400
   52494
   49348
   46143
   43557
   40850
   37683
   35478
   33523
   31158
   29444
   27602
   26101
   24297
   22963
   21435
   20383
   19007
   17799
   17032
   15883
   15105
   14249
   13626
   13022
   12390
   11558
   10840
   10385
    9848
    9498
    9005
    8467
    8031
    7815
    7425
    7099
    6908
    6522
    6150
    5941
    5643
    5516
    5253
    5093
    4687
    4657
    4467
    4240
    4065
    3938
    3808
    3680
    3479
    3406
    3219
    3157
    3083
    2878
    2807
    2809
    2633
    2499
    2427
    2372
    2310
    2191
    2027
    2003
    1914
    1884
    1784
    1798
    1727
    1580
    1615
    1467
    1463
    1337
    1361
    1245
    1270
    1208
    1137
    1120
    1030
    1014
    1012
     950
     918
     880
     865
     837
     700
     749
     676
     695
     670
     641
     582
     610
     515
     529
     511
     545
     449
     428
     420
     438
     353
     405
     361
     344
     333
     336
     327
     276
     248
     248
     262
     247
     232
     227
     197
     215
     198
     173
     173
     170
     165
     144
     123
     131
     131
     114
     119
     108
      90
      99
      75
      89
      78
      76
      84
      60
      80
      45
      62
      55
      42
      48
      45
      31
      38
      43
      35
      34
      29
      35
      37
      31
      28
      20
      19
      18
      13
      15
      25
      13
      12
      16
       9
      14
      15
      13
      11
      10
       6
      12
       9
       6
      11
       7
       6
       5
       6
       6
       6
       6
       5
       5
       5
       7
      12
       4
       6
       4
       1
       3
       2
       3
       2
       5
       3
       4
       1
       1
       3
       2
       1
       3
       1
       2
       0
       2
       1
       2
       2
       4
       2
       2
       1
       2
       1
       1
       0
       2
       1
       0
       1
       1
       1
       3
       0
       0
       2
       2
       1
       0
       1
       0
       1
       0
       0
       0
       0
       1
       0
       0
       0
       1
       0
       1
       0
       0
       1
       0
       0
       0
       0
       1
       3
       0
       0
       1
       0
       0
       0
       0
       0
       0
       0
       0
       1
       1
       0
       0
       0
       0
       0
       1
       0
       1
       0
       0
       0
       0
       0
       0
       0
       2
       1
       0
       0
       0
       0
       0
       0
       0
       0
       0
       1
       1
       0
       0
       0
       0
       0
       0
       0
       0
       0
       1
       0
       0
       0
       0
       0
       0
       0
       0
       1
       0
       0
       0
       0
       0
       1
       0
       0
       0
       1
       0
       0
       0
       0
       1
       1
       0
       1
       0
       1
       0
       0
       1
       0
       0
       0
       0
       0
       1
       0
       1
       0
       1
       0
       0
       0
       0
       0
       0
       0
       0
       0
       0
       0
       1
       0
       0
       0
       0
       0
       0
       0
       0
       0
       0
       0
       0
       0
       0
       0
       0
       0
       0
       0
       0
       0
       0
       1
       0
       1
       0
       0
       2
       0
       0
       0
       0
       0
       0
       0
       0
       0
       0
       0
       0
       0
       0
       0
       0
       0
       0
       1
       0
       0
       0
       0
       0
       0
       1
       1
       0
       1
       0
       0
       0
       0
       0
       0
       0
       0
       0
       0
       0
       0
       0
       0
       1
       0
       0
       0
       0
       0
       0
       0
       0
       0
       1
       0
       1
       0
       0
       1
       0
       0
       0
       0
       0
       0
       0
       0
       0
       1
       0
       1
       1
       0
       0
       0
       0
       0
       0
       0
       1
       0
       0
       0
       0
       0
       0
       0
       0
       0
       0
       0
       0
       1
       0
       0
       0
       0
       0
       0
       0
       0
       0
       0
       0
       0
       0
       0
       0
       0
       0
       0
       0
       0
       0
       0
       0
       0
       0
       0
       0
       0
       0
       0
       1
       1
       0
       0
       0
       0
       0
       0
       0
       0
       1
       0
       0
       0
       0
       0
       0
       0
       0
       0
       0
       1
       0
       0
       0
       0
       0
       0
       1
       0
       0
       1
       0
       0
       0
       0
       0
       0
       0
       0
       0
       0
       0
       0
       1
       1
       0
       0
       1
       0
       0
       0
       0
       0
       1
       0
       1
       1
       0
       0
       1
       0
       0
       0
       0
       0
       0
       0
       0
       0
       0
       0
       0
       0
       0
       0
       0
       0
       0
       0
       0
       0
       0
       0
       0
       0
       0
       0
       0
       2
       0
       0
       0
       0
       0
       2
       0
       0
       0
       0
       0
       0
       0
       0
       0
       0
       0
       0
       0
       0
       1
       0
       1
       0
       2
       0
       0
       0
       0
       0
       0
       0
       1
       1
       0
       0
       0
       1
       1
       0
       1
       0
       0
       1
       0
       0
       1
       1
       0
       0
       0
       2
       0
       0
       0
       1
       0
       0
       0
       2
       0
       2
       0
       3
       0
       0
       3
       2
       2
       1
       0
       2
       0
       1
       1
       2
       0
       1
       0
       1
       0
       3
       1
       1
       1
       2
       0
       0
       0
       0
       2
       0
       2
       1
       2
       0
       2
       1
       1
       2
       2
       0
       0
       2
       0
       3
       2
       0
       0
       1
       0
       2
       1
       3
       2
       4
       3
       1
       4
       1
       2
       0
       2
       1
       2
       1
       2
       3
       1
       1
       2
       0
       2
       2
       4
       3
       2
       0
       3
       1
       1
       3
       2
       0
       4
       3
       0
       4
       3
       0
       6
       1
       1
       0
       3
       2
       0
       4
       0
       5
       2
       1
       1
       3
       1
       3
       2
       0
       1
       4
       2
       3
       1
       0
       1
       2
       2
       3
       3
       1
       3
       2
       0
       1
       3
       1
       2
       2
       1
       1
       3
       0
       2
       2
       0
       2
       3
       2
       1
       4
       2
       3
       3
       2
       3
       1
       1
       3
       4
       3
       5
       2
       3
       1
       3
       2
       2
       0
       2
       1
       4
       4
       3
       2
       2
       3
       0
       1
       2
       3
       0
       1
       1
       3
       0
       3
       2
       5
       1
       3
       2
       1
       2
       1
       0
       5
       1
       1
       2
       3
       3
       2
       0
       4
       4
       0
       3
       0
       3
       2
       1
       1
       1
       0
       1
       1
       4
       3
       0
       4
       1
       1
       4
       2
       1
       0
       2
       1
       3
       1
       2
       2
       1
       2
       0
       2
       2
       1
       2
       2
       1
       1
       1
       1
       3
       2
       2
       1
       3
       3
       0
       0
       2
       0
       2
       3
       3
       2
       1
       2
       1
       0
       0
       2
       1
       1
       1
       1
       0
       1
       2
       1
       0
       3
       1
       0
       3
       4
       2
       0
       1
       4
       0
       1
       1
       1
       0
       1
       1
       1
       0
       0
       0
       1
       2
       1
       1
       0
       0
       1
       0
       0
       0
       0
       1
       0
       0
       0
       0
       0
       3
       1
       0
       0
       0
       0
       0
       0
       1
       1
       0
       0
       0
       0
       0
       0
       0
       0
       2
       0
       0
       0
       0
       1
       1
       1
       0
       0
       0
       0
       0
       0
       0
       0
       0
       0
       0
       0
       0
       0
       0
       0
       0
       1
       0
       0
       0
       0
       1
       0
       0
       0
       0
       0
       0
       0
       0
       0
       0
       1
       0
       0
       0
       0
       0
       0
       0
       0
       0
       0
       0
       0
       0
       1
       0
       0
       0
       0
       0
       0
       0
       0
       0
       0
       0
       0
       0
       0
       0
       1
       0
       0
       0
       0
       0
       0
       0
       1
       0
       1
       1
       0
       0
       0
       1
       0
       0
       0
       0
       0
       0
       0
       0
       0
       2
       1
       0
       0
       1
       0
       2
       0
       0
       1
       0
       0
       0
       0
       0
       0
       0
       1
       0
       1
       1
       1
       0
       0
       0
       0
       1
       0
       2
       0
       0
       0
       1
       0
       0
       0
       0
       2
       1
       0
       0
       0
       0
       2
       2
       0
       0
       1
       1
       1
       0
       0
       0
       1
       0
       1
       0
       3
       0
       2
       0
       2
       0
       0
       1
       3
       1
       1
       2
       1
       0
       2
       3
       1
       2
       1
       0
       2
       0
       0
       1
       1
       1
       0
       1
       1
       1
       2
       1
       1
       2
       2
       2
       0
       0
       2
       1
       1
       4
       5
       1
       3
       1
       2
       1
       0
       1
       1
       2
       1
       2
       0
       3
       0
       1
       1
       1
       0
       5
       1
       1
       1
       2
       4
       3
       0
       2
       2
       2
       1
       0
       1
       0
       1
       2
       2
       1
       1
       1
       5
       8
       3
       2
       0
       2
       1
       1
       2
       0
       5
       2
       1
       1
       2
       1
       3
       4
       3
       1
       3
       0
       5
       4
       3
       2
       0
       1
       2
       0
       3
       1
       1
       1
       0
       1
       3
       2
       0
       0
       3
       2
       1
       2
       0
       1
       0
       1
       1
       1
       0
       0
       0
       1
       0
       0
       3
       0
       1
       1
       0
       3
       0
       2
       2
       0
       0
       2
       0
       0
       0
       0
       1
       0
       1
       0
       1
       0
       1
       0
       2
       1
       1
       0
       1
       1
       0
       0
       0
       0
       0
       0
       0
       1
       0
       0
       0
       1
       0
       0
       0
       0
       1
       1
       0
       0
       0
       0
       0
       0
       0
       0
       0
       0
       1
       0
       1
       0
       0
       1
       0
       0
       0
       0
       0
       1
       0
       0
       1
       0
       0
       0
       0
       0
       0
       0
       0
       0
       0
       0
       0
       0
       0
       0
       0
       0
       0
       0
       0
       0
       0
       0
       0
       0
       0
       0
       0
       0
       0
       0
       0
       0
       0
       0
       0
       0
       0
       0
       0
       0
       0
       0
       0
       0
       0
       0
       0
       0
       0
       0
       0
       0
       1
       0
       0
       0
       0
       0
       0
       0
       0
       0
       0
       0
       0
       0
       0
       0
       0
       0
       0
       0
       0
       0
       0
       0
       0
       0
       0
       0
       0
       0
       0
       0
       0
       0
       0
       0
       0
       1
       0
       0
       0
       0
       0
       0
       0
       0
       0
       0
       0
       0
       0
       0
       0
       0
       0
       0
       0
       0
       0
       0
       0
       0
       0
       0
       0
       0
       0
       0
       0
       0
       0
       1
       0
       0
       0
       0
       0
       0
       0
       0
       0
       0
       0
       0
       0
       0
       0
       0
       0
       0
       0
       0
       0
       0
       0
       0
       0
       0
       0
       0
       0
       0
       0
       0
       0
       0
       0
       0
       0
       0
       0
       0
       0
       0
       0
       0
       1
       0
       0
       0
       0
       0
       0
       0
       0
       0
       0
       0
       0
       0
       0
       0
       1
       0
       0
       0
       0
       0
       0
       0
       0
       0
       0
       0
       0
       0
       0
       0
       0
       0
       0
       0
       0
       0
       0
       0
       0
       0
       0
       0
       0
       0
       0
       0
       0
       0
       0
       0
       0
       0
       0
       0
       0
       0
       0
       0
       0
       0
       0
       0
       0
       0
       0
       0
       0
       0
       0
       0
       0
       0
       0
       0
       0
       0
       0
       0
       0
       0
       0
       0
       0
       0
       0
       0
       0
       0
       0
       0
       0
       0
       0
       0
       0
       0
       0
       0
       0
       0
       0
       0
       0
       0
       0
       0
       0
       0
       0
       0
       0
       0
       0
       0
       0
       0
       0
       0
       0
       0
       0
       0
       0
       0
       0
       0
       0
       0
       0
       0
       0
       0
       0
       0
       0
       0
       0
       0
       0
       0
       0
       0
       0
       0
       0
       0
       0
       0
       0
       0
       0
       0
       0
       0
       0
       0
       0
       0
       0
       0
       0
       0
       0
       0
       0
       0
       0
       0
       0
       0
       0
       0
       0
       0
       0
       0
       0
       0
       0
       0
       0
       0
       0
       0
       0
       0
       0
       0
       0
       0
       0
       0
       0
       0
       0
       0
       0
       0
       0
       0
       0
       0
       0
       0
       0
       0
       0
       0
       0
       0
       0
       0
       0
       0
       0
       0
       0
       0
       0
       0
       0
       0
       0
       0
       0
       0
       0
       0
       0
       0
       0
       0
       0
       0
       0
       0
       0
       0
       0
       0
       0
       0
       0
       0
       0
       0
       0
       0
       0
       0
       0
       0
       0
       0
       0
       0
       0
       0
       0
       0
       0
       0
       0
       0
       0
       0
       0
       0
       0
       0
       0
       0
       0
       0
       0
       0
       0
       0
       0
       0
$ROI:
1
921 1079
$PRESETS:
None
0
0
$ENER_FIT:
0.000000 6.583851
$MCA_CAL:
3
0.000000E+000 6.583851E+000 0.000000E+000 keV
$SHAPE_CAL:
3
0.000000E+000 0.000000E+000 0.000000E+000
