$SPEC_ID:
Run 608, Background
$SPEC_REM:
DET# 1
DETDESC# Electrostatic MCA
AP# Maestro Version 6.08
$DATE_MEA:
09/24/2020 16:21:39
$MEAS_TIM:
77863 118808
$DATA:
0 2047
       0
       0
       0
       0
       0
       0
       0
       0
       0
       0
       0
       0
       0
       0
       0
       0
       0
       0
       0
       0
       0
       0
       0
       0
       0
       0
       0
       0
       0
       0
       0
       0
       0
       0
       0
       0
       0
       0
       0
       0
       0
       0
       0
       0
       0
       0
       0
       0
       0
       0
       0
       0
       0
       0
       0
       0
       0
       0
       0
       0
       0
       0
       0
       0
       0
       0
       0
       0
       0
   36915
58740334
76739893
75287876
73816242
72315909
70828796
69320375
67818660
66286499
64759394
63225177
61713566
60192000
58682206
57168689
55680103
54181899
52706261
51243388
49801139
48385651
46958470
45585523
44189793
42828108
41514144
40196658
38907515
37646160
36403335
35186979
34011799
32850128
31708319
30589813
29513602
28459369
27433651
26422351
25451218
24490347
23556087
22673913
21788591
20946867
20124833
19320374
18561181
17805884
17083242
16386986
15704282
15053767
14419823
13806369
13217054
12656820
12102312
11578528
11067609
10577824
10104555
 9660382
 9211708
 8807867
 8397512
 8015427
 7638766
 7286636
 6944041
 6616582
 6305746
 6001633
 5713397
 5438614
 5177762
 4920091
 4682672
 4452143
 4230658
 4018520
 3819566
 3628410
 3441140
 3267605
 3101607
 2940597
 2787576
 2645632
 2505877
 2376216
 2249123
 2130766
 2018304
 1910903
 1808925
 1711053
 1618294
 1531903
 1448023
 1368561
 1292638
 1220637
 1154166
 1089441
 1029202
  971196
  917314
  863300
  814297
  768393
  723547
  682913
  642965
  606984
  571999
  537320
  506715
  476553
  448268
  421382
  395091
  371795
  351002
  328735
  308203
  289752
  273187
  256466
  239939
  225823
  211887
  198690
  186142
  175003
  163968
  153395
  143675
  134861
  126417
  119069
  110944
  103335
   97409
   90511
   85241
   79258
   73944
   69774
   65127
   60292
   57188
   53004
   49930
   46508
   43806
   40895
   38053
   35143
   32972
   30909
   28793
   26962
   25063
   23797
   21842
   20601
   19297
   18000
   16797
   15764
   14748
   13726
   12858
   12032
   11124
   10638
    9964
    9129
    8645
    8134
    7638
    7061
    6613
    6276
    5956
    5519
    5237
    4853
    4724
    4450
    4208
    3909
    3703
    3484
    3301
    3244
    2978
    2727
    2751
    2616
    2538
    2352
    2241
    2017
    1962
    1905
    1852
    1714
    1591
    1536
    1566
    1451
    1359
    1388
    1277
    1177
    1135
    1090
    1141
    1052
    1067
     985
     895
     914
     804
     782
     794
     786
     757
     692
     680
     637
     622
     614
     603
     550
     567
     547
     477
     516
     477
     444
     460
     427
     414
     396
     379
     372
     353
     332
     332
     329
     301
     297
     260
     250
     236
     238
     259
     203
     211
     177
     163
     196
     190
     188
     178
     151
     154
     118
     143
     117
     114
     137
     102
     108
     108
     110
     117
      90
     106
      85
      72
      84
      74
      58
      67
      65
      55
      58
      58
      63
      43
      55
      45
      46
      41
      37
      39
      32
      36
      34
      39
      34
      34
      34
      22
      21
      20
      19
      27
      22
      20
      15
      22
      17
      16
      13
      20
       8
      18
      10
      10
      10
      11
       5
       8
       8
       6
       7
       7
       6
       5
       8
       3
       4
       3
       2
       2
       3
       3
       2
       3
       4
       4
       2
       0
       2
       1
       5
       3
       1
       4
       2
       2
       3
       1
       2
       2
       0
       0
       0
       2
       0
       1
       0
       2
       1
       0
       6
       0
       3
       0
       0
       0
       1
       2
       1
       2
       0
       1
       1
       1
       2
       1
       0
       1
       0
       1
       0
       0
       0
       1
       1
       1
       0
       1
       0
       1
       1
       0
       0
       1
       1
       0
       0
       0
       0
       1
       0
       0
       0
       2
       0
       0
       1
       0
       1
       0
       0
       0
       0
       0
       0
       0
       0
       0
       0
       1
       0
       0
       0
       0
       0
       0
       0
       0
       0
       0
       0
       1
       0
       0
       0
       0
       0
       0
       0
       0
       1
       0
       0
       0
       0
       0
       0
       0
       0
       1
       0
       0
       0
       0
       0
       0
       0
       0
       0
       0
       0
       0
       0
       0
       0
       0
       0
       0
       0
       0
       0
       0
       0
       0
       0
       0
       0
       0
       0
       0
       0
       0
       0
       0
       0
       0
       0
       0
       1
       0
       0
       0
       0
       0
       1
       0
       0
       0
       0
       0
       0
       0
       0
       1
       1
       0
       0
       0
       1
       0
       0
       0
       0
       0
       0
       0
       0
       1
       0
       1
       0
       0
       0
       0
       0
       0
       0
       0
       0
       0
       0
       0
       0
       0
       0
       0
       0
       0
       0
       0
       0
       0
       0
       0
       0
       0
       0
       0
       0
       0
       0
       0
       0
       0
       0
       0
       0
       0
       0
       0
       0
       0
       0
       0
       0
       0
       0
       0
       0
       0
       0
       0
       0
       0
       0
       0
       0
       0
       0
       0
       0
       0
       0
       0
       0
       0
       0
       0
       0
       0
       0
       0
       0
       0
       0
       0
       0
       0
       0
       0
       0
       0
       0
       0
       0
       1
       0
       0
       0
       0
       0
       0
       0
       0
       0
       1
       0
       0
       0
       0
       1
       0
       0
       0
       0
       0
       0
       0
       0
       0
       1
       0
       0
       0
       0
       0
       0
       0
       0
       0
       0
       0
       0
       0
       0
       0
       0
       0
       0
       0
       0
       0
       0
       0
       0
       0
       0
       0
       0
       0
       0
       0
       0
       0
       0
       0
       0
       0
       0
       0
       0
       0
       0
       0
       0
       0
       0
       0
       0
       0
       0
       0
       0
       0
       0
       1
       1
       0
       0
       0
       0
       0
       0
       0
       0
       0
       0
       0
       0
       0
       0
       0
       0
       0
       0
       0
       0
       0
       0
       0
       0
       0
       0
       0
       0
       0
       0
       0
       0
       0
       0
       0
       0
       0
       0
       0
       0
       0
       0
       0
       0
       0
       0
       0
       0
       0
       0
       0
       0
       1
       0
       1
       1
       0
       0
       0
       0
       0
       0
       0
       0
       0
       0
       0
       0
       0
       0
       0
       0
       0
       0
       0
       0
       0
       0
       0
       0
       0
       0
       0
       0
       0
       0
       0
       1
       0
       0
       0
       0
       0
       0
       0
       0
       0
       0
       0
       0
       0
       0
       0
       0
       0
       0
       0
       0
       0
       0
       0
       0
       2
       0
       0
       0
       0
       0
       0
       0
       0
       0
       0
       0
       0
       0
       0
       0
       0
       0
       0
       0
       0
       0
       0
       0
       0
       0
       0
       1
       0
       0
       0
       1
       0
       0
       0
       0
       0
       0
       0
       1
       0
       0
       1
       0
       1
       1
       0
       0
       0
       1
       1
       1
       0
       0
       0
       0
       0
       1
       0
       0
       1
       0
       0
       0
       0
       0
       1
       0
       2
       0
       2
       0
       0
       0
       0
       0
       1
       0
       0
       0
       0
       2
       1
       0
       0
       1
       0
       0
       1
       2
       1
       1
       1
       0
       3
       1
       1
       0
       2
       0
       1
       0
       0
       2
       1
       1
       1
       0
       0
       0
       2
       1
       2
       0
       1
       0
       1
       1
       0
       0
       2
       1
       0
       1
       0
       0
       2
       1
       1
       0
       1
       0
       0
       1
       0
       1
       1
       1
       1
       2
       0
       1
       0
       0
       0
       3
       0
       1
       1
       0
       0
       1
       0
       0
       0
       0
       1
       0
       0
       1
       2
       1
       1
       1
       1
       0
       0
       0
       1
       0
       0
       1
       3
       2
       0
       0
       0
       1
       1
       0
       2
       1
       0
       1
       1
       2
       0
       1
       3
       0
       0
       1
       2
       0
       1
       0
       3
       2
       1
       0
       1
       1
       0
       0
       0
       3
       0
       0
       0
       1
       0
       2
       0
       2
       0
       3
       0
       0
       1
       0
       0
       2
       0
       0
       0
       1
       2
       1
       0
       1
       2
       0
       1
       0
       0
       2
       0
       1
       1
       0
       1
       0
       0
       1
       0
       2
       1
       0
       1
       0
       1
       0
       1
       0
       1
       1
       2
       2
       1
       2
       0
       0
       0
       1
       0
       1
       1
       0
       0
       1
       3
       1
       1
       0
       2
       0
       0
       0
       1
       0
       1
       0
       1
       2
       0
       0
       1
       0
       0
       0
       0
       0
       1
       1
       0
       0
       0
       0
       0
       0
       1
       0
       0
       2
       2
       0
       0
       1
       0
       1
       0
       1
       0
       0
       0
       0
       0
       0
       0
       0
       2
       0
       0
       0
       0
       1
       0
       0
       0
       0
       0
       0
       0
       0
       0
       0
       1
       0
       0
       0
       0
       0
       0
       0
       0
       1
       0
       0
       0
       0
       0
       0
       0
       0
       0
       0
       0
       0
       0
       1
       0
       1
       0
       0
       0
       0
       0
       0
       0
       0
       0
       0
       0
       0
       0
       0
       0
       0
       0
       0
       0
       0
       0
       0
       0
       0
       0
       0
       0
       0
       0
       0
       0
       0
       0
       1
       0
       0
       0
       0
       0
       0
       0
       0
       0
       0
       0
       0
       0
       1
       0
       0
       0
       0
       0
       0
       0
       0
       0
       0
       0
       0
       0
       0
       0
       1
       0
       0
       0
       0
       0
       0
       0
       1
       0
       0
       0
       0
       0
       0
       0
       0
       0
       0
       0
       0
       0
       0
       0
       0
       2
       0
       0
       0
       1
       0
       1
       0
       0
       0
       0
       0
       0
       0
       0
       0
       0
       0
       0
       1
       1
       1
       0
       0
       0
       0
       0
       0
       2
       0
       0
       0
       0
       0
       0
       0
       0
       0
       1
       0
       0
       0
       0
       1
       0
       0
       0
       1
       0
       1
       0
       0
       0
       0
       0
       0
       0
       2
       0
       1
       0
       1
       0
       0
       0
       3
       1
       0
       2
       1
       0
       1
       1
       1
       0
       0
       0
       2
       0
       0
       0
       1
       0
       0
       1
       0
       1
       1
       0
       1
       0
       0
       1
       0
       0
       1
       1
       1
       2
       2
       0
       1
       0
       2
       1
       0
       0
       0
       1
       0
       1
       0
       1
       0
       0
       1
       0
       0
       3
       0
       1
       1
       0
       1
       3
       0
       0
       0
       1
       0
       0
       0
       0
       0
       2
       1
       1
       1
       0
       3
       1
       2
       2
       0
       0
       0
       0
       0
       0
       1
       1
       1
       0
       1
       1
       3
       3
       3
       0
       1
       0
       4
       1
       1
       1
       0
       1
       1
       0
       1
       1
       1
       0
       0
       0
       0
       0
       0
       0
       1
       0
       1
       1
       0
       0
       0
       1
       0
       1
       0
       0
       0
       0
       0
       0
       1
       0
       0
       0
       0
       0
       0
       1
       1
       0
       0
       1
       0
       0
       0
       0
       0
       0
       0
       0
       0
       0
       0
       0
       1
       0
       0
       0
       0
       0
       0
       0
       0
       0
       0
       0
       0
       0
       0
       0
       0
       1
       0
       0
       0
       0
       0
       0
       0
       0
       0
       0
       0
       0
       0
       0
       0
       0
       0
       0
       0
       0
       0
       0
       0
       0
       0
       0
       0
       0
       0
       0
       0
       0
       0
       0
       0
       0
       0
       0
       0
       0
       0
       0
       0
       0
       0
       0
       0
       0
       0
       0
       0
       0
       0
       0
       0
       0
       0
       0
       0
       0
       0
       0
       0
       0
       0
       0
       0
       0
       0
       0
       0
       0
       0
       0
       0
       0
       0
       0
       0
       0
       0
       0
       0
       0
       0
       0
       0
       0
       0
       0
       0
       0
       0
       0
       0
       0
       0
       0
       0
       0
       0
       0
       0
       0
       0
       0
       0
       0
       0
       0
       0
       0
       0
       0
       0
       0
       0
       0
       0
       0
       0
       1
       0
       0
       0
       0
       0
       0
       0
       0
       0
       0
       0
       0
       0
       0
       0
       0
       0
       0
       0
       0
       0
       0
       0
       0
       0
       0
       0
       0
       0
       0
       0
       0
       0
       0
       0
       0
       0
       0
       0
       0
       0
       0
       0
       0
       0
       0
       0
       0
       0
       0
       0
       0
       0
       0
       0
       0
       0
       0
       0
       0
       0
       0
       0
       0
       0
       0
       0
       0
       0
       0
       0
       0
       0
       0
       0
       0
       0
       0
       0
       0
       0
       0
       0
       0
       0
       0
       0
       0
       0
       0
       0
       0
       0
       0
       0
       0
       0
       0
       0
       0
       0
       0
       0
       0
       0
       0
       0
       0
       0
       0
       0
       0
       0
       0
       0
       0
       0
       0
       0
       0
       0
       0
       0
       0
       0
       0
       0
       0
       0
       0
       0
       0
       0
       0
       0
       0
       0
       0
       0
       0
       0
       0
       0
       0
       0
       0
       0
       0
       0
       0
       0
       0
       0
       0
       0
       0
       0
       0
       0
       0
       0
       0
       0
       0
       0
       0
       0
       0
       0
       0
       0
       0
       0
       0
       0
       0
       0
       0
       0
       0
       0
       0
       0
       0
       0
       0
       0
       0
       0
       0
       0
       0
       0
       0
       0
       0
       0
       0
       0
       0
       0
       0
       0
       0
       0
       0
       0
       0
       0
       0
       0
       0
       0
       0
       0
       0
       0
       0
       0
       0
       0
       0
       0
       0
       0
       0
       0
       0
       0
       0
       0
       0
       0
       0
       0
       0
       0
       0
       0
       0
       0
       0
       0
       0
       0
       0
       0
       0
       0
       0
       0
       0
       0
       0
       0
       0
       0
       0
       0
       0
       0
       0
       0
       0
       0
       0
       0
       0
       0
       0
       0
       0
       0
       0
       0
       0
       0
       0
       0
       0
       0
       0
       0
       0
       0
       0
       0
       0
       0
       0
       0
       0
       0
       0
       0
       0
       0
       0
       0
       0
       0
       0
       0
       0
       0
       0
       0
       0
       0
       0
       0
       0
       0
       0
       0
       0
       0
       0
       0
       0
       0
       0
       0
       0
       0
       0
       0
       0
       0
       0
       0
       0
       0
       0
       0
       0
       0
       0
       0
       0
       0
       0
       0
       0
       0
       0
       0
       0
       0
       0
       0
       0
       0
       0
       0
       0
       0
       0
       0
       0
$ROI:
1
921 1079
$PRESETS:
None
0
0
$ENER_FIT:
0.000000 6.583851
$MCA_CAL:
3
0.000000E+000 6.583851E+000 0.000000E+000 keV
$SHAPE_CAL:
3
0.000000E+000 0.000000E+000 0.000000E+000
