$SPEC_ID:
Run 608, Background
$SPEC_REM:
DET# 1
DETDESC# Electrostatic MCA
AP# Maestro Version 6.08
$DATE_MEA:
09/24/2020 16:21:39
$MEAS_TIM:
104846 162012
$DATA:
0 2047
       0
       0
       0
       0
       0
       0
       0
       0
       0
       0
       0
       0
       0
       0
       0
       0
       0
       0
       0
       0
       0
       0
       0
       0
       0
       0
       0
       0
       0
       0
       0
       0
       0
       0
       0
       0
       0
       0
       0
       0
       0
       0
       0
       0
       0
       0
       0
       0
       0
       0
       0
       0
       0
       0
       0
       0
       0
       0
       0
       0
       0
       0
       0
       0
       0
       0
       0
       0
       0
   50051
80935969
106007939
104152045
102271300
100368679
98444585
96493878
94552630
92574236
90575307
88578710
86591540
84588325
82604671
80611041
78631891
76650635
74681185
72720326
70781034
68881074
66963853
65095017
63215485
61362751
59564972
57772527
56016961
54271959
52566375
50886550
49261924
47638055
46063096
44504593
42994824
41513029
40070089
38653127
37275203
35916801
34595846
33334443
32073949
30872067
29694134
28540144
27446060
26362926
25308050
24300271
23312322
22373881
21443487
20553248
19691252
18865107
18055314
17283455
16531986
15812636
15115014
14451521
13796977
13187546
12580953
12012307
11455974
10922207
10412266
 9929302
 9458359
 9006753
 8574037
 8160611
 7769073
 7381682
 7025000
 6678582
 6345604
 6025199
 5726052
 5435647
 5157384
 4894289
 4643211
 4400296
 4172997
 3955921
 3747570
 3550619
 3358959
 3182240
 3011746
 2849713
 2694350
 2548501
 2409632
 2279069
 2151600
 2032851
 1918041
 1812355
 1710410
 1612406
 1522962
 1435942
 1356437
 1275355
 1201921
 1133045
 1065659
 1004969
  946704
  892559
  839261
  788272
  742946
  698488
  656552
  616768
  578289
  543599
  511987
  479662
  448736
  421847
  396518
  372091
  349257
  327795
  307083
  288028
  269904
  252613
  237109
  221257
  206589
  194726
  181778
  170557
  159861
  148449
  139807
  129961
  122363
  114041
  105963
   99691
   93069
   86422
   81633
   75868
   71004
   66321
   62291
   57994
   53987
   50070
   46977
   43775
   40919
   38241
   35630
   33645
   30975
   29388
   27540
   25631
   23923
   22419
   21010
   19506
   18310
   17165
   15920
   15232
   14066
   13118
   12333
   11594
   10940
   10168
    9549
    8991
    8624
    8028
    7604
    7138
    6851
    6518
    6083
    5709
    5437
    5107
    4806
    4732
    4426
    4054
    4012
    3818
    3759
    3525
    3334
    3075
    2937
    2869
    2813
    2664
    2461
    2360
    2336
    2214
    2126
    2136
    1935
    1858
    1790
    1694
    1730
    1619
    1632
    1493
    1398
    1389
    1275
    1287
    1234
    1196
    1174
    1113
    1065
    1006
     972
     958
     927
     898
     905
     855
     765
     816
     730
     710
     714
     647
     624
     610
     586
     584
     553
     506
     497
     513
     470
     459
     413
     401
     354
     373
     381
     311
     330
     284
     285
     305
     295
     275
     261
     238
     249
     196
     226
     182
     188
     217
     165
     179
     167
     152
     163
     139
     158
     122
     109
     124
     111
      95
     106
     102
      87
      83
      85
      86
      70
      83
      72
      69
      53
      59
      57
      45
      45
      46
      57
      45
      49
      45
      31
      36
      32
      31
      38
      36
      32
      23
      32
      20
      20
      18
      24
      17
      24
      20
      12
      13
      14
       8
      10
       9
       8
       9
       8
       7
       8
       9
       3
       6
       5
       4
       2
       7
       3
       2
       3
       5
       5
       3
       3
       2
       2
       6
       3
       2
       4
       2
       2
       5
       2
       2
       2
       1
       0
       0
       2
       1
       1
       1
       2
       1
       1
       8
       0
       3
       1
       0
       0
       1
       2
       1
       2
       0
       1
       1
       1
       2
       1
       0
       1
       0
       1
       0
       0
       0
       1
       1
       1
       0
       1
       1
       1
       1
       0
       0
       1
       1
       0
       1
       1
       0
       2
       0
       0
       1
       2
       0
       0
       1
       0
       1
       0
       0
       0
       0
       0
       0
       0
       0
       1
       0
       1
       0
       0
       0
       0
       0
       0
       0
       0
       1
       0
       0
       1
       0
       0
       0
       0
       0
       0
       0
       0
       1
       0
       0
       0
       0
       0
       0
       1
       0
       1
       0
       0
       0
       0
       0
       0
       0
       2
       1
       0
       0
       0
       0
       0
       0
       0
       0
       0
       0
       1
       0
       0
       0
       0
       0
       0
       0
       0
       0
       0
       0
       0
       0
       0
       0
       0
       0
       0
       1
       0
       0
       0
       0
       0
       1
       0
       0
       0
       1
       0
       0
       0
       0
       1
       1
       0
       0
       0
       1
       0
       0
       0
       0
       0
       0
       0
       0
       1
       0
       1
       0
       1
       0
       0
       0
       0
       0
       0
       0
       0
       0
       0
       0
       0
       0
       0
       0
       0
       0
       0
       0
       0
       0
       0
       0
       0
       0
       0
       0
       0
       0
       0
       0
       0
       0
       0
       0
       0
       0
       0
       0
       2
       0
       0
       0
       0
       0
       0
       0
       0
       0
       0
       0
       0
       0
       0
       0
       0
       0
       0
       0
       0
       0
       0
       0
       0
       0
       0
       0
       0
       0
       0
       0
       0
       0
       0
       0
       0
       0
       0
       0
       0
       0
       0
       0
       1
       0
       0
       0
       0
       0
       0
       0
       0
       0
       1
       0
       0
       0
       0
       1
       0
       0
       0
       0
       0
       0
       0
       0
       0
       1
       0
       0
       0
       0
       0
       0
       0
       0
       0
       0
       0
       0
       0
       0
       0
       0
       0
       0
       0
       0
       0
       0
       0
       0
       0
       0
       0
       0
       0
       0
       0
       0
       0
       0
       0
       0
       0
       0
       0
       0
       0
       0
       0
       0
       0
       0
       0
       0
       0
       0
       0
       0
       0
       0
       1
       1
       0
       0
       0
       0
       0
       0
       0
       0
       0
       0
       0
       0
       0
       0
       0
       0
       0
       0
       0
       1
       0
       0
       0
       0
       0
       0
       0
       0
       0
       0
       0
       0
       0
       0
       0
       0
       0
       0
       0
       0
       0
       0
       1
       0
       0
       0
       0
       0
       0
       0
       0
       0
       1
       0
       1
       1
       0
       0
       0
       0
       0
       0
       0
       0
       0
       0
       0
       0
       0
       0
       0
       0
       0
       0
       0
       0
       0
       0
       0
       0
       0
       0
       0
       0
       0
       0
       0
       1
       0
       0
       0
       0
       0
       0
       0
       0
       0
       0
       0
       0
       0
       0
       0
       0
       0
       0
       0
       0
       0
       0
       0
       0
       2
       0
       0
       0
       0
       0
       0
       0
       0
       0
       0
       0
       0
       0
       0
       0
       0
       0
       0
       1
       0
       0
       0
       0
       0
       0
       0
       1
       0
       0
       0
       1
       0
       0
       0
       0
       0
       0
       0
       1
       0
       0
       2
       0
       1
       1
       0
       0
       0
       1
       1
       1
       0
       0
       0
       0
       0
       1
       1
       1
       1
       1
       0
       0
       0
       0
       1
       0
       2
       0
       2
       0
       0
       0
       1
       0
       2
       0
       0
       0
       0
       2
       2
       0
       0
       1
       0
       0
       1
       2
       1
       1
       2
       0
       4
       1
       1
       0
       2
       0
       2
       0
       2
       2
       1
       1
       1
       0
       0
       0
       2
       1
       2
       0
       3
       1
       1
       1
       0
       0
       2
       1
       0
       2
       1
       0
       4
       1
       1
       0
       2
       0
       0
       1
       0
       1
       1
       1
       1
       3
       1
       1
       1
       0
       0
       3
       0
       2
       1
       0
       0
       1
       1
       0
       1
       0
       1
       0
       0
       1
       3
       1
       2
       1
       1
       0
       2
       0
       1
       0
       0
       2
       3
       2
       0
       2
       1
       2
       1
       0
       2
       1
       0
       1
       1
       3
       0
       2
       3
       1
       1
       1
       2
       0
       1
       1
       3
       2
       2
       0
       1
       3
       0
       0
       0
       3
       0
       0
       0
       1
       0
       2
       1
       2
       0
       3
       0
       0
       2
       0
       0
       3
       0
       0
       1
       3
       3
       2
       0
       1
       2
       0
       1
       0
       1
       2
       1
       1
       1
       0
       1
       0
       0
       2
       0
       2
       1
       0
       1
       2
       1
       0
       1
       0
       1
       1
       2
       2
       1
       2
       0
       1
       0
       1
       0
       1
       1
       0
       0
       1
       3
       1
       1
       1
       2
       1
       0
       0
       1
       0
       1
       1
       2
       2
       1
       0
       1
       0
       0
       2
       0
       0
       1
       1
       0
       1
       2
       1
       0
       2
       1
       0
       0
       3
       2
       0
       0
       3
       0
       1
       0
       1
       0
       1
       0
       0
       0
       0
       0
       0
       2
       0
       0
       0
       0
       1
       0
       0
       0
       0
       0
       0
       0
       0
       0
       0
       1
       0
       0
       0
       0
       0
       0
       0
       1
       1
       0
       0
       0
       0
       0
       0
       0
       0
       0
       0
       0
       0
       0
       1
       0
       1
       0
       0
       0
       0
       0
       0
       0
       0
       0
       0
       0
       0
       0
       0
       0
       0
       0
       0
       0
       0
       0
       0
       0
       0
       0
       0
       0
       0
       0
       0
       0
       0
       0
       1
       0
       0
       0
       0
       0
       0
       0
       0
       0
       0
       0
       0
       0
       1
       0
       0
       0
       0
       0
       0
       0
       0
       0
       0
       0
       0
       0
       0
       0
       1
       0
       0
       0
       0
       0
       0
       0
       1
       0
       0
       0
       0
       0
       0
       0
       0
       0
       0
       0
       0
       0
       0
       0
       0
       2
       1
       0
       0
       1
       0
       1
       0
       0
       0
       0
       0
       0
       0
       0
       0
       0
       0
       0
       1
       1
       1
       0
       0
       0
       0
       0
       0
       2
       0
       0
       0
       0
       0
       0
       0
       0
       0
       1
       0
       0
       0
       0
       1
       1
       0
       0
       1
       0
       1
       0
       0
       0
       0
       0
       0
       0
       3
       0
       1
       0
       2
       0
       0
       0
       3
       1
       1
       2
       1
       0
       1
       1
       1
       0
       0
       0
       2
       0
       0
       1
       1
       0
       0
       1
       0
       1
       2
       0
       1
       1
       0
       1
       0
       0
       1
       1
       1
       3
       3
       0
       1
       0
       2
       1
       0
       0
       1
       1
       1
       1
       0
       3
       0
       1
       1
       1
       0
       4
       0
       1
       1
       0
       2
       3
       0
       0
       0
       2
       1
       0
       0
       0
       0
       2
       1
       1
       1
       0
       3
       2
       2
       2
       0
       0
       1
       0
       0
       0
       3
       2
       1
       0
       1
       1
       3
       3
       3
       1
       1
       0
       4
       1
       1
       1
       0
       1
       1
       0
       2
       1
       1
       0
       0
       0
       3
       0
       0
       0
       1
       2
       1
       1
       0
       1
       0
       1
       0
       1
       0
       0
       0
       0
       0
       0
       1
       0
       0
       1
       0
       0
       0
       2
       1
       0
       0
       2
       0
       0
       0
       0
       0
       0
       1
       0
       0
       0
       0
       0
       1
       0
       0
       0
       0
       0
       0
       0
       0
       0
       0
       0
       0
       0
       0
       0
       0
       1
       0
       0
       0
       0
       0
       0
       0
       0
       0
       0
       0
       0
       0
       0
       0
       0
       0
       0
       0
       0
       0
       0
       0
       0
       0
       0
       0
       0
       0
       0
       0
       0
       0
       0
       0
       0
       0
       0
       0
       0
       0
       0
       0
       0
       0
       0
       0
       0
       0
       0
       0
       0
       0
       0
       0
       0
       0
       0
       0
       0
       0
       0
       0
       0
       0
       0
       0
       0
       0
       0
       0
       0
       0
       0
       0
       0
       0
       0
       0
       0
       0
       0
       0
       0
       0
       0
       0
       0
       0
       0
       0
       0
       0
       0
       0
       0
       0
       0
       0
       0
       0
       0
       0
       0
       0
       0
       0
       0
       0
       0
       0
       0
       0
       0
       0
       0
       0
       0
       0
       0
       0
       1
       0
       0
       0
       0
       0
       0
       0
       0
       0
       0
       0
       0
       0
       0
       0
       0
       0
       0
       0
       0
       0
       0
       0
       0
       0
       0
       0
       0
       0
       0
       0
       0
       0
       0
       0
       0
       0
       0
       0
       0
       0
       0
       0
       0
       0
       0
       0
       0
       0
       0
       0
       0
       0
       0
       0
       0
       0
       0
       0
       0
       0
       0
       0
       0
       0
       0
       0
       0
       0
       0
       0
       0
       0
       0
       0
       0
       0
       0
       0
       0
       0
       0
       0
       0
       0
       0
       0
       0
       0
       0
       0
       0
       0
       0
       1
       0
       0
       0
       0
       0
       0
       0
       0
       0
       0
       0
       0
       0
       0
       0
       0
       0
       0
       0
       0
       0
       0
       0
       0
       0
       0
       0
       0
       0
       0
       0
       0
       0
       0
       0
       0
       0
       0
       0
       0
       0
       0
       0
       0
       0
       0
       0
       0
       0
       0
       0
       0
       0
       0
       0
       0
       0
       0
       0
       0
       0
       0
       0
       0
       0
       0
       0
       0
       0
       0
       0
       0
       0
       0
       0
       0
       0
       0
       0
       0
       0
       0
       0
       0
       0
       0
       0
       0
       0
       0
       0
       0
       0
       0
       0
       0
       0
       0
       0
       0
       0
       0
       0
       0
       0
       0
       0
       0
       0
       0
       0
       0
       0
       0
       0
       0
       0
       0
       0
       0
       0
       0
       0
       0
       0
       0
       0
       0
       0
       0
       0
       0
       0
       0
       0
       0
       0
       0
       0
       0
       0
       0
       0
       0
       0
       0
       0
       0
       0
       0
       0
       0
       0
       0
       0
       0
       0
       0
       0
       0
       0
       0
       0
       0
       0
       0
       0
       0
       0
       0
       0
       0
       0
       0
       0
       0
       0
       0
       0
       0
       0
       0
       0
       0
       0
       0
       0
       0
       0
       0
       0
       0
       0
       0
       0
       0
       0
       0
       0
       0
       0
       0
       0
       0
       0
       0
       0
       0
       0
       0
       0
       0
       0
       0
       0
       0
       0
       0
       0
       0
       0
       0
       0
       0
       0
       0
       0
       0
       0
       0
       0
       0
       0
       0
       0
       0
       0
       0
       0
       0
       0
       0
       0
       0
       0
       0
       0
       0
       0
       0
       0
       0
       0
       0
       0
       0
       0
       0
       0
       0
       0
       0
       0
       0
       0
$ROI:
1
921 1079
$PRESETS:
None
0
0
$ENER_FIT:
0.000000 6.583851
$MCA_CAL:
3
0.000000E+000 6.583851E+000 0.000000E+000 keV
$SHAPE_CAL:
3
0.000000E+000 0.000000E+000 0.000000E+000
