$SPEC_ID:
Run 608, Background
$SPEC_REM:
DET# 1
DETDESC# Electrostatic MCA
AP# Maestro Version 6.08
$DATE_MEA:
09/24/2020 16:21:39
$MEAS_TIM:
122223 190814
$DATA:
0 2047
       0
       0
       0
       0
       0
       0
       0
       0
       0
       0
       0
       0
       0
       0
       0
       0
       0
       0
       0
       0
       0
       0
       0
       0
       0
       0
       0
       0
       0
       0
       0
       0
       0
       0
       0
       0
       0
       0
       0
       0
       0
       0
       0
       0
       0
       0
       0
       0
       0
       0
       0
       0
       0
       0
       0
       0
       0
       0
       0
       0
       0
       0
       0
       0
       0
       0
       0
       0
       0
   62411
95758938
125260615
123190351
121116631
118990802
116852033
114672095
112490722
110278397
108027375
105782443
103542407
101274663
99020597
96761269
94515564
92259684
90013575
87765927
85556029
83366573
81159822
79006700
76842145
74706924
72618751
70539928
68496159
66467838
64476454
62516324
60613164
58709251
56856776
55024148
53236033
51488845
49783111
48099978
46464022
44848746
43272492
41758857
40258880
38807634
37391648
36005563
34683642
33374043
32094440
30874604
29675035
28528613
27388880
26300933
25247581
24230043
23231295
22281141
21351994
20464271
19590961
18767803
17950483
17188899
16428753
15719293
15021857
14349661
13706168
13092373
12497249
11924196
11374588
10850588
10346290
 9850494
 9394624
 8949768
 8517250
 8108794
 7717528
 7343986
 6982182
 6642436
 6312717
 5995965
 5697067
 5412786
 5135936
 4878339
 4624416
 4390990
 4165196
 3948971
 3743534
 3547484
 3361062
 3186165
 3014628
 2855430
 2701972
 2557732
 2418469
 2286751
 2165737
 2046922
 1936422
 1826836
 1725553
 1631073
 1537566
 1454126
 1373274
 1296446
 1221632
 1152876
 1087255
 1025759
  965137
  910666
  857040
  806022
  761013
  715850
  671975
  634013
  597333
  561654
  527824
  497041
  466853
  439336
  412903
  387789
  364205
  341570
  320052
  302428
  282585
  265801
  249755
  233278
  219589
  204919
  192918
  180835
  168921
  158873
  148739
  138440
  130850
  121912
  114472
  106822
  100811
   93953
   88006
   81667
   76531
   72012
   67185
   62933
   58601
   55073
   51169
   48484
   45065
   42182
   39630
   37192
   34873
   32177
   30278
   28225
   26478
   25097
   23148
   21683
   20272
   19117
   18057
   16806
   15881
   14601
   14032
   13041
   12274
   11528
   11057
   10324
    9642
    9110
    8581
    8137
    7528
    7374
    6912
    6366
    6236
    5915
    5693
    5353
    5114
    4697
    4458
    4322
    4195
    4027
    3691
    3487
    3454
    3242
    3109
    3124
    2816
    2711
    2599
    2484
    2460
    2394
    2336
    2113
    2056
    1975
    1846
    1832
    1743
    1706
    1686
    1585
    1515
    1429
    1389
    1373
    1319
    1250
    1276
    1186
    1091
    1114
    1036
    1026
     996
     924
     889
     852
     839
     810
     768
     727
     687
     713
     659
     631
     586
     584
     513
     540
     517
     457
     482
     419
     409
     427
     427
     404
     372
     366
     359
     292
     313
     280
     267
     305
     234
     257
     268
     234
     225
     223
     238
     174
     167
     185
     165
     144
     173
     149
     138
     124
     137
     132
     115
     115
      99
     111
      89
      97
      91
      71
      72
      77
      81
      72
      72
      63
      59
      49
      50
      51
      55
      52
      54
      40
      41
      32
      34
      36
      32
      31
      32
      38
      15
      25
      23
      17
      17
      16
      15
      15
      15
      10
      12
      15
       7
      12
      16
       8
       5
       8
      10
       3
       5
       9
       7
       4
       4
       3
       4
       8
       4
       3
       5
       4
       2
       5
       4
       4
       2
       2
       0
       1
       2
       2
       2
       1
       2
       1
       2
       8
       2
       3
       2
       1
       0
       1
       2
       1
       2
       0
       3
       1
       1
       3
       1
       1
       1
       0
       2
       0
       0
       0
       1
       1
       1
       0
       1
       1
       2
       1
       0
       0
       1
       1
       0
       1
       1
       0
       2
       0
       0
       1
       2
       0
       0
       1
       0
       1
       0
       0
       0
       0
       0
       0
       0
       0
       1
       0
       1
       0
       0
       0
       0
       0
       0
       0
       0
       2
       0
       0
       1
       0
       0
       0
       0
       0
       0
       0
       0
       1
       1
       0
       0
       0
       0
       0
       1
       0
       1
       0
       0
       0
       0
       0
       0
       0
       2
       1
       0
       0
       0
       0
       0
       0
       0
       0
       0
       1
       1
       0
       0
       0
       0
       0
       0
       0
       0
       0
       0
       0
       0
       0
       0
       0
       0
       0
       0
       1
       0
       0
       0
       0
       0
       1
       0
       0
       0
       1
       0
       0
       0
       0
       1
       1
       0
       0
       0
       1
       0
       0
       0
       0
       0
       0
       0
       0
       1
       0
       1
       0
       1
       0
       0
       0
       0
       0
       0
       0
       0
       0
       0
       0
       0
       0
       0
       0
       0
       0
       0
       0
       0
       0
       0
       0
       0
       0
       0
       0
       0
       0
       0
       0
       0
       0
       0
       0
       0
       0
       0
       0
       2
       0
       0
       0
       0
       0
       0
       0
       0
       0
       0
       0
       0
       0
       0
       0
       0
       0
       0
       0
       0
       0
       0
       0
       0
       0
       1
       0
       0
       0
       0
       0
       0
       0
       0
       0
       0
       0
       0
       0
       0
       0
       0
       0
       1
       0
       0
       0
       0
       0
       0
       0
       0
       0
       1
       0
       1
       0
       0
       1
       0
       0
       0
       0
       0
       0
       0
       0
       0
       1
       0
       0
       0
       0
       0
       0
       0
       0
       0
       0
       0
       0
       0
       0
       0
       0
       0
       0
       0
       0
       0
       0
       0
       1
       0
       0
       0
       0
       0
       0
       0
       0
       0
       0
       0
       0
       0
       0
       0
       0
       0
       0
       0
       0
       0
       0
       0
       0
       0
       0
       0
       0
       0
       0
       1
       1
       0
       0
       0
       0
       0
       0
       0
       0
       0
       0
       0
       0
       0
       0
       0
       0
       0
       0
       0
       1
       0
       0
       0
       0
       0
       0
       0
       0
       0
       0
       0
       0
       0
       0
       0
       0
       0
       0
       0
       0
       0
       0
       1
       0
       0
       0
       0
       0
       0
       0
       0
       0
       1
       0
       1
       1
       0
       0
       0
       0
       0
       0
       0
       0
       0
       0
       0
       0
       0
       0
       0
       0
       0
       0
       0
       0
       0
       0
       0
       0
       0
       0
       0
       0
       0
       0
       0
       2
       0
       0
       0
       0
       0
       1
       0
       0
       0
       0
       0
       0
       0
       0
       0
       0
       0
       0
       0
       0
       0
       0
       0
       0
       2
       0
       0
       0
       0
       0
       0
       0
       0
       0
       0
       0
       0
       0
       0
       0
       1
       0
       0
       1
       0
       0
       0
       1
       0
       0
       0
       2
       0
       0
       0
       1
       0
       0
       0
       0
       0
       1
       0
       3
       0
       0
       2
       0
       1
       1
       0
       0
       0
       1
       1
       1
       0
       0
       0
       0
       0
       2
       1
       1
       1
       1
       0
       0
       0
       0
       2
       0
       2
       0
       2
       0
       0
       0
       1
       0
       2
       0
       0
       0
       0
       2
       2
       0
       0
       1
       0
       0
       1
       2
       1
       2
       3
       1
       4
       1
       1
       0
       2
       0
       2
       0
       2
       2
       1
       1
       1
       0
       0
       0
       2
       1
       2
       0
       3
       1
       1
       1
       0
       0
       2
       2
       0
       2
       2
       0
       4
       1
       1
       0
       3
       0
       0
       2
       0
       1
       1
       1
       1
       3
       1
       3
       1
       0
       0
       3
       0
       2
       1
       0
       1
       1
       1
       0
       1
       0
       2
       0
       0
       1
       3
       1
       2
       1
       1
       0
       2
       0
       1
       0
       0
       2
       3
       2
       0
       2
       1
       3
       1
       0
       3
       1
       0
       1
       2
       3
       2
       2
       3
       1
       2
       1
       2
       0
       2
       1
       3
       2
       2
       1
       1
       3
       0
       0
       0
       3
       0
       0
       0
       2
       0
       3
       1
       3
       0
       3
       0
       0
       2
       0
       0
       3
       0
       1
       1
       3
       3
       2
       0
       2
       2
       0
       2
       0
       1
       2
       1
       1
       1
       0
       1
       1
       0
       2
       0
       3
       1
       1
       3
       2
       1
       0
       1
       0
       1
       1
       2
       2
       1
       2
       0
       1
       0
       1
       0
       1
       1
       0
       0
       1
       3
       2
       1
       1
       2
       1
       0
       0
       1
       0
       1
       2
       2
       2
       1
       0
       1
       0
       0
       2
       1
       0
       1
       1
       0
       1
       2
       1
       0
       2
       1
       0
       0
       4
       2
       0
       0
       3
       0
       1
       0
       1
       0
       1
       0
       0
       0
       0
       0
       0
       2
       0
       0
       0
       0
       1
       0
       0
       0
       0
       0
       0
       0
       0
       0
       0
       2
       0
       0
       0
       0
       0
       0
       0
       1
       1
       0
       0
       0
       0
       0
       0
       0
       0
       0
       0
       0
       0
       0
       1
       0
       1
       0
       0
       0
       0
       0
       0
       0
       0
       0
       0
       0
       0
       0
       0
       0
       0
       0
       0
       0
       0
       0
       0
       0
       0
       0
       0
       0
       0
       0
       0
       0
       0
       0
       1
       0
       0
       0
       0
       0
       0
       0
       0
       0
       0
       0
       0
       0
       1
       0
       0
       0
       0
       0
       0
       0
       0
       0
       0
       0
       0
       0
       0
       0
       1
       0
       0
       0
       0
       0
       0
       0
       1
       0
       0
       0
       0
       0
       0
       0
       0
       0
       0
       0
       0
       0
       0
       0
       0
       2
       1
       0
       0
       1
       0
       1
       0
       0
       0
       0
       0
       0
       0
       0
       0
       0
       0
       0
       1
       1
       1
       0
       0
       0
       0
       0
       0
       2
       0
       0
       0
       0
       0
       0
       0
       0
       0
       1
       0
       0
       0
       0
       1
       1
       0
       0
       1
       1
       1
       0
       0
       0
       0
       0
       0
       0
       3
       0
       1
       0
       2
       0
       0
       0
       3
       1
       1
       2
       1
       0
       1
       2
       1
       0
       0
       0
       2
       0
       0
       1
       1
       0
       0
       1
       0
       1
       2
       0
       1
       1
       1
       1
       0
       0
       1
       1
       1
       3
       3
       0
       1
       0
       2
       1
       0
       0
       1
       1
       1
       1
       0
       3
       0
       1
       1
       1
       0
       5
       0
       1
       1
       0
       2
       3
       0
       0
       1
       2
       1
       0
       0
       0
       0
       2
       1
       1
       1
       0
       4
       5
       2
       2
       0
       0
       1
       0
       0
       0
       3
       2
       1
       0
       1
       1
       3
       3
       3
       1
       2
       0
       4
       2
       1
       1
       0
       1
       1
       0
       2
       1
       1
       0
       0
       0
       3
       1
       0
       0
       1
       2
       1
       1
       0
       1
       0
       1
       0
       1
       0
       0
       0
       0
       0
       0
       1
       0
       0
       1
       0
       0
       0
       2
       1
       0
       0
       2
       0
       0
       0
       0
       1
       0
       1
       0
       1
       0
       1
       0
       1
       0
       1
       0
       0
       0
       0
       0
       0
       0
       0
       0
       0
       0
       0
       0
       0
       1
       0
       0
       0
       0
       1
       0
       0
       0
       0
       0
       0
       0
       0
       0
       0
       0
       1
       0
       1
       0
       0
       0
       0
       0
       0
       0
       0
       0
       0
       0
       0
       0
       0
       0
       0
       0
       0
       0
       0
       0
       0
       0
       0
       0
       0
       0
       0
       0
       0
       0
       0
       0
       0
       0
       0
       0
       0
       0
       0
       0
       0
       0
       0
       0
       0
       0
       0
       0
       0
       0
       0
       0
       0
       0
       0
       0
       0
       0
       0
       0
       0
       0
       0
       0
       1
       0
       0
       0
       0
       0
       0
       0
       0
       0
       0
       0
       0
       0
       0
       0
       0
       0
       0
       0
       0
       0
       0
       0
       0
       0
       0
       0
       0
       0
       0
       0
       0
       0
       0
       0
       0
       1
       0
       0
       0
       0
       0
       0
       0
       0
       0
       0
       0
       0
       0
       0
       0
       0
       0
       0
       0
       0
       0
       0
       0
       0
       0
       0
       0
       0
       0
       0
       0
       0
       0
       1
       0
       0
       0
       0
       0
       0
       0
       0
       0
       0
       0
       0
       0
       0
       0
       0
       0
       0
       0
       0
       0
       0
       0
       0
       0
       0
       0
       0
       0
       0
       0
       0
       0
       0
       0
       0
       0
       0
       0
       0
       0
       0
       0
       0
       0
       0
       0
       0
       0
       0
       0
       0
       0
       0
       0
       0
       0
       0
       0
       0
       1
       0
       0
       0
       0
       0
       0
       0
       0
       0
       0
       0
       0
       0
       0
       0
       0
       0
       0
       0
       0
       0
       0
       0
       0
       0
       0
       0
       0
       0
       0
       0
       0
       0
       0
       0
       0
       0
       0
       0
       0
       0
       0
       0
       0
       0
       0
       0
       0
       0
       0
       0
       0
       0
       0
       0
       0
       0
       0
       0
       0
       0
       0
       0
       0
       0
       0
       0
       0
       0
       0
       0
       0
       0
       0
       0
       0
       0
       0
       0
       0
       0
       0
       0
       0
       0
       0
       0
       0
       0
       0
       0
       0
       0
       0
       0
       0
       0
       0
       0
       0
       0
       0
       0
       0
       0
       0
       0
       0
       0
       0
       0
       0
       0
       0
       0
       0
       0
       0
       0
       0
       0
       0
       0
       0
       0
       0
       0
       0
       0
       0
       0
       0
       0
       0
       0
       0
       0
       0
       0
       0
       0
       0
       0
       0
       0
       0
       0
       0
       0
       0
       0
       0
       0
       0
       0
       0
       0
       0
       0
       0
       0
       0
       0
       0
       0
       0
       0
       0
       0
       0
       0
       0
       0
       0
       0
       0
       0
       0
       0
       0
       0
       0
       0
       0
       0
       0
       0
       0
       0
       0
       0
       0
       0
       0
       0
       0
       0
       0
       0
       0
       0
       0
       0
       0
       0
       0
       0
       0
       0
       0
       0
       0
       0
       0
       0
       0
       0
       0
       0
       0
       0
       0
       0
       0
       0
       0
       0
       0
       0
       0
       0
       0
       0
       0
       0
       0
       0
       0
       0
       0
       0
       0
       0
       0
       0
       0
       0
       0
       0
       0
       0
       0
       0
       0
       0
       0
       0
       0
       0
       0
       0
       0
       0
       0
       0
$ROI:
1
921 1079
$PRESETS:
None
0
0
$ENER_FIT:
0.000000 6.583851
$MCA_CAL:
3
0.000000E+000 6.583851E+000 0.000000E+000 keV
$SHAPE_CAL:
3
0.000000E+000 0.000000E+000 0.000000E+000
